0.940000
1.990000
6.648936
0.110000
9.043011
0.180000
7.563830
9.537634
6.372340
3.696970
9.032258
6.212766
7.138298
8.161290
10.336957
4.989691
1.510000
2.272727
2.282828
10.130435
1.300000
3.010101
3.393939
1.250000
6.553191
2.868687
9.064516
7.925532
2.545455
2.444444
6.425532
5.421053
3.656566
1.460000
7.648936
6.563830
8.978495
6.691489
10.163043
6.861702
0.940000
1.870000
3.949495
3.878788
4.072165
7.468085
5.505263
3.595960
6.617021
2.363636
4.453608
6.595745
5.652632
0.940000
3.989899
5.136842
4.515464
6.861702
2.919192
9.849462
3.212121
7.680851
1.730000
6.361702
1.850000
5.568421
2.828283
8.688172
8.774194
2.060606
1.200000
9.322581
0.490000
4.690722
1.000000
0.360000
0.260000
6.904255
5.673684
5.378947
1.430000
6.957447
5.736842
5.231579
1.040000
8.817204
6.893617
3.181818
10.195652
4.371134
0.350000
1.960000
10.336957
7.638298
4.329897
4.608247
7.117021
6.393617
3.010101
7.893617
