100 100
116
130
4
66
182
58
62
62
114
170
130
34
88
184
156
142
190
70
36
124
154
32
82
192
118
100
134
188
24
8
152
98
166
46
98
82
10
86
184
16
50
22
136
38
68
188
8
52
88
42
114
184
44
168
90
58
98
174
58
12
158
200
144
10
176
52
62
80
26
102
138
124
194
164
62
60
90
192
184
112
96
186
174
20
190
126
164
26
100
196
84
58
192
194
108
164
108
48
120
190
94
199
651
11
875
18
737
921
625
368
874
610
697
793
995
494
151
227
228
976
130
300
338
125
642
286
877
771
254
244
630
535
364
146
745
643
869
655
979
671
94
187
393
386
405
728
543
358
648
236
442
646
557
94
397
508
448
671
291
950
320
748
173
624
185
549
282
842
850
206
120
901
49
465
100
36
26
675
559
531
143
680
565
517
104
854
674
317
982
434
35
196
995
744
430
457
695
627
300
768
