2000.000000
2000.000000
2000.000000
1643.012719
1977.293512
2000.000000
2000.000000
1178.686275
1946.143770
1774.904509
2000.000000
1917.873904
555.788732
2000.000000
1783.755236
2000.000000
1933.332974
2000.000000
2000.000000
2000.000000
2000.000000
1890.391256
2000.000000
2000.000000
2000.000000
118.033067
2000.000000
2000.000000
2000.000000
619.348649
1.404810
2000.000000
1772.037234
11.087133
2000.000000
2000.000000
521.463576
2000.000000
2000.000000
135.026713
2000.000000
1962.965300
2000.000000
368.864821
1082.679487
2000.000000
1552.847619
2000.000000
2000.000000
2000.000000
2000.000000
1963.761555
3.769076
64.220667
427.034483
2000.000000
1741.197802
2000.000000
411.423759
549.510490
1804.810606
1650.995268
2000.000000
2000.000000
1833.506083
2000.000000
1971.657648
2000.000000
2000.000000
1876.390857
1989.261881
2000.000000
2000.000000
2000.000000
2000.000000
1891.521300
1948.379384
2000.000000
2000.000000
185.682045
2000.000000
343.618380
2000.000000
2000.000000
2000.000000
2000.000000
2000.000000
1666.363215
1702.155523
46.047669
1448.077465
14.423935
249.108254
2000.000000
2000.000000
316.014925
2000.000000
2000.000000
2000.000000
1581.053763
