1000 1000
82
158
30
160
58
40
8
76
160
198
52
90
118
78
106
128
128
192
22
160
48
192
50
50
40
92
70
136
176
34
128
74
72
62
114
2
90
20
60
116
70
34
144
4
116
4
68
154
80
42
74
36
160
164
16
26
156
32
122
78
22
12
156
54
172
28
80
108
100
40
190
172
84
56
74
30
112
52
160
186
114
64
90
154
142
38
140
146
80
16
22
60
80
16
54
116
158
28
152
128
172
110
50
152
114
126
18
34
120
92
52
86
50
174
88
12
108
94
84
24
76
60
166
42
88
144
108
20
66
194
166
32
102
132
16
140
106
142
50
182
92
94
72
40
124
148
114
182
24
20
172
134
180
184
190
134
10
82
40
182
158
40
114
58
124
130
110
182
114
190
184
22
24
198
180
6
142
196
16
2
22
94
22
146
148
128
56
176
144
180
192
54
96
90
14
78
56
72
116
38
92
176
178
170
76
144
72
42
26
96
116
98
178
136
40
146
28
172
104
96
172
40
164
68
14
58
120
20
166
88
12
142
26
108
172
118
128
174
86
108
104
62
12
30
92
84
144
136
144
98
148
178
6
46
74
162
92
150
36
42
198
56
194
174
76
24
170
132
118
30
192
78
150
172
128
180
56
196
140
152
132
142
60
76
62
56
56
46
132
192
42
102
186
104
66
70
110
68
84
34
140
96
142
178
104
174
188
148
160
22
60
86
180
170
28
134
116
56
24
16
38
72
14
32
16
116
30
88
104
40
120
10
200
62
20
22
56
56
118
38
46
154
110
166
36
28
82
34
162
136
194
50
36
56
148
18
118
70
94
120
84
152
144
68
14
68
128
82
20
6
140
178
60
36
84
86
126
50
180
94
20
56
110
80
126
78
84
180
44
38
82
186
32
40
18
36
46
100
184
44
180
22
104
132
66
100
152
176
40
138
66
94
20
152
80
178
52
114
28
124
168
86
102
156
46
168
176
32
114
96
120
54
148
110
130
12
152
10
34
132
10
190
188
66
140
144
90
18
172
82
94
132
132
46
44
70
56
12
126
74
94
150
62
154
100
82
74
16
168
124
58
54
12
94
198
200
78
26
152
156
44
158
6
64
24
194
80
54
104
180
134
38
102
148
118
126
112
158
84
28
136
102
164
192
114
140
106
198
20
120
180
152
136
120
36
122
160
4
106
194
176
170
32
150
116
90
192
56
64
20
110
104
132
186
198
30
34
186
6
80
152
12
182
106
168
96
122
156
34
54
142
56
138
20
8
128
70
78
98
10
132
136
110
124
192
108
182
170
78
174
136
190
116
168
20
100
80
74
120
86
36
46
62
70
68
22
96
142
134
8
24
110
36
152
86
62
156
54
64
168
70
74
26
6
130
190
12
98
46
140
68
118
188
2
64
16
4
88
92
178
102
42
88
168
142
102
190
186
102
28
94
174
56
166
186
152
24
132
110
114
70
172
48
168
58
154
134
62
28
4
106
116
90
152
104
80
158
68
10
162
2
190
74
100
58
86
10
38
182
196
128
122
116
54
156
100
48
48
78
110
86
190
116
112
190
196
112
50
48
156
52
176
114
138
36
58
122
186
2
62
200
164
64
60
84
142
34
186
170
176
42
30
144
4
194
180
116
82
114
94
100
124
56
10
24
106
2
126
12
152
8
26
196
62
180
180
192
166
10
52
170
176
86
176
82
102
16
16
66
98
8
174
138
36
126
94
24
118
14
192
156
148
16
122
92
66
130
42
96
2
64
152
94
180
22
12
176
74
92
82
94
116
86
130
54
134
32
96
48
42
100
70
40
88
168
14
56
102
126
182
132
82
160
22
78
136
124
70
108
106
98
134
146
74
126
180
132
72
182
140
92
52
2
64
78
152
36
136
82
198
26
114
86
18
168
18
118
84
174
56
146
186
132
18
42
56
184
78
96
80
116
138
78
160
186
150
84
112
116
120
158
142
82
72
126
198
20
110
26
182
184
146
38
128
152
196
80
44
10
122
128
110
24
16
18
96
150
98
32
60
38
90
30
120
64
4
154
168
120
100
90
62
28
164
22
140
132
166
174
88
42
182
28
146
148
26
104
160
152
92
34
184
164
148
176
92
140
140
4
122
6
32
152
122
66
52
146
38
186
100
134
16
150
134
192
58
30
64
22
134
66
166
16
150
18
26
128
126
14
8
70
8
48
124
64
72
82
14
188
92
182
86
44
52
52
36
36
62
194
114
56
110
140
24
180
54
118
112
60
104
90
6
200
102
182
128
58
180
94
106
104
812
62
771
947
514
747
758
701
272
277
568
141
443
539
293
243
771
974
866
918
744
775
602
808
750
714
406
778
123
662
589
999
973
261
10
18
801
586
365
191
297
669
249
559
820
749
574
731
438
784
854
350
543
168
585
952
413
8
47
974
547
873
743
67
547
415
308
949
854
244
870
564
317
252
844
519
14
531
102
577
694
899
788
177
141
515
689
992
844
518
404
50
741
154
654
880
926
762
785
772
468
396
444
521
174
614
170
930
738
393
987
637
298
481
4
408
120
919
417
305
322
423
893
756
208
100
49
277
653
586
279
263
361
961
610
700
1
359
55
678
560
517
1000
829
11
293
56
447
781
323
813
645
681
742
834
678
108
516
363
47
756
797
539
66
452
691
625
934
279
25
811
150
152
373
560
956
919
437
229
316
170
915
367
116
778
405
534
345
514
430
44
531
54
16
249
17
46
284
759
760
167
693
878
586
928
766
584
650
497
157
677
832
689
66
882
104
470
649
971
898
803
744
751
752
991
717
223
327
208
743
11
449
274
672
897
307
918
756
56
331
513
246
138
782
256
349
858
810
673
454
979
565
657
709
95
734
399
4
389
541
926
452
851
128
508
229
561
262
217
834
530
84
318
422
47
504
591
137
869
162
482
900
211
548
713
10
583
637
533
514
912
314
900
802
218
709
740
235
611
565
972
281
414
877
33
743
179
658
798
791
811
157
545
184
911
823
577
420
951
860
619
977
503
609
602
400
100
70
604
215
686
916
344
539
44
862
699
888
618
814
917
240
588
757
231
503
124
364
768
526
429
263
154
885
101
776
465
425
779
750
483
167
990
671
900
749
45
159
788
338
500
712
317
481
725
707
126
971
254
52
310
653
280
579
451
163
944
786
121
511
552
541
917
297
325
520
797
794
668
971
279
326
437
93
195
854
878
318
213
191
309
527
347
263
784
795
957
403
568
854
690
274
786
929
824
827
41
969
680
225
875
951
117
443
922
686
273
860
29
1
857
358
666
358
909
378
999
870
328
734
810
86
658
456
411
272
607
735
530
188
617
872
94
600
831
852
764
970
170
787
571
458
460
763
694
4
744
431
54
740
916
896
54
496
327
346
34
59
261
336
254
579
440
969
669
962
901
494
713
595
157
787
120
225
237
830
351
205
194
834
690
449
339
944
805
160
167
604
450
368
219
202
354
852
564
71
79
803
645
308
290
500
525
226
567
169
844
958
495
809
666
176
224
705
719
678
815
208
777
387
708
503
337
119
94
870
358
232
243
682
875
521
803
307
369
380
896
919
412
706
494
956
208
876
793
814
762
607
845
201
221
893
522
838
578
509
954
885
76
539
31
383
14
446
373
81
835
416
145
89
307
104
407
989
690
553
631
574
569
298
256
765
531
499
553
562
98
622
803
426
272
794
295
466
64
151
741
122
365
551
451
114
137
210
534
895
92
850
972
329
980
962
383
329
457
256
74
478
240
409
872
752
83
263
824
228
818
261
380
70
895
235
249
474
183
585
386
106
982
61
199
461
481
748
199
782
772
708
844
609
767
408
204
208
861
318
768
956
152
859
742
470
199
329
0
52
49
153
756
169
92
173
979
940
867
258
544
592
647
548
156
667
706
688
959
482
633
830
632
221
874
267
827
309
241
773
395
328
760
394
698
185
527
182
595
815
698
186
167
852
592
260
110
611
963
926
451
392
36
15
927
86
222
748
702
913
707
471
345
973
384
155
548
297
839
880
66
906
249
983
206
529
584
959
112
393
336
434
623
260
848
140
952
249
660
108
642
831
457
943
799
71
384
809
42
633
113
850
0
928
268
743
348
912
429
360
448
534
335
443
419
167
297
569
730
488
592
595
914
321
549
567
919
613
700
711
519
513
679
439
289
425
957
136
642
240
575
312
562
984
401
640
414
927
322
580
663
316
719
188
765
924
819
421
314
399
686
889
154
89
649
559
521
519
861
157
345
681
806
99
759
518
252
320
5
88
411
234
387
884
48
344
385
412
984
796
451
165
688
316
278
42
519
605
93
702
655
763
827
819
701
68
914
504
373
613
165
569
147
281
467
169
873
253
70
30
709
149
364
909
615
834
350
821
303
3
283
542
245
134
536
258
321
271
433
215
293
614
920
623
930
720
547
954
437
400
114
35
166
854
65
467
747
402
674
840
230
134
99
148
980
930
736
102
772
189
409
877
922
306
492
650
146
113
501
568
110
358
347
720
948
599
709
215
360
949
578
276
159
910
74
356
158
696
110
324
817
745
555
