8.540404
7.558022
8.631313
6.231621
9.165657
3.243216
7.578204
2.059178
7.278507
5.807654
0.423000
7.899092
9.189899
5.348439
8.320202
0.543000
9.581818
1.002002
6.414904
9.510101
5.868077
1.985986
7.728557
5.215509
8.172727
5.209466
0.863000
4.962739
9.521212
3.018090
4.292044
1.117117
9.235354
8.544444
5.079557
8.815152
6.984894
5.281974
2.048144
1.965966
1.183183
9.876768
4.709970
0.451000
0.839000
2.464393
9.379798
3.644221
5.649547
9.563636
4.043303
8.858586
0.099000
2.927783
7.605449
0.132000
6.203424
5.293051
1.974975
5.278953
7.822402
0.621000
8.120202
4.926485
5.051360
7.024218
0.013000
8.719192
7.052472
3.951759
0.543000
3.400000
1.994995
7.004036
1.252252
3.436181
2.827482
1.434434
5.548842
4.075529
6.834844
5.618328
8.812121
2.443330
6.010070
8.400000
5.628399
4.658610
5.434038
5.175227
2.151454
5.177241
5.812689
6.648540
3.485427
0.062000
7.080727
8.897980
3.096482
5.343404
5.946626
7.055499
6.758308
6.281974
6.425982
3.943719
8.672727
3.705528
0.010000
8.344444
6.977845
9.516162
5.017120
1.673674
7.122099
7.830474
0.608000
4.806647
4.192346
0.298000
4.504532
5.724068
0.849000
7.575177
4.730111
2.822467
10.006061
7.873865
7.866801
5.808661
4.237664
2.262788
4.713998
4.001007
3.900503
5.477341
1.924925
3.698492
9.057576
4.440081
4.986908
7.636731
0.715000
8.989899
7.296670
9.809091
0.820000
6.156093
4.105740
4.539778
2.424273
0.799000
4.062437
2.732197
3.005025
1.290290
3.561809
0.869000
0.660000
5.359517
0.867000
7.551968
3.144724
3.149749
3.153769
5.729104
7.749748
2.601805
2.440321
6.088620
5.744209
3.483417
0.106000
3.216080
0.689000
9.097980
3.811055
1.616617
7.124117
5.640483
6.869084
6.220544
9.647475
3.234171
8.233333
8.760606
5.283988
0.693000
8.941414
1.792793
9.555556
2.518556
1.111111
1.176176
6.271903
4.623364
1.639640
8.158586
9.172727
8.840404
7.722503
5.861027
3.619095
6.221551
4.941591
1.217217
3.024121
7.146317
3.543719
2.737212
9.215152
4.437059
2.615848
6.349446
7.877901
9.288889
3.435176
7.221998
2.713139
3.552764
2.956871
1.726727
2.219659
6.813696
6.975831
2.748245
2.900702
6.356495
8.420202
1.687688
9.404040
6.829809
1.472472
3.082412
3.645226
7.872856
3.401005
9.906061
9.604040
6.154079
5.722054
4.644512
1.002002
3.134673
5.022155
8.835354
6.734139
9.234343
0.849000
3.617085
4.292044
9.371717
4.236657
7.593340
9.336364
6.392749
8.257576
6.486405
5.940584
7.512614
3.431156
1.305305
6.099698
3.514573
5.023162
8.765657
1.387387
8.754545
7.697275
0.463000
1.144144
0.518000
8.929293
9.021212
1.084084
0.990000
8.590909
2.549649
4.582075
5.012085
5.512588
9.794949
8.800000
9.367677
2.254764
4.482377
6.865055
1.273273
2.849549
6.951662
8.275758
8.095960
8.787879
7.738648
3.140704
2.364092
2.708124
5.259819
3.952764
8.163636
7.696266
6.263847
4.383686
7.776993
6.078550
6.323263
3.826131
7.883956
8.113131
3.655276
1.749750
1.370370
4.117825
9.501010
6.759315
2.183551
7.645812
6.872105
8.608081
8.489899
3.657286
1.773774
8.081818
7.914228
3.778894
4.158107
0.068000
1.140140
8.315152
1.965966
2.426279
7.574168
6.111782
4.836858
3.904523
7.022200
5.358510
2.316951
7.063572
2.775326
6.850957
6.011078
4.358510
5.026183
0.691000
9.056566
4.055388
8.629293
2.445336
9.495960
7.766902
5.795569
0.774000
3.495477
5.519637
3.800000
4.289023
7.378406
6.009063
7.746720
8.506061
1.316316
6.473313
5.838872
4.276939
9.803030
6.948640
6.434038
10.005051
7.384460
7.390515
7.838547
2.546640
8.091919
10.052525
8.246465
5.970796
1.086086
0.915000
4.238671
8.470707
3.539698
0.053000
2.972919
2.990973
3.255276
8.610101
9.846465
1.909910
0.734000
2.971916
7.645812
5.607251
6.254783
3.905528
9.684848
5.877140
1.917918
3.981910
2.413240
7.660949
3.670352
4.567976
5.044310
4.149043
8.317172
7.636731
1.706707
6.837865
9.888889
4.271903
2.455366
3.007035
9.329293
0.033000
6.691843
4.254783
3.945729
5.461229
7.065590
2.142427
4.949648
1.712713
7.699294
5.946626
1.240240
3.324623
0.968000
7.195762
1.058058
4.133938
5.507553
8.710101
4.882175
4.903323
7.510595
1.567568
9.163636
4.195368
9.918182
5.144008
3.117588
7.705348
1.657658
3.835176
5.736153
2.245737
5.605237
7.486377
1.078078
4.029204
5.157100
1.642643
5.189325
4.182276
2.252758
2.766299
1.451451
6.433031
3.782915
4.077543
5.839879
2.903711
8.420202
2.785356
3.928643
6.980866
6.867069
9.952525
9.407071
6.981873
1.486486
5.216516
7.273461
2.733200
4.748238
1.567568
1.100100
9.485859
4.257805
9.336364
4.707956
1.094094
9.436364
8.207071
2.926780
2.978937
7.139253
6.233635
2.562688
7.306761
7.589304
7.701312
0.759000
9.668687
7.125126
5.894260
5.902316
0.186000
2.971916
4.417925
5.884189
1.899900
9.579798
6.654582
7.871847
3.746734
1.787788
9.163636
8.901010
4.656596
9.271717
1.368368
0.632000
3.020101
5.199396
2.610832
1.439439
3.878392
9.725253
2.484453
8.259596
6.744209
0.789000
7.668012
2.922768
5.501511
4.364552
8.272727
8.411111
10.038384
3.195980
6.654582
2.283852
1.810811
9.461616
5.050352
7.490414
7.812311
6.426989
3.244221
9.214141
5.674723
7.457114
2.123370
9.575758
5.764350
8.382828
9.783838
2.627884
9.132323
0.125000
1.824825
2.147442
0.684000
8.234343
5.384693
1.151151
6.966767
5.266868
0.472000
5.839879
7.816347
0.080000
1.488488
5.698892
0.584000
6.127895
7.832492
3.745729
9.323232
1.758759
9.981818
1.906907
4.128902
2.595787
4.936556
8.023232
4.312185
8.176768
7.421796
3.714573
5.717019
2.511535
7.120081
4.810675
5.992951
4.365559
2.502508
4.987915
5.236657
0.576000
3.672362
8.433333
8.791919
2.160481
8.768687
8.585859
5.128902
4.626385
4.440081
7.403633
1.383383
1.387387
1.368368
8.819192
9.413131
2.138415
7.355197
8.728283
0.370000
3.350754
2.739218
2.973922
9.507071
8.022222
7.230071
4.865055
2.882648
5.680765
6.731118
9.324242
2.961886
7.512614
4.127895
2.132397
4.576032
2.610832
4.623364
4.221551
1.331331
1.019019
6.582075
2.054162
7.912210
6.573011
4.393756
9.032323
5.030211
1.055055
1.922923
5.919436
6.485398
4.797583
8.360606
4.856999
0.101000
0.159000
1.585586
4.977845
1.178178
4.650554
7.309788
4.037261
1.634635
9.128283
7.479314
4.334340
7.491423
1.512513
5.583082
6.538771
1.646647
5.436052
0.563000
7.948537
8.809091
3.978894
4.687815
3.475377
7.162462
3.860302
0.983000
1.173173
3.104523
8.031313
6.151057
1.276276
2.066199
8.010101
2.523571
7.659939
4.715005
8.398990
7.693239
8.330303
6.395770
4.773414
8.018182
5.187311
6.080564
2.407222
9.708081
9.250505
1.151151
5.944612
5.167170
1.394394
0.006000
1.591592
1.458458
2.383149
9.298990
4.368580
4.762336
1.608609
0.547000
7.083754
5.041289
6.319235
1.000000
1.136136
6.199396
0.453000
1.514515
6.332326
7.215943
6.993958
2.651956
5.833837
5.147029
7.439960
7.360242
2.551655
5.818731
3.671357
6.462236
6.502518
2.427282
3.415075
2.233701
9.063636
0.785000
4.529708
3.648241
7.440969
6.416918
1.904905
0.166000
1.341341
1.113113
1.706707
9.744444
5.120846
4.077543
4.777442
2.650953
0.815000
1.009009
8.239394
0.278000
0.765000
2.762287
6.628399
2.697091
8.254545
8.896970
0.000000
1.716717
6.132931
7.008073
4.519637
1.212212
1.158158
7.490414
1.811812
1.330330
5.187311
4.365559
8.266667
1.828829
7.781029
0.351000
3.442211
3.430151
2.669007
8.379798
0.805000
6.045317
6.629406
2.891675
8.071717
4.115811
2.607823
7.413724
0.091000
1.645646
1.460460
2.682046
6.760322
6.054381
8.724242
8.929293
2.781344
7.710394
5.032226
9.384848
8.218182
2.689067
9.880808
5.067472
8.982828
4.570997
6.368580
7.127144
6.039275
6.687815
0.787000
4.993958
1.149149
8.278788
4.742195
2.202608
6.633434
4.757301
8.926263
2.642929
9.665657
9.063636
5.895267
4.382679
6.402820
0.926000
0.302000
4.975831
5.805639
7.878910
7.369324
6.231621
7.206862
1.989990
3.038191
4.327291
6.289023
2.038114
3.270352
1.286286
8.609091
7.866801
9.026263
2.068205
9.766667
3.297487
7.491423
2.584754
6.961732
8.501010
2.425276
0.352000
5.210473
3.576884
5.287009
2.697091
9.288889
7.082745
6.550856
2.470411
8.978788
4.967774
3.536683
5.112790
3.227136
4.485398
5.352467
7.804238
9.690909
6.386707
2.366098
0.922000
1.614615
2.351053
4.031219
9.855556
9.782828
0.309000
5.550856
1.271271
0.211000
1.547548
1.540541
5.076536
9.016162
7.605449
2.040120
10.017172
3.458291
1.844845
3.406030
9.343434
6.901309
7.304743
2.127382
7.770938
9.545455
6.514602
9.903030
5.002014
0.943000
5.783484
5.431017
0.204000
1.994995
0.848000
9.679798
4.481370
9.235354
7.535822
6.167170
1.856857
1.430430
1.927928
7.749748
2.113340
2.577733
9.894949
2.733200
3.698492
7.361251
7.130172
6.012085
2.820461
3.280402
1.482482
4.605237
9.909091
3.226131
1.823824
1.060060
6.203424
4.093656
3.208040
3.620101
4.187311
1.883884
7.499495
0.859000
0.364000
1.778779
0.931000
5.757301
1.023023
6.424975
1.004004
5.693857
1.291291
8.749495
9.785859
0.206000
6.297080
9.272727
2.018054
3.579899
9.333333
9.450505
1.250250
1.384384
7.779011
5.657603
7.262361
3.623116
7.636731
4.584089
3.464322
6.984894
1.612613
2.326981
8.588889
2.739218
8.535354
3.614070
10.032323
8.979798
7.278507
4.597180
4.945619
9.622222
9.112121
7.325933
7.919273
8.198990
2.870612
6.541793
6.495468
1.618619
0.889000
1.847848
8.357576
0.235000
2.318957
7.071645
3.627136
2.467402
5.328298
1.888889
1.317317
6.550856
0.460000
3.275377
9.739394
6.685801
