1000 1000
496
1698
226
1110
960
1522
1182
1132
106
1350
1790
726
62
1192
1922
352
850
1212
1280
1796
1036
1942
272
688
1048
124
1294
698
1164
262
1478
1690
1124
1976
430
342
822
904
146
1860
152
82
1014
1508
1896
772
910
128
1922
208
1624
1142
6
1964
1764
138
286
820
1872
1482
946
938
1552
798
1224
1462
314
1364
928
1000
1330
1118
494
1022
1304
1906
922
72
1180
1934
1024
1838
1962
1866
1332
26
742
1516
804
960
1808
848
810
334
1080
1164
704
288
1888
534
1430
1486
346
974
968
1094
774
1764
1194
16
1496
1756
244
1952
1744
444
740
424
598
30
338
1862
56
682
1058
586
1220
626
1584
1308
1406
1638
1016
14
68
1284
1620
862
146
944
608
1426
150
700
1022
1942
1552
576
1096
1536
1844
986
686
298
166
1484
358
646
420
1298
1964
660
996
976
1612
826
1258
734
844
1660
616
60
270
436
1172
1440
556
1918
870
752
1302
116
620
536
1374
50
312
376
92
562
1978
1016
208
412
1320
240
1518
896
1274
36
1014
1062
444
580
1400
1612
1782
628
998
1908
1736
310
1008
1612
1734
38
122
440
816
448
1494
850
372
492
1156
1332
402
1454
1044
1186
124
1622
1452
1152
1746
1592
24
868
66
704
1470
1962
770
976
600
1514
948
228
1722
1498
310
1706
1914
1412
874
1046
614
902
1442
1468
48
1870
284
116
90
1762
1684
1422
1150
302
744
326
1344
248
1540
546
1374
678
1020
1750
598
610
580
360
1498
206
1092
766
32
146
274
322
414
1390
264
240
1386
938
992
1664
384
1028
1510
186
1898
952
352
1424
1650
1014
1152
1168
4
1748
164
812
580
686
1552
1130
1572
472
1144
1380
698
40
1912
1030
1320
850
1968
1626
1232
1900
920
1448
726
802
1376
1026
58
940
1504
1302
442
1776
848
1820
1200
1308
1976
1316
788
134
1358
1350
1226
634
1812
976
1660
1164
1346
842
1760
1064
1674
1308
1678
202
296
994
974
1152
1312
1216
816
118
1216
1162
1398
1872
1630
1624
1592
1390
1998
1024
188
276
1622
844
682
1456
1000
870
888
1806
1888
1714
1916
1158
378
436
1864
1308
1654
1388
42
1770
1102
1594
452
634
998
358
1568
1792
1774
718
1698
1560
1172
1400
1656
1506
434
532
82
1570
1270
1600
996
284
1336
882
350
136
1760
120
342
1262
204
1234
814
170
1784
1348
1630
966
1186
1590
630
890
1056
530
916
1534
290
518
1534
294
802
938
1944
912
300
420
1786
382
444
1900
1564
1530
1898
1974
260
172
970
62
342
1164
1414
724
588
1682
1596
274
508
1480
1578
1416
198
1340
372
1192
456
374
432
1444
790
506
1716
1796
252
40
1804
1170
130
308
838
1744
176
1720
1286
982
1114
738
1234
226
366
664
368
1324
1452
1614
1940
1476
948
1282
748
270
382
1972
1966
60
1576
558
378
1028
1136
518
1544
242
1268
1626
1320
586
1518
324
174
332
1862
818
458
1152
1198
500
914
496
1912
238
1886
1136
220
86
692
1554
1286
354
1878
1538
1460
306
1278
1746
412
566
122
1912
626
1770
544
218
1332
14
698
934
338
1952
916
268
368
294
1412
1142
692
820
424
1032
492
1340
1910
280
260
1908
1674
1054
1932
1396
1284
638
274
454
1508
60
1774
502
1834
1262
1392
1424
1634
1620
1648
846
1034
962
1778
1560
1620
1120
376
1348
968
1318
1510
1256
1362
986
942
1518
888
1028
1230
88
1704
1748
1230
1380
1562
392
768
762
1436
114
1216
852
1554
1464
476
76
1360
1254
1506
1610
946
1514
1258
1342
572
762
1018
1868
1518
640
1030
1028
512
500
714
1418
998
1730
530
1636
1552
798
1932
1668
340
1254
974
1320
1494
1338
74
348
86
1854
644
1362
1592
46
1818
58
1152
670
1068
1412
742
1210
470
1404
836
1944
706
694
114
588
528
204
1200
1240
452
1038
428
1486
478
446
684
1890
874
836
1354
1706
1600
28
624
1612
1230
1258
1020
1062
420
812
1400
134
948
510
212
4
1794
784
938
606
1300
478
1852
656
402
1726
1072
1192
1172
1932
1448
1466
976
1956
944
1954
62
882
250
624
40
1414
1914
1896
810
222
1546
940
456
1906
462
1166
216
1880
1666
278
1100
162
934
1550
1496
1282
366
1620
250
34
1974
1944
276
662
514
694
1378
350
524
1826
1296
1214
572
8
1074
1486
1944
1130
794
434
78
634
302
738
226
320
1370
1092
690
488
1960
114
560
1452
160
500
76
1000
980
544
300
1428
306
1188
936
68
1532
314
300
1334
192
724
1150
838
1322
946
754
296
750
448
1064
704
886
494
310
1390
342
1144
982
710
528
1698
876
780
1888
1816
274
1940
518
1462
1032
1784
64
26
748
828
586
1868
192
398
1518
654
866
988
362
1222
1814
1890
1872
134
1470
1830
1952
896
1122
1534
974
116
328
1556
1828
1566
636
298
1092
1676
8
884
468
638
1672
1572
508
1870
270
756
742
80
1358
230
1694
1654
1466
236
1646
1260
154
1488
1054
240
1538
1404
662
1958
1372
1904
1490
1520
6
1010
1944
616
748
694
1214
866
1692
838
1692
698
718
712
1898
68
1408
824
1066
302
1298
106
1446
1376
498
76
1666
1044
510
1646
366
1750
298
1132
854
928
1966
1198
1454
1214
1402
586
430
358
1754
884
784
2
1226
1294
8496
7523
8586
6207
9115
3238
7543
2058
7246
5786
423
7861
9139
5330
8278
543
9527
1002
6389
9456
5846
1985
7692
5198
8132
5192
863
4947
9467
3014
4281
1117
9184
8500
5063
8768
6955
5264
2047
1965
1183
9819
4696
451
839
2462
9327
3637
5629
9509
4034
8811
99
2924
7570
132
6179
5275
1974
5261
7785
621
8080
4911
5035
6994
13
8673
7022
3943
543
3394
1994
6974
1252
3430
2824
1434
5529
4066
6806
5598
8765
2441
5987
8357
5608
4645
5415
5158
2150
5160
5791
6621
3479
62
7050
8850
3092
5325
5924
7025
6730
6257
6400
3935
8627
3698
10
8302
6948
9462
5001
1673
7091
7793
608
4792
4182
298
4492
5703
849
7540
4716
2819
9947
7836
7829
5787
4227
2261
4700
3992
3892
5458
1924
3691
9008
4428
4971
7601
715
8941
7264
9752
820
6132
4096
4527
2422
799
4053
2729
3001
1290
3555
869
660
5341
867
7517
3140
3145
3149
5708
7713
2599
2438
6065
5723
3477
106
3211
689
9048
3803
1616
7093
5620
6840
6196
9592
3229
8192
8714
5266
693
8893
1792
9501
2516
1111
1176
6247
4610
1639
8118
9122
8793
7686
5839
3612
6197
4926
1217
3020
7115
3537
2734
9164
4425
2613
6324
7840
9237
3429
7190
2710
3546
2953
1726
2218
6785
6946
2745
2897
6331
8377
1687
9351
6801
1472
3078
3638
7835
3395
9848
9549
6130
5701
4631
1002
3130
5006
8788
6706
9183
849
3610
4281
9319
4226
7558
9284
6367
8216
6460
5918
7478
3425
1305
6076
3508
5007
8719
1387
8708
7661
463
1144
518
8881
8972
1084
990
8546
2547
4569
4996
5493
9738
8753
9315
2253
4470
6836
1273
2846
6922
8234
8056
8741
7702
3136
2362
2705
5242
3944
8123
7660
6239
4372
7740
6055
6298
3818
7846
8073
3648
1749
1370
4108
9447
6731
2182
7610
6843
8563
8446
3650
1773
8042
7876
3771
4148
68
1140
8273
1965
2424
7539
6088
4822
3896
6992
5340
2315
7033
2772
6822
5988
4347
5010
691
9007
4046
8584
2443
9442
7730
5774
774
3489
5500
3792
4278
7345
5986
7710
8462
1316
6447
5817
4266
9746
6919
6408
9946
7351
7357
7801
2544
8052
9993
8205
5948
1086
915
4228
8427
3533
53
2969
2987
3250
8565
9789
1909
734
2968
7610
5587
6230
3897
9629
5855
1917
3973
2411
7625
3663
4555
5028
4139
8275
7601
1706
6809
9831
4261
2453
3003
9277
33
6664
4244
3937
5442
7035
2141
4934
1712
7663
5924
1240
3319
968
7164
1058
4124
5488
8664
4867
4888
7476
1567
9113
4185
9860
5127
3113
7669
1657
3827
5715
2244
5585
7452
1078
4020
5140
1642
5172
4172
2251
2763
1451
6407
3775
4068
5818
2900
8377
2782
3920
6951
6838
9894
9354
6952
1486
5199
7241
2730
4734
1567
1100
9432
4247
9284
4694
1094
9383
8166
2923
2975
7108
6209
2560
7274
7554
7665
759
9613
7094
5872
5880
186
2968
4406
5862
1899
9525
6627
7834
3739
1787
9113
8853
4643
9220
1368
632
3016
5182
2608
1439
3870
9669
2482
8218
6716
789
7632
2919
5482
4353
8231
8368
9979
3191
6627
2282
1810
9408
5034
7456
7775
6401
3239
9163
5654
7423
2122
9521
5743
8340
9727
2625
9082
125
1824
2146
684
8193
5366
1151
6937
5249
472
5818
7779
80
1488
5678
584
6104
7795
3738
9271
1758
9923
1906
4119
2593
4921
7984
4301
8136
7388
3707
5696
2509
7089
4796
5970
4354
2500
4972
5219
576
3665
8390
8745
2159
8722
8541
5112
4613
4428
7370
1383
1387
1368
8772
9360
2137
7322
8682
370
3345
2736
2970
9453
7983
7198
4850
2879
5660
6703
9272
2958
7478
4118
2131
4563
2608
4610
4211
1331
1019
6555
2053
7874
6546
4382
8983
5014
1055
1922
5897
6459
4783
8318
4842
101
159
1585
4962
1178
4637
7277
4028
1634
9078
7445
4323
7457
1512
5563
6512
1646
5417
563
7910
8762
3970
4674
3469
7131
3852
983
1173
3100
7992
6127
1276
2065
7971
2521
7624
4701
8356
7657
8288
6370
4759
7979
5170
6057
2405
9652
9199
1151
5922
5150
1394
6
1591
1458
2381
9247
4357
4748
1608
547
7053
5025
6294
1000
1136
6175
453
1514
6307
7184
6964
2649
5812
5130
7406
7327
2549
5797
3664
6436
6476
2425
3409
2232
9014
785
4517
3641
7407
6391
1904
166
1341
1113
1706
9688
5104
4068
4763
2648
815
1009
8198
278
765
2759
6601
2694
8213
8849
0
1716
6109
6978
4507
1212
1158
7456
1811
1330
5170
4354
8225
1828
7744
351
3436
3424
2666
8337
805
6022
6602
2888
8032
4106
2605
7380
91
1645
1460
2679
6732
6031
8678
8881
2778
7674
5016
9332
8177
2686
9823
5051
8934
4558
6343
7096
6016
6660
787
4978
1149
8237
4728
2201
6606
4743
8878
2640
9610
9014
5873
4371
6377
926
302
4960
5784
7841
7336
6207
7175
1989
3034
4316
6264
2037
3265
1286
8564
7829
8977
2067
9710
3292
7457
2582
6932
8457
2423
352
5193
3570
5269
2694
9237
7052
6524
2468
8930
4952
3530
5096
3222
4473
5334
7767
9635
6361
2364
922
1614
2349
4022
9798
9726
309
5531
1271
211
1547
1540
5060
8967
7570
2039
9958
3452
1844
3400
9291
6872
7272
2126
7734
9491
6488
9845
4986
943
5762
5412
204
1994
848
9624
4469
9184
7501
6143
1856
1430
1927
7713
2112
2575
9837
2730
3691
7328
7099
5989
2817
3275
1482
4592
9851
3221
1823
1060
6179
4084
3203
3613
4177
1883
7465
859
364
1778
931
5736
1023
6399
1004
5673
1291
8703
9729
206
6272
9221
2017
3573
9281
9397
1250
1384
7742
5637
7230
3616
7601
4571
3458
6955
1612
2325
8544
2736
8491
3607
9973
8931
7246
4584
4930
9567
9062
7293
7881
8158
2867
6515
6469
1618
889
1847
8315
235
2317
7041
3620
2465
5310
1888
1317
6524
460
3270
9683
6658
