505.861621
416.089997
212.837045
2000.000000
1962.212323
1485.348127
1987.948169
476.665471
2000.000000
2000.000000
2000.000000
738.590023
2000.000000
1742.712749
2000.000000
2000.000000
2000.000000
2000.000000
26.385725
1323.330253
2000.000000
260.236789
2000.000000
672.692634
1355.816002
2000.000000
2000.000000
2000.000000
2000.000000
2000.000000
2000.000000
2000.000000
2000.000000
1658.383906
2000.000000
772.837511
1991.090588
2000.000000
430.195962
493.694315
1953.499947
1368.272287
2000.000000
1688.469379
435.708772
2000.000000
2000.000000
1968.283746
2000.000000
2000.000000
1352.585044
2000.000000
413.535357
2000.000000
1365.108240
432.037037
2000.000000
2000.000000
1989.168488
1913.288230
2000.000000
1958.262927
1774.734930
491.727731
1693.286886
1510.819466
1866.402148
1805.064412
2000.000000
648.664505
2000.000000
2000.000000
189.876463
2000.000000
342.577057
1872.912605
662.634276
2000.000000
473.548478
1224.174464
1535.595870
38.283109
2000.000000
2000.000000
52.670083
2000.000000
1783.427482
1750.303707
2000.000000
449.825117
251.891244
87.478437
2000.000000
276.333976
2000.000000
2000.000000
1328.893289
1658.977916
2000.000000
1696.376433
1638.340153
2000.000000
2000.000000
153.446230
1628.399810
2000.000000
1635.073446
504.994026
2000.000000
2000.000000
344.617607
2000.000000
2000.000000
1473.101065
1990.222503
1730.073244
2000.000000
2000.000000
2000.000000
2000.000000
1518.802363
1838.375134
2000.000000
2000.000000
1554.482771
2000.000000
1762.709986
2000.000000
2000.000000
2000.000000
1939.299223
101.454596
457.506638
1951.662347
372.490249
401.854573
2000.000000
2000.000000
2000.000000
2000.000000
713.081287
2000.000000
1629.775020
2000.000000
2000.000000
2000.000000
436.174073
1874.455045
1607.198854
2000.000000
2000.000000
1881.084166
2000.000000
2000.000000
2000.000000
2000.000000
2000.000000
1576.050585
294.413749
1650.226320
170.791682
2000.000000
907.735908
2000.000000
2000.000000
2000.000000
1925.793241
1850.243882
2000.000000
1763.577964
148.932269
683.025245
2000.000000
336.825676
1447.229407
2000.000000
1627.149992
2000.000000
1421.149694
1412.504216
2000.000000
2000.000000
2000.000000
2000.000000
2000.000000
2000.000000
1079.531477
2000.000000
2000.000000
1715.840852
2000.000000
47.422709
1902.237799
2000.000000
354.841302
1763.520978
2000.000000
138.802600
1222.056903
2000.000000
2000.000000
1621.002403
1635.597458
2000.000000
379.846585
1465.415546
1165.132353
2000.000000
2000.000000
1811.925320
2000.000000
2000.000000
1300.604574
2000.000000
2000.000000
1656.619423
272.750377
2000.000000
2000.000000
91.146486
2000.000000
1545.773708
2000.000000
2000.000000
2000.000000
362.068555
2000.000000
1994.170678
2000.000000
1928.380588
2000.000000
2000.000000
2000.000000
1833.939296
1535.509034
2000.000000
2000.000000
2000.000000
2000.000000
2000.000000
48.617257
1823.799782
2000.000000
2000.000000
2000.000000
1785.635672
121.150137
1562.169101
1845.900970
1941.312434
559.492453
2000.000000
1809.127851
2000.000000
1683.905130
2000.000000
1396.979510
2000.000000
1242.820938
417.712581
1729.093246
2000.000000
1141.873861
1138.609319
2000.000000
2000.000000
2000.000000
2000.000000
2000.000000
1640.359932
2.069564
2000.000000
1922.354088
2000.000000
2000.000000
2000.000000
2000.000000
1805.001858
2000.000000
227.916979
1658.783391
2000.000000
2000.000000
62.127069
2000.000000
2000.000000
1726.679621
499.071105
48.392330
154.600450
2000.000000
1541.573017
1588.102044
2000.000000
2000.000000
1345.547050
55.298749
1999.394834
1713.115454
145.798830
242.812640
2000.000000
1604.050978
2000.000000
2000.000000
2000.000000
2000.000000
2000.000000
2000.000000
2000.000000
1754.109377
1574.582370
2000.000000
2000.000000
2000.000000
2000.000000
2000.000000
2000.000000
294.531338
1557.887507
2000.000000
2000.000000
1920.744438
621.446847
1984.169650
2000.000000
1948.015632
1843.659874
745.426527
317.678535
1785.927185
2000.000000
675.755064
1055.938053
1981.960796
1874.645516
31.032011
2000.000000
2000.000000
73.726635
2000.000000
1736.112575
2000.000000
2000.000000
2000.000000
206.962805
1889.582078
49.890635
2000.000000
2000.000000
2000.000000
1993.930458
1661.883497
86.559943
2000.000000
1763.413802
2000.000000
413.319824
2000.000000
2000.000000
2000.000000
2000.000000
1888.266974
2000.000000
834.838235
2000.000000
2000.000000
2000.000000
1619.311928
1377.098536
1755.588562
2000.000000
2000.000000
516.486525
2000.000000
2000.000000
1830.195725
2000.000000
1866.596351
1914.132022
2000.000000
750.504142
2000.000000
2000.000000
648.281365
2000.000000
1710.807563
2000.000000
2000.000000
41.311919
234.442054
152.933758
2000.000000
2000.000000
117.025629
2000.000000
1421.790429
569.083506
1298.170610
2000.000000
1813.967473
2000.000000
1675.790776
774.674793
1428.879462
1571.340739
2000.000000
1427.172470
174.363087
2000.000000
2000.000000
2000.000000
1477.759163
10.140356
136.888323
2000.000000
2000.000000
2000.000000
2000.000000
1966.062766
25.352687
1812.071385
1428.915160
1481.651897
2000.000000
2000.000000
204.295172
1761.366579
501.021580
2000.000000
2000.000000
1450.903126
2000.000000
2000.000000
1808.698260
1153.737715
1962.812136
557.170518
2000.000000
2000.000000
932.112536
2000.000000
687.796995
2000.000000
2000.000000
2000.000000
100.082257
2000.000000
380.345962
1885.596023
2000.000000
1286.262539
2000.000000
2000.000000
2000.000000
300.582418
1999.585744
1616.524794
2000.000000
2000.000000
1751.505443
2000.000000
1608.871975
2000.000000
1819.931954
2000.000000
2000.000000
1991.511210
171.619208
1979.601803
1247.376789
2000.000000
1993.210542
2000.000000
686.095511
2000.000000
246.789118
393.419016
76.985180
1478.541718
1748.731441
1524.965693
2000.000000
2000.000000
2000.000000
94.836755
2000.000000
2000.000000
2000.000000
1991.340234
2000.000000
2000.000000
1589.796896
1066.556196
2000.000000
0.000000
1755.036719
2000.000000
2000.000000
1781.064076
2000.000000
2000.000000
2000.000000
2000.000000
2000.000000
287.215812
2000.000000
2000.000000
2000.000000
2000.000000
2000.000000
1786.855406
1966.390393
2000.000000
101.993203
2000.000000
1440.534355
951.568000
1683.483970
615.640484
2000.000000
2000.000000
1898.421170
1387.074406
2000.000000
635.253817
3.418107
2000.000000
727.253142
790.072566
1607.212766
2000.000000
1654.683513
1888.019480
2000.000000
1678.338861
636.759279
2000.000000
2000.000000
2000.000000
2000.000000
2000.000000
2000.000000
2000.000000
1620.093620
1156.702989
2000.000000
2000.000000
2000.000000
1561.317237
1611.444969
1501.322574
1298.494835
545.238241
1923.742860
484.711132
2000.000000
2000.000000
2000.000000
1059.839607
2000.000000
1721.774510
1754.995768
2000.000000
1727.536689
2000.000000
1943.468216
2000.000000
2000.000000
2000.000000
375.475758
1776.187869
195.874179
1730.269609
2000.000000
786.576092
2000.000000
1801.222886
2000.000000
2000.000000
1500.193027
2000.000000
2000.000000
2000.000000
2000.000000
2000.000000
2000.000000
2000.000000
1472.934869
1753.904024
2000.000000
121.837323
2000.000000
2000.000000
2000.000000
2000.000000
2000.000000
2000.000000
1289.760027
2000.000000
2000.000000
642.148128
2000.000000
2000.000000
1743.811022
2000.000000
366.568575
137.288745
2000.000000
1737.292881
1794.034020
1898.128914
39.361314
35.194306
2000.000000
1285.544856
2000.000000
1666.096948
368.723676
1443.961298
2000.000000
2000.000000
2000.000000
1677.220444
2000.000000
2000.000000
293.561918
2000.000000
2000.000000
1948.605302
2000.000000
1887.340514
2000.000000
2000.000000
2000.000000
135.914140
2000.000000
1790.972376
2000.000000
412.990346
2000.000000
2000.000000
521.707559
38.913306
333.805805
1459.766040
2000.000000
292.339293
65.748956
2000.000000
1155.713927
2000.000000
2000.000000
1891.643066
1537.535806
2000.000000
2000.000000
1498.683825
2000.000000
312.504636
804.922577
2000.000000
1913.021768
1596.500835
2000.000000
210.012751
1427.369313
2000.000000
2000.000000
1941.423061
36.007174
1427.557335
1631.549338
2000.000000
2000.000000
2000.000000
2000.000000
2000.000000
1730.808281
2000.000000
1608.192773
1494.485623
2000.000000
1478.014663
1889.394311
2000.000000
1918.768043
2000.000000
2000.000000
254.563145
2000.000000
2000.000000
2000.000000
2000.000000
2000.000000
1919.447208
1464.098845
2000.000000
1515.703455
2000.000000
2000.000000
2000.000000
258.929283
1785.297349
758.487439
2000.000000
2000.000000
120.662832
2000.000000
390.905679
2000.000000
2000.000000
2000.000000
2000.000000
2000.000000
1792.346918
2000.000000
1953.979397
1784.004827
2000.000000
2000.000000
228.620993
2000.000000
2000.000000
2000.000000
593.170037
524.081306
2000.000000
1986.832538
2000.000000
2000.000000
5.987514
1643.361709
1910.862065
1217.585212
66.563459
124.602586
1729.227509
1359.147197
1859.372485
2000.000000
14.578744
2000.000000
2000.000000
2000.000000
2000.000000
1908.093369
2000.000000
2000.000000
1709.563527
279.193308
76.423410
1629.014071
1505.966478
255.609390
2000.000000
2000.000000
1998.612670
1733.338923
2000.000000
404.372739
2000.000000
2000.000000
721.913366
2000.000000
2000.000000
2000.000000
1350.495198
1430.616840
587.625632
2000.000000
1551.764061
2000.000000
2000.000000
2000.000000
609.914445
1462.120241
145.045497
1335.035207
2000.000000
2000.000000
347.124199
1250.330189
30.291080
2000.000000
2000.000000
2000.000000
912.099119
436.552784
2000.000000
2000.000000
2000.000000
312.042741
1867.267682
1700.922507
2000.000000
286.663688
2000.000000
361.908949
2000.000000
2000.000000
2000.000000
1367.888558
221.036582
2000.000000
177.306965
1960.855266
2000.000000
2000.000000
1940.762047
2000.000000
2000.000000
2000.000000
1754.488031
1729.757041
134.569942
2000.000000
2000.000000
2000.000000
1988.338401
2000.000000
2000.000000
2000.000000
1727.629406
2000.000000
2000.000000
2000.000000
1937.534757
1772.199613
2000.000000
2000.000000
2000.000000
1992.262537
160.508812
493.966316
2000.000000
2000.000000
2000.000000
1738.706416
1995.131227
2.035134
1915.299410
2000.000000
56.381195
2000.000000
2000.000000
1598.323505
2000.000000
2000.000000
2000.000000
394.576424
2000.000000
1682.063184
2000.000000
2000.000000
1935.520758
643.231304
2000.000000
1546.090004
2000.000000
56.464396
2000.000000
2000.000000
2000.000000
253.296390
1615.475566
1740.152165
2000.000000
2000.000000
2000.000000
2000.000000
1545.483772
1949.085814
2000.000000
2000.000000
2000.000000
2000.000000
1963.148472
1638.181634
542.719679
2000.000000
2000.000000
0.000000
2000.000000
2000.000000
2000.000000
2000.000000
2000.000000
2000.000000
1204.648130
36.266999
519.240741
2000.000000
2000.000000
2000.000000
2000.000000
782.404418
2000.000000
2000.000000
1836.000358
1604.554679
2000.000000
1425.536131
2000.000000
2000.000000
671.060157
2000.000000
1843.759626
2000.000000
2000.000000
1973.848800
2000.000000
2000.000000
46.103332
2000.000000
586.908413
2000.000000
501.274797
2000.000000
1663.130330
1942.256691
1973.896488
2000.000000
1911.855107
2000.000000
2000.000000
2000.000000
1996.666901
1961.979577
2000.000000
2000.000000
2000.000000
1922.837033
66.547795
2000.000000
2000.000000
190.022562
2000.000000
2000.000000
2000.000000
1139.740741
2000.000000
1800.488358
2000.000000
2.166934
384.465372
2000.000000
1877.848533
2000.000000
1864.249248
2000.000000
2000.000000
2000.000000
1860.298839
18.419806
1625.999363
517.602622
2000.000000
1310.242122
1764.876843
1959.762317
1570.827251
2000.000000
230.385533
2000.000000
55.977957
1773.160928
2000.000000
2000.000000
2000.000000
1542.922531
2000.000000
2000.000000
1748.598694
1700.180912
2000.000000
127.156440
2000.000000
378.014256
1856.304885
401.489089
1888.409526
2000.000000
2000.000000
2000.000000
221.674981
2000.000000
2000.000000
139.180023
1762.896218
1990.587748
324.919257
2000.000000
1996.202472
2000.000000
2000.000000
2000.000000
1327.707790
2000.000000
2000.000000
