10000 10000
1394
828
54
918
1748
138
1312
134
554
550
890
326
752
756
84
470
1306
1522
164
816
426
1456
1532
1816
1224
1490
752
1582
258
542
138
324
960
864
1052
1662
960
622
1282
1638
1468
1826
1340
1792
118
1636
22
1394
554
730
1534
606
114
146
1508
1452
672
966
492
720
588
1592
780
378
468
1536
470
278
1810
568
408
1550
222
806
1078
1150
1016
796
936
540
1014
1950
156
1560
150
1638
480
1914
1950
22
1730
1724
1320
1144
1708
212
1516
1332
718
960
1302
1722
1864
1140
1038
1306
1590
1922
1750
236
630
1184
758
16
18
1288
68
1840
1486
184
758
586
172
1438
1610
426
612
1476
1664
1326
1510
1588
246
1546
1746
1458
16
994
756
1318
1354
1376
470
836
344
158
602
1738
1266
782
1104
1530
1634
1230
418
1038
630
540
696
390
1560
158
792
1048
1790
1060
1618
1590
456
104
406
1832
1384
930
1284
70
1386
492
796
824
1782
694
66
362
376
1740
1084
662
156
1970
1876
716
206
1366
1038
1642
18
454
1652
718
430
1010
1324
1040
22
800
1024
1238
136
1868
1956
190
856
904
1056
1796
1456
1640
1772
924
836
976
1218
1814
1710
336
1918
1876
592
1770
1106
1588
970
808
1488
1102
1946
1150
612
276
1760
1914
956
1380
414
1682
144
508
1406
50
250
368
910
1232
718
634
1580
448
628
1896
22
62
1934
1256
1608
1894
946
588
1588
144
924
1072
784
1370
1746
1016
146
1906
1232
1412
1130
1856
1510
380
1286
1350
160
1908
1386
146
646
1894
86
72
174
158
1496
1976
1708
414
408
642
910
1004
770
364
1750
1138
858
284
1928
1096
1998
696
1030
1872
1646
260
1736
1252
1998
1076
1586
816
1348
680
1084
970
448
1926
738
184
64
414
424
1616
1044
854
730
700
1160
482
278
1496
316
1016
1462
1768
1016
852
294
1078
1968
1362
1764
546
112
360
1618
1884
1880
1350
186
1536
1208
10
1794
992
1898
1448
110
922
430
836
1426
1278
1082
1316
1740
1706
1524
174
1768
398
440
532
652
1320
1520
512
1404
670
1046
1744
2000
194
1628
1848
46
906
1194
1208
1550
472
1612
944
676
1892
16
380
752
782
928
210
1122
6
88
412
154
516
314
1804
826
1384
1254
898
528
634
800
1186
1208
98
1824
1878
1850
1858
388
414
60
1394
1242
1624
68
1134
924
742
198
612
1552
1808
452
18
400
2
402
502
1580
458
108
1960
510
128
888
968
1250
472
344
204
1358
1840
1070
652
1126
82
458
394
1130
998
44
148
42
154
830
628
800
1606
818
1666
40
1090
610
856
1946
1474
426
1960
84
340
1980
918
176
846
1790
600
716
1568
4
914
1412
1518
926
594
1438
1732
120
1302
154
1846
444
1048
1314
56
634
1252
318
964
898
162
1402
1454
1688
1906
1744
1856
86
1274
1256
724
1192
358
538
1948
1732
952
1386
424
1834
344
378
1604
1154
1394
1702
568
1444
360
1886
1020
1876
108
1706
172
22
572
1800
36
1530
958
434
950
1894
830
1270
1378
1686
1368
1054
944
338
636
1540
1162
112
1096
264
1494
476
820
248
226
1160
756
628
1008
884
1594
1146
1664
146
1940
980
1162
1198
826
1482
440
938
866
610
72
908
1154
118
1434
1406
1766
1206
326
538
1902
768
124
1536
26
1074
42
178
1286
1630
524
1002
976
970
1606
338
362
1664
1052
706
372
116
1836
352
146
1040
1094
332
384
1020
1244
794
972
1526
1856
1024
348
612
1106
404
996
1428
1776
536
1828
1154
102
1268
1768
1136
122
818
540
1394
1544
898
240
1454
90
818
284
1014
1034
1794
636
64
504
928
738
908
632
60
856
498
1012
1170
1344
1506
1876
1108
780
1852
1940
1356
578
822
1064
1254
702
876
1512
18
1892
1716
60
42
74
1048
742
390
1178
1138
632
42
1726
1138
474
966
330
372
302
1186
790
1802
1032
338
1296
1104
758
1514
520
1694
900
1296
1564
696
236
722
1908
842
528
634
904
1648
190
956
536
238
1734
1620
84
1808
144
1722
1386
1108
526
1148
1014
846
130
992
846
1154
826
1394
366
978
1598
1868
316
548
1468
1756
472
724
1362
1734
1230
1530
1202
160
210
452
1406
394
992
1284
468
1268
1630
1916
104
1710
904
1624
1294
952
580
1384
1592
186
1978
1870
1920
1176
66
1472
662
30
12
1280
96
1030
1738
1304
1190
936
780
412
770
1694
444
1254
1050
1390
934
1654
1298
90
1848
768
1818
1864
1608
946
1448
1434
814
1100
970
400
1698
1878
1172
966
1040
1016
744
70
1926
1896
864
1094
26
1808
470
504
28
1814
1342
1638
1890
252
1896
564
1550
992
768
280
1298
1786
350
1254
784
174
268
340
732
1890
520
1866
1612
164
626
1636
706
1976
840
484
1942
1660
946
1530
112
1370
292
118
528
1110
366
1218
1948
1344
238
530
1574
1170
258
810
1638
1124
106
1604
86
1642
1868
1480
1532
1118
566
272
1266
1874
1754
1558
246
1212
968
1454
1514
914
1232
1886
1028
428
322
1952
1450
688
856
1208
1754
174
1082
1208
520
308
996
638
1760
1378
1636
1926
428
176
406
1632
946
970
522
1300
1218
408
1552
138
640
1778
414
1130
1088
1580
108
644
1350
1304
92
668
1624
928
1504
828
1982
880
518
1774
1846
634
364
1004
480
998
1030
136
512
990
1420
1552
718
1126
918
942
626
1402
42
1114
920
232
1764
1514
844
546
1472
1202
1194
1290
1498
1860
1778
746
522
1970
1782
1330
1696
92
740
246
802
1066
390
1674
1798
506
588
1530
248
1386
1952
1810
1068
1834
146
10
1140
1360
1556
468
722
1010
76
856
300
1468
1064
1516
1082
1440
1760
660
1992
162
1416
324
994
96
816
388
1736
272
1570
878
198
1476
1306
286
1432
730
158
746
1526
50
1884
1722
216
670
900
66
680
1332
1798
176
1988
528
630
1196
1168
230
304
1360
762
98
390
448
1058
1368
1684
70
1734
14
2000
584
510
18
1604
1050
322
1526
1856
1864
1666
1276
1240
1032
1256
516
1388
26
1880
372
994
6
404
1510
1012
1958
1696
80
524
1352
1054
1838
1616
1778
922
1078
710
1578
858
748
540
294
660
1556
1352
1386
508
1102
390
550
1550
732
1208
1098
672
456
264
1208
410
280
1710
322
864
572
1242
1670
392
1844
1982
1586
856
400
1654
914
1076
668
1158
1086
984
964
1320
1070
1356
1394
690
1368
1210
1170
558
842
1426
1134
1936
1848
458
1774
1410
170
1244
400
230
614
238
360
1678
406
1748
272
1280
1348
1352
138
1606
444
598
948
456
1528
1720
1518
1274
694
1336
454
1252
726
1118
110
1476
1784
420
1516
518
1724
1570
244
922
288
22
608
1198
1670
996
1682
1462
614
1832
490
272
264
234
1500
480
310
1326
1254
52
926
1106
1858
1614
724
620
1162
1106
1870
1818
1502
528
36
882
1398
912
368
634
1820
328
148
972
1026
1962
1704
1334
632
664
768
1696
1812
1858
802
1980
388
1516
1532
774
706
1548
94
400
972
226
1888
1430
614
172
1226
878
70
1942
194
1776
672
1000
520
1106
1812
1894
1794
206
832
1578
1984
770
1068
1586
1204
886
50
1408
620
670
1302
1616
570
1708
648
1442
1456
420
174
1994
1414
708
1080
644
580
302
942
334
556
1406
1286
380
1142
748
724
382
502
618
160
888
1486
34
1050
1708
1718
54
1294
2000
850
378
1898
1044
730
1364
1822
1100
1330
882
350
368
214
184
1928
822
436
1940
620
718
350
564
1548
64
1764
880
622
1232
308
1278
380
392
1848
1960
204
364
500
1678
970
586
1040
870
482
6
1358
114
524
476
906
1650
696
1224
1730
52
1328
960
1402
542
1376
1720
106
1966
1828
340
726
532
1470
1962
1218
1062
672
306
1172
260
362
1246
1298
1832
1466
580
1222
1314
1668
1672
526
750
54
426
1370
460
1158
1708
338
978
704
362
1376
1238
126
1020
164
1260
1904
1202
286
310
280
1778
690
1776
1264
460
954
1508
1376
1352
1730
488
90
488
888
216
734
1548
1258
854
1718
668
1916
1096
238
1952
808
194
52
22
1952
1684
1408
1872
830
1112
8
164
1948
1772
402
136
506
1220
1124
448
1634
850
1780
1802
758
1998
1254
1284
36
558
630
102
1508
1384
54
1238
166
870
1398
978
96
822
1298
788
1972
794
1210
552
676
746
1332
806
130
438
504
752
228
1258
1724
1688
1622
1648
1814
1786
1098
1670
744
454
1078
1650
762
1452
1160
1870
1366
286
788
194
698
972
520
1426
848
1450
974
1518
162
218
32
1202
1612
278
1850
1378
230
1348
1080
1378
622
760
1914
582
212
484
458
1974
420
1170
1278
1278
1998
518
250
1912
1130
48
1086
1028
468
1562
1378
546
988
190
1650
138
54
518
1522
958
962
766
648
1496
704
472
866
1602
1434
470
1368
788
1926
1384
382
782
1746
1426
1964
482
1608
1646
696
1726
122
1418
1838
1842
942
1708
1888
354
1438
590
656
1730
1046
388
872
660
858
438
488
1596
772
1174
518
334
630
662
1274
12
850
562
1196
1660
1444
1766
84
1026
64
1776
224
1536
1710
590
246
1544
876
1146
1808
1806
1644
638
232
676
968
1814
1464
1494
1774
1864
1248
384
762
1740
1828
8
220
408
534
426
136
1594
1298
456
1190
190
1710
852
1110
1906
232
1116
1194
674
1498
1392
1060
1250
1766
558
368
1150
104
382
1352
872
974
706
918
1858
1032
1374
1464
990
1504
4
1208
1848
1838
1550
166
1148
1896
478
812
1034
136
680
1180
1412
1282
926
652
1532
1554
1228
970
70
588
1254
272
422
1122
1442
1168
806
1684
1480
602
1788
792
578
1742
998
1874
1032
1884
290
1746
526
912
686
264
456
314
888
1468
1814
848
302
1314
1768
1456
754
1790
828
1930
1856
1742
742
1044
314
996
1714
832
366
1346
1136
1102
562
1074
1768
1688
766
1200
1382
1290
1768
418
1228
842
1270
1072
506
1698
1036
1468
588
342
748
1084
1992
632
798
522
1744
1120
1158
166
772
1614
1174
904
666
624
1756
412
1438
78
466
934
188
1246
1824
92
24
1970
1360
1926
1900
986
1658
1702
658
976
380
1700
608
318
326
1194
1468
36
232
1172
1156
1648
1490
1118
930
1176
448
894
1360
852
714
840
1012
1400
448
574
1112
1198
394
1554
972
1056
1634
630
928
380
474
6
1126
1460
1812
1034
388
1370
1176
1140
522
104
1076
514
540
678
358
1852
1284
1196
708
100
664
602
234
1494
92
186
1046
1898
946
608
1316
186
284
384
1422
998
1018
628
1716
1246
696
434
1738
1126
528
718
678
464
1206
364
952
972
524
1242
1536
1236
50
1454
1010
552
1794
804
880
1222
174
1806
176
174
430
518
982
1336
258
968
370
582
1914
694
860
1248
1362
760
1104
1644
1754
44
1804
1030
1914
1036
614
1438
202
166
1194
1252
1570
64
246
798
346
542
872
1368
574
60
1810
1024
752
1882
172
350
922
1648
1062
676
1836
1286
1204
190
1434
1150
1882
1120
588
780
980
1890
912
1282
1694
192
690
616
272
80
1114
616
264
826
1590
1198
1776
1132
1952
30
1114
672
1746
582
464
106
714
1330
180
106
1612
694
1378
1758
1018
748
1860
430
338
978
1138
1730
1264
918
1478
368
298
1308
736
1206
952
1988
1406
1324
948
1388
1146
1404
1742
1526
1432
1912
918
1184
1066
1530
1628
1164
320
1870
524
422
1506
988
112
268
1510
1322
14
10
352
1714
1460
912
1252
320
1112
96
1916
214
1418
220
842
1994
268
236
380
964
1308
1382
254
1246
336
628
464
1438
1414
1784
1262
42
1178
1304
1800
1132
1604
542
1156
428
1608
1070
558
328
34
1530
928
1058
378
1424
910
292
632
526
1756
1318
280
410
182
446
150
1246
918
206
882
1014
1478
1096
910
1854
960
1164
250
1612
1214
1364
56
1148
398
1214
1720
1468
1282
1214
1022
372
1930
6
1580
576
1886
1224
1188
666
1976
396
894
1954
1674
1728
1910
188
1320
1852
700
1232
320
1910
350
744
1244
206
1164
694
422
1422
1144
1638
1812
244
1836
1144
918
1416
204
272
214
542
362
966
1192
800
1180
1686
210
1226
144
664
96
390
1812
952
302
298
640
458
384
642
1402
16
1966
1906
1608
1740
314
1482
754
680
1220
1740
1258
1434
182
832
1436
716
4
960
1038
1264
988
590
1858
1562
1560
1954
1594
1426
50
72
936
1878
684
1890
1934
1000
998
36
362
814
184
822
460
1334
1666
746
1086
932
1952
172
638
264
70
1710
80
1324
512
1978
930
1844
1188
230
1116
800
1442
218
636
196
1392
640
468
820
1188
1696
1398
314
1522
408
368
920
1332
662
346
1094
706
292
768
1100
668
1964
176
778
236
934
476
1860
1482
1000
824
416
754
1136
1574
258
1534
1742
1500
1846
1136
326
176
1716
1848
496
500
1216
312
1912
1024
1212
1624
512
1434
670
322
954
620
1570
8
1218
786
936
318
90
688
1072
948
974
892
1084
760
1372
708
1416
588
960
1030
1962
534
720
1974
860
1506
1310
518
1570
460
1314
56
1770
282
524
334
1464
1540
28
192
1050
998
236
772
284
1120
1964
656
1918
314
1388
134
968
254
1020
1548
1584
1586
1786
954
1734
582
574
1434
1062
1926
664
912
1766
1784
1210
570
14
1186
1746
72
266
1234
896
1346
1230
594
1936
1400
1216
1690
566
1210
916
492
1992
1302
1500
268
1894
932
444
150
210
1684
770
62
334
276
1342
66
606
1340
1736
1618
970
832
1536
1882
1668
1008
1268
570
120
414
24
360
12
712
1190
304
46
928
1782
128
348
1506
1114
186
342
876
1980
64
842
1864
1012
864
1372
1096
462
182
196
1618
130
1340
686
176
188
1080
94
70
690
818
418
594
910
712
304
72
278
1374
1358
264
566
1396
722
736
1506
486
1110
434
1778
1798
1750
1530
444
1038
1382
1676
952
1864
770
1746
526
1206
1060
422
1188
864
480
340
844
1226
560
964
1086
726
984
690
1878
1858
1162
1286
1550
1862
724
1652
1236
1392
1152
1330
1696
42
380
1778
1716
1714
1990
1248
1732
1652
1538
938
1524
880
1498
720
870
266
1624
1038
1434
1360
384
1244
400
1128
1224
1676
156
86
1598
1196
682
1954
686
1552
1840
1346
326
1966
716
1548
466
390
1208
456
1036
152
990
138
1950
1076
442
1758
1710
1122
1420
1150
1484
334
1022
882
810
1450
88
1916
842
1076
192
544
1392
1094
326
932
252
1220
838
942
962
1346
922
1000
1990
2
258
288
712
406
1162
1198
1154
740
92
1052
174
1158
1264
516
1520
980
994
1480
1078
1402
318
272
156
560
96
524
958
1646
1160
636
584
1794
22
1036
1128
1898
1004
1964
904
892
490
618
1058
844
1076
136
1236
824
1806
56
544
868
1176
1194
1212
486
662
1062
948
630
586
312
1624
570
680
1930
1496
638
598
1484
932
1344
1686
764
1060
324
1728
1056
1346
1222
402
1862
1110
816
50
1214
356
1448
322
1644
510
476
1136
1316
1670
348
1828
832
540
848
564
1314
1108
1780
1832
1560
852
378
724
932
328
1392
1418
656
1044
1742
512
1346
420
1314
1502
1888
186
1708
1066
368
58
1220
986
732
18
408
72
1616
1236
94
1374
432
972
1734
672
1948
1668
1950
1702
1710
888
1592
530
1080
52
1086
240
1056
252
336
608
1210
1092
1944
1822
688
390
1584
1532
1450
1720
816
222
650
900
1988
70
560
1164
1612
1202
1028
670
1720
920
222
670
594
1364
1280
178
1582
1112
1568
218
1240
206
2
808
64
318
714
324
1798
1382
1288
1930
950
256
194
138
1994
284
1776
306
1346
388
864
602
952
1114
404
1026
1660
1210
1852
1576
752
1988
1178
40
1112
1070
1458
1886
1870
446
544
1436
1766
222
918
1190
1328
1198
1186
1028
1266
1022
1356
1716
642
124
34
1872
1694
36
496
1428
1842
1020
926
180
228
1054
316
1874
1304
910
960
1990
1164
468
1764
954
1486
1208
1714
1404
374
1318
836
252
992
798
112
608
1440
704
854
518
1238
1142
1416
1538
58
612
1386
1434
1210
1048
546
96
1040
1968
936
1842
1156
1096
1210
388
1536
1066
722
1134
234
72
1092
68
1024
854
206
1350
1620
74
1374
1366
1352
1450
96
1718
1224
1560
496
922
844
152
492
1550
1630
32
526
1484
994
1158
218
1092
1916
652
1626
1528
1894
262
1406
1948
1956
562
1292
1698
132
688
1612
1470
1394
1382
1802
180
358
414
280
326
20
350
118
198
676
370
552
394
94
124
580
1182
1390
816
1972
1294
1086
1828
1012
1612
384
1642
1276
1444
1906
1436
1226
400
26
1734
1670
414
44
1176
1890
1736
498
1104
1650
482
1600
1158
1690
576
226
1026
570
378
1690
1458
1468
608
1658
288
952
866
1870
310
1452
1310
372
364
624
716
1948
136
1952
678
1410
666
1210
766
1846
1896
1094
822
580
1646
1386
268
328
1608
438
918
1946
192
1332
1852
1664
950
380
1954
766
538
1374
1382
1266
78
1094
508
1622
1976
1480
94
1056
1032
1598
32
978
1116
396
1280
920
680
1458
362
1576
782
988
718
450
276
1948
356
778
718
518
1372
78
358
118
886
1276
1094
1556
180
666
216
370
1254
696
1640
962
902
386
1230
1270
1582
1502
994
38
670
1536
984
754
598
1072
740
1530
1582
292
1392
1492
158
1450
716
1326
1342
1938
620
390
242
490
1086
1790
1086
122
220
508
1318
1928
1428
58
110
1276
1040
1116
1536
92
704
1248
532
1502
1160
1150
1068
1988
1120
1370
1740
1264
714
194
382
1916
896
614
1288
968
1776
1384
1356
786
1054
1494
1074
1886
1928
994
820
162
482
482
146
1562
1910
456
1194
868
718
1362
1120
208
422
1960
866
1870
1902
758
496
1964
84
1748
1386
1602
810
388
1372
1250
354
358
938
1880
202
354
606
826
854
1202
1666
848
476
1444
942
1720
120
74
1880
592
1238
34
66
1962
1298
1624
1890
376
632
1460
948
1328
160
392
400
586
1670
1338
1916
542
1374
944
976
516
898
56
1828
12
1712
1126
1376
1904
178
162
1072
1132
408
376
298
1144
1986
1918
288
1174
1806
1644
1282
1586
1440
928
1942
1020
1838
2
1472
692
616
302
898
1224
1270
620
534
1080
220
932
1888
814
210
1002
1414
334
644
1724
1950
428
458
122
1074
1084
92
34
1996
748
634
940
1486
1048
1026
1064
1932
1880
708
1468
844
1474
1476
1710
790
606
1954
1648
1770
1576
1982
1008
756
772
90
402
1926
782
876
190
118
1074
728
536
1324
1744
1154
1582
188
968
1044
1188
1700
1246
508
1546
1082
628
1674
1462
1322
458
670
1712
900
1652
646
1884
1856
800
1132
1906
682
1396
900
1972
1996
934
314
638
54
564
228
268
290
1206
1088
858
1172
1398
832
1022
658
1136
1120
1872
272
428
730
1964
804
1050
1714
478
430
1864
1978
932
268
1238
1824
1094
324
1554
276
748
1350
1506
1430
868
1422
874
486
1266
1166
314
428
1788
476
1180
650
1486
1554
1952
1042
1410
1966
38
578
960
172
1886
336
880
1368
1314
284
40
924
1042
848
1270
1098
278
1918
764
1022
176
1984
1570
1546
962
1498
1638
1090
1312
1060
1530
728
1118
606
1920
292
212
278
172
780
1130
1140
1492
1402
748
1002
256
1204
12
1382
312
1236
480
1686
1634
906
294
1890
720
1858
1152
478
1402
1282
132
1604
1426
1734
1114
1240
868
1524
1172
758
212
368
1024
1574
950
1396
820
1998
216
1378
64
1870
1062
600
474
324
1806
1832
10
178
664
1700
1090
1080
1276
996
1808
1982
316
1408
1694
914
1862
964
278
1962
1594
640
1712
686
362
1494
1158
852
340
892
1766
896
1276
88
764
1462
1580
422
1714
342
1030
568
816
1394
688
638
1180
1752
1968
1212
480
1022
232
182
1136
1506
216
1150
288
160
1068
1756
1500
160
1528
992
1580
1812
1162
518
402
1398
784
430
782
1746
410
80
794
468
1190
152
1908
1398
970
476
950
626
1314
1784
972
1082
210
1278
1338
1408
1226
972
204
358
1170
958
714
48
1058
1908
1716
1266
1240
1064
1218
1976
692
1848
480
1910
1214
1314
40
538
42
1030
876
1718
1386
516
492
144
1478
1868
252
1224
552
726
1624
934
1396
1054
1248
1546
770
1814
10
1494
1914
1066
1742
894
1708
984
1984
672
1782
1440
1040
452
566
1658
1036
938
142
1888
1170
876
1084
1352
1200
130
1980
506
1050
1890
1952
798
824
96
1710
432
1088
64
1868
184
370
920
1074
1114
248
112
368
888
644
994
428
540
1172
1896
86
424
1922
858
1240
528
476
1442
1664
1522
644
116
186
1400
878
1874
700
434
1518
1598
1748
32
10
1084
1700
330
580
1932
686
1646
1820
314
178
1950
868
882
1670
1208
134
98
1860
674
1988
1588
1022
1802
1684
944
1834
748
70
1540
1054
1392
530
1394
1958
276
966
1518
30
204
1934
680
516
1182
1440
908
1254
184
1660
1686
1962
118
1930
606
1692
338
858
668
532
790
178
1642
288
1540
1252
398
1184
808
1960
1336
1590
170
1804
1672
314
456
1154
1736
424
408
1454
120
1022
170
1722
1988
1666
1042
1408
474
1772
1502
1696
1222
1944
220
1582
1572
380
1090
380
676
1126
226
1408
188
678
722
12
1838
518
1828
1874
1138
1644
1738
1776
702
872
102
1378
822
1990
1286
1230
726
468
1058
1776
1982
268
892
712
1240
618
884
1668
1434
1260
1440
794
316
1102
962
1476
1830
362
1104
1036
1988
336
132
1994
48
960
322
1034
1764
434
1690
428
1326
1416
610
1830
1688
866
256
22
480
348
1630
106
1046
1002
1052
1730
606
968
1134
1570
1168
8
892
876
1436
1518
1668
1752
870
836
1828
1032
512
242
1764
1892
1856
794
104
12
1812
1658
636
446
334
1874
490
1000
1540
296
636
646
1516
978
124
438
1168
20
1892
236
1790
1456
840
258
666
852
1070
358
400
148
444
116
1276
478
1966
1524
1412
234
1156
1400
936
572
1266
154
1114
758
202
1222
288
1290
1302
1052
52
216
1554
112
558
198
1634
1834
1808
1288
1004
1084
228
1116
64
1490
1980
1900
156
1788
1932
146
1946
1856
1178
1462
208
90
1948
1500
386
1412
1014
1516
196
236
752
1256
1994
1550
658
1042
352
1168
1802
86
1532
908
968
1524
1476
1668
84
736
1110
440
1288
142
746
1392
1714
1538
1740
1300
82
1418
1558
1010
1418
1442
566
354
810
1834
1338
1852
96
32
586
1962
806
1336
1758
170
1382
1364
550
732
1772
702
232
672
1812
1080
162
1084
238
1800
1808
512
1254
668
1154
1464
806
258
1426
96
1130
872
1410
974
1642
1306
1466
1746
1876
1102
1404
1670
204
28
284
856
1020
820
792
104
1696
1036
1012
734
912
492
902
696
1232
304
492
1670
1924
1608
1426
1532
1548
1640
1542
1964
1202
1326
548
1606
452
1556
1624
1388
132
920
512
1930
952
252
1678
1972
970
1958
1252
1386
1150
926
1142
1524
326
1718
450
550
1734
796
14
1842
1436
1052
250
948
1384
898
1064
34
924
1532
1208
1356
1680
768
1418
366
1252
886
1170
554
1920
1838
1256
304
328
1234
50
692
332
800
342
484
290
1620
1494
34
886
542
130
1720
1908
520
1594
1326
818
1154
1760
504
80
1408
804
1128
526
846
418
1164
182
1622
294
1028
676
652
1332
1634
442
428
1612
814
1466
100
584
552
1056
1882
1748
860
1928
870
300
1908
1300
724
1254
52
1298
1988
624
1018
218
1032
120
1374
1814
700
498
1740
1000
1350
366
1032
1076
258
100
1306
1338
1260
804
1316
52
20
1292
1130
1854
620
1932
1696
78
756
1390
852
1370
456
1394
544
1396
386
1952
438
1760
1160
700
1830
1204
1304
610
572
928
206
844
306
1972
450
1410
794
1464
528
1664
152
280
610
1164
1310
998
392
920
1792
1974
112
672
1746
684
488
952
726
1676
432
730
1824
246
4
800
920
470
1400
38
1102
1152
1914
778
1906
124
926
368
1876
1656
1984
1542
278
30
1348
762
332
716
162
528
374
1246
274
1506
128
1674
1494
1924
1138
700
20
1072
1250
1770
1150
180
736
1826
1412
1556
464
666
950
110
786
4
662
52
1946
924
470
1174
592
622
1942
698
1426
1832
262
1832
136
1130
76
1432
1760
822
46
298
834
496
986
936
66
972
1000
134
580
818
630
1326
1402
1034
396
1406
1656
1122
1798
690
760
1914
1620
810
718
240
1708
1410
606
1526
570
40
782
1680
1886
1044
984
92
1390
1682
1304
662
1008
904
1878
1670
568
178
1168
632
800
796
1500
838
58
142
1404
1364
1930
1060
906
1672
482
1310
1386
630
46
1966
330
460
390
876
178
868
46
1254
140
1798
792
506
1788
998
894
1918
1650
1078
1402
1040
1222
1616
32
196
404
636
1646
1822
296
752
426
958
1324
1114
960
606
418
920
108
1046
1456
1292
1518
1250
1750
1280
1346
666
1404
556
1776
1540
1442
1412
716
1994
1648
760
800
342
950
960
416
1208
1166
272
584
1744
526
1182
1952
560
656
176
550
1770
1352
312
1754
662
52
1018
1464
1668
202
1240
822
558
1798
124
1478
1580
1154
1060
1742
1692
1590
380
892
1894
162
486
608
1160
1422
1528
1670
784
1338
846
1782
1284
1102
114
26
1318
56
1994
1418
736
370
378
866
248
1962
314
1122
826
716
1480
1010
944
52
908
878
1458
764
882
64
352
606
340
470
1170
1884
64
1142
1218
132
1474
68
294
1210
906
1572
148
130
322
946
22
986
678
946
838
1668
1014
664
1788
94
1670
1908
366
244
812
812
1244
1546
336
600
1534
878
1270
1676
1182
32
698
1940
1772
1592
682
464
1696
710
590
1592
1834
500
1848
1682
190
1760
1496
986
76
1956
732
972
1656
1774
1524
396
1986
1090
1778
1616
806
896
1166
716
1756
354
160
664
860
1714
1762
1270
694
500
326
246
452
1682
334
922
480
146
1276
1022
398
1060
288
776
1402
1494
1742
1588
1834
988
1996
1620
1344
1528
1322
1242
112
1894
286
808
480
264
942
1148
976
1872
602
926
24
1134
536
1386
1708
1394
1290
928
270
350
274
490
1746
1916
76
616
1646
1130
1394
1266
504
1504
878
26
1142
972
1668
556
194
680
732
142
1150
54
1392
476
712
528
664
148
728
812
666
1032
610
1014
324
1324
966
1022
86
1766
1560
1610
624
360
1716
1798
946
386
1084
1508
112
1498
1616
1228
248
1812
1740
406
1686
528
354
1748
86
32
620
1288
252
380
1746
6
704
1454
1312
1020
332
302
1662
712
158
252
640
1294
1806
1608
1738
1732
342
66
390
214
972
292
978
632
1902
126
1300
132
192
424
466
564
1782
214
1422
854
668
160
348
1638
458
1996
1358
672
586
278
1558
1158
666
1840
1198
228
1046
446
990
1530
1910
64
256
526
746
170
482
710
1132
538
1600
1078
902
1938
904
990
120
720
620
158
1776
1318
202
14
452
1140
552
1444
274
510
1690
1752
738
768
1780
1186
308
384
490
14
1422
1824
1938
752
1128
204
1620
1760
1988
924
738
1906
1266
1780
998
1520
1192
1760
1328
1156
12
1978
1712
1092
1530
606
982
712
1148
120
1022
1646
1736
562
1460
744
1734
1952
1652
1024
46
1716
1710
722
1098
814
42
1048
384
1330
1810
420
224
250
12
1228
1490
186
1668
764
1686
1786
748
1710
1030
180
632
1046
852
24
1234
1020
304
658
576
1820
808
338
1768
1496
1684
412
548
996
512
1160
1872
1610
1262
1022
844
50
770
1026
1418
1608
802
1656
1582
1574
1346
712
1414
1422
1116
1038
1322
1094
1896
684
432
1680
1996
1594
1130
1294
408
1056
806
224
1044
180
1858
362
1398
296
1316
1842
872
352
1094
1540
872
868
1598
162
1656
984
1212
290
1512
1494
1752
802
1450
454
82
592
1368
720
114
176
1326
836
1966
1196
14
28
662
996
690
574
386
594
1358
1058
1126
460
774
1252
1372
1922
1250
1518
1828
1114
830
1696
1984
1556
2000
1828
818
14
1440
234
1210
1086
68
1312
790
1090
120
168
1648
1028
1486
1946
1912
766
494
1846
1956
1050
854
1670
1066
488
878
1602
1604
1218
990
1240
1700
596
1704
686
324
476
788
882
1566
836
1086
748
388
1514
576
304
344
1972
20
1482
142
1034
1202
1906
310
900
1356
148
1358
1130
296
1138
386
106
1070
1062
1808
1392
898
1370
530
966
458
78
1332
1168
1076
630
192
1574
1174
604
1214
774
1244
1436
1632
1350
1024
158
1772
1932
1514
864
1164
944
286
358
1726
674
1410
978
1376
800
1580
164
1964
1504
1810
952
1118
574
322
942
1262
1618
1586
1058
1852
1606
534
756
278
242
1606
1280
1162
662
852
562
1074
1918
414
44
1044
876
612
1762
954
538
1384
1230
1286
316
634
844
1054
1892
1708
260
1540
570
1266
1804
818
1610
1520
430
864
1456
488
1546
948
706
340
1264
966
822
954
1974
870
1682
998
1538
1604
120
686
1998
1094
1636
706
1652
1522
1694
1248
1190
420
830
578
1258
894
646
158
1110
1950
1804
442
186
1184
1400
486
1678
626
518
1746
1466
1050
214
1654
618
1112
1820
720
756
1446
606
88
1744
1802
494
364
80
1922
558
1970
1102
1800
1834
1660
1762
1912
732
964
1304
1826
184
1884
1050
1338
822
108
232
96
952
464
1756
1446
1250
1324
538
452
12
1170
1162
1618
1588
1372
1024
218
868
1628
1576
1822
1954
648
1776
610
1228
1500
1502
772
812
1616
1468
1280
288
306
470
1192
1074
1566
1080
1932
1764
908
394
1612
1804
478
240
560
58
1954
4
1704
1572
1876
1400
1838
138
1244
898
1486
640
634
222
356
164
1340
1070
388
1968
678
1374
524
796
1010
1352
1078
1940
1218
464
1410
608
1388
1236
40
12
562
632
200
218
806
1210
1736
1704
744
34
840
1774
1756
1942
382
782
966
1902
1694
1296
694
640
302
1160
626
270
1404
852
982
1056
1660
1484
1754
978
894
844
886
1638
838
1896
990
684
50
1404
1206
1594
1490
1080
640
1688
1178
516
444
130
1106
96
770
382
1196
1548
1750
6
176
1906
218
1084
1958
804
962
1366
826
1106
744
682
1420
1458
610
512
574
1520
1408
1348
1774
1998
804
1198
1010
750
82
1846
810
554
1018
1580
392
182
1130
1580
250
1854
1726
1868
584
296
72
690
966
582
1844
966
1730
286
1180
1098
1808
572
1280
1806
1950
718
14
560
1060
492
304
310
468
1896
1524
910
1682
1268
1158
548
1022
1450
1946
1130
48
1660
1166
1754
1144
1910
1652
550
342
100
118
828
1378
432
1712
1500
466
1636
142
602
1582
1248
700
502
912
748
1958
1992
1766
112
1232
378
1140
778
824
404
198
1190
1350
218
906
428
1376
22
838
1970
216
318
1950
554
1896
1532
202
1872
1522
1090
92
1338
1802
782
1530
1618
1406
204
104
1276
1310
1172
1292
844
392
946
356
426
1968
1280
36
1434
1242
206
232
454
1980
1736
1336
608
1106
4
1970
1822
1432
1752
1100
850
890
1102
550
1536
1994
1848
628
1568
1894
648
1256
1256
1624
576
1608
1970
1158
1168
1442
1654
1610
1188
1708
964
134
888
200
898
1692
832
1574
1830
1298
1518
100
942
406
786
1932
1984
374
1894
152
912
1352
126
980
1646
120
1672
1850
442
982
1926
162
816
1570
1758
524
892
462
1522
1308
798
4
904
590
1232
1296
1680
1952
1698
136
1160
982
808
68
1802
160
1508
344
892
810
588
1306
966
52
84
1940
482
998
1800
854
336
1540
1714
706
1160
1456
1374
738
1272
1840
830
926
1540
1160
406
1484
1092
442
944
1176
1462
550
404
1474
452
732
1154
1006
1110
796
818
1820
880
1900
1282
186
190
676
1248
338
1470
876
1726
602
884
616
582
242
1736
1588
384
1246
838
682
1148
186
468
562
1270
390
632
58
484
16
248
1134
1852
1098
1700
708
980
176
632
336
1562
806
1632
70
1816
1644
1968
1344
1602
530
1540
578
44
730
938
354
1686
22
1888
770
1662
430
300
406
1858
898
150
1058
1930
200
358
226
44
1098
72
1254
680
1928
750
930
1824
620
258
700
158
1574
314
482
564
788
330
320
1388
798
118
806
820
940
1724
1296
1984
666
1832
1288
1052
1208
1070
494
1596
616
1906
8
1176
1920
446
1316
60
564
1104
1194
512
1696
334
1026
1172
566
214
1030
406
192
382
624
160
120
1148
720
14
936
1070
1126
516
320
398
562
1180
12
614
676
722
1498
212
434
1188
994
1884
1888
840
680
722
382
342
168
1124
1296
1070
1542
1930
958
428
1214
1958
218
142
320
1238
296
678
1648
72
560
1756
1788
1470
1952
364
1162
620
486
1632
722
544
652
1048
168
658
1236
254
230
1230
656
1448
110
1170
1516
1122
1288
1224
800
1114
476
48
1206
980
792
78
1116
478
848
318
1528
560
1504
450
662
594
338
1304
236
1866
884
1240
1020
834
830
1788
626
1152
1276
1246
918
372
40
1160
1962
1590
1044
656
94
466
1034
392
1434
1416
1214
46
818
1710
1430
986
1710
478
610
980
534
720
192
92
144
1304
516
232
1504
364
678
322
1302
1252
278
1286
1962
1502
686
178
448
1592
1774
14
288
922
1802
158
254
1674
1528
1724
988
958
1074
236
1864
464
708
1800
1314
212
464
688
572
1780
720
452
254
1594
372
1396
960
434
832
586
2000
1794
158
10
878
802
1768
182
744
974
1412
514
602
1466
1242
1322
1642
1986
650
960
632
958
394
1950
670
1710
710
1026
1792
1144
406
1182
666
128
1144
268
1034
1148
904
54
1510
100
524
1132
1718
698
1844
1810
1050
1748
492
1874
2
1928
1102
1130
1690
412
912
1816
1692
1702
846
676
1174
1284
834
894
210
206
618
384
1572
572
950
210
1666
1884
1002
1590
1922
752
1024
106
26
1956
908
380
1628
594
1518
54
1162
1184
1450
394
1344
720
1866
1382
1850
1074
184
1284
1186
1710
58
1338
982
40
1894
1880
350
1362
516
638
1164
1968
416
730
1962
1568
1624
228
1374
538
1086
1088
1706
1388
868
926
1424
390
1072
1696
1300
70
286
1030
1656
1350
1564
1040
396
1408
1044
440
1518
1020
1602
1368
1206
1864
1294
1600
1988
24
880
1368
1824
532
376
1046
642
1026
1102
1350
1926
482
474
1396
1490
374
198
1756
1714
714
1988
1744
1410
1998
912
1202
340
986
1104
326
822
966
606
620
1976
68
294
1972
642
408
52
658
1684
1490
1632
418
238
92
190
522
836
272
786
124
724
1810
262
1570
150
888
1392
1012
906
56
84
814
1482
258
1790
1354
724
244
1742
1904
528
940
454
552
1504
500
1924
20
1740
1004
1354
740
346
760
1890
416
664
1602
1552
270
1934
218
1126
1940
232
234
1752
1440
1930
936
1618
196
1218
78
1194
466
1390
1878
1856
504
760
928
1470
1886
1186
1072
614
1448
58
1362
490
1936
1658
424
1086
410
248
2000
1046
728
1700
1446
1432
1894
1572
328
668
390
300
932
90
1280
1398
848
614
1568
542
1760
1936
616
118
1356
8
482
1342
746
816
1334
482
1922
1194
548
68
68
946
342
1220
256
830
1436
1422
508
1860
560
586
1204
1066
454
1474
830
1284
1272
1700
1140
328
1454
1844
674
974
286
1006
1914
780
830
218
630
920
1286
520
1650
956
1148
188
682
1254
1452
160
1636
1514
1750
1444
550
878
1118
1094
1362
1150
1712
812
918
1726
1250
1052
1500
1950
572
1702
558
1560
766
1468
1498
1896
1570
1414
1106
1772
846
1654
224
742
1322
400
1564
922
614
1054
246
498
804
24
596
1296
226
1382
1642
866
84
868
820
1446
382
1798
1808
102
1174
1718
1288
626
1066
1102
1806
852
1926
1224
50
750
468
1508
1344
806
1334
1774
1592
78
1652
736
802
1106
766
346
1932
996
1576
1054
868
1314
156
1364
1142
818
302
992
1454
1732
822
1848
1506
222
706
772
1938
12
1436
1902
80
762
1236
1928
1634
1326
236
202
1070
274
1194
1728
562
696
1772
300
1788
474
848
1304
1546
132
52
644
1586
1152
1654
682
466
1418
1560
1156
1774
434
1646
1316
1776
750
152
148
186
1286
250
1078
1472
912
1776
1818
1226
1408
532
1000
18
232
236
960
752
1202
34
1042
1304
892
34
878
1204
1758
782
304
850
1246
626
1568
682
306
268
956
1074
514
908
1406
1138
1666
308
300
1668
678
314
376
1658
1896
1808
1038
1410
232
920
554
1004
1652
1656
380
234
1262
1350
568
1688
1200
1972
886
686
1294
96
1918
1950
1348
798
1246
1446
286
1756
474
998
1852
740
1032
1064
10
1936
112
266
448
888
990
1938
46
1858
892
1726
194
180
468
440
518
1036
846
20
686
1958
1644
1414
112
74
1084
824
1646
1372
208
128
622
544
420
1758
1662
1824
1140
1124
438
672
1462
1120
1938
1650
174
826
1494
1440
6
474
1998
572
952
238
610
1754
496
1164
792
1528
1862
388
1204
196
276
610
1392
236
834
1944
66
1604
1384
1910
414
1878
1042
1616
22
1580
1128
1564
364
1708
1692
1842
1538
178
472
1978
824
1922
1232
104
834
186
142
1968
1736
36
1138
1724
1036
872
1462
1252
382
192
104
504
28
928
1954
60
198
796
1302
648
1568
988
1110
672
554
540
384
860
1366
1960
654
1906
78
440
862
1096
1418
1510
580
336
1702
92
30
532
1124
1060
1586
1966
300
1838
1994
346
54
1442
692
1880
792
1384
1196
412
980
952
1858
1132
1200
1794
1732
836
1610
854
356
74
1424
870
936
478
592
22
1826
348
1992
910
798
1288
350
1774
1486
600
1308
1524
1874
706
1526
594
1344
1942
1860
1870
612
1626
1426
252
946
238
764
1696
126
1422
1612
402
100
646
592
1184
1156
1496
240
1028
1666
1398
1382
1916
1558
256
176
28
832
1926
544
768
1066
1570
1814
1432
630
1288
22
140
872
1794
1464
566
718
364
1902
1222
1110
960
1312
864
16
1378
1616
1974
676
924
1354
1872
674
532
1232
1126
1972
466
1774
162
1230
1058
1938
1650
1496
1802
50
1878
342
582
888
1912
314
1914
1368
1046
204
1202
1104
1420
1028
68
1964
460
1752
574
1992
1254
610
1096
1272
144
416
218
1890
1330
1282
386
1706
1968
54
66
528
1886
1860
1418
1354
1148
1640
1628
1120
1516
22
372
1806
782
296
1000
1498
666
1708
610
910
32
334
98
312
422
1784
1850
458
280
1868
1046
874
1902
1306
1462
708
1888
1958
928
298
858
1992
580
256
1122
1258
1896
958
1018
228
70
358
1392
1572
1864
980
1930
1428
1998
1830
1572
1278
892
1420
1468
286
1626
1456
594
488
1870
424
602
1442
1708
1222
1870
814
1886
240
1010
554
74
498
1716
1328
374
1738
860
1060
910
374
932
1338
874
372
686
1954
866
1042
1942
1854
448
854
1862
654
1404
988
1614
1738
472
1136
1518
38
552
962
338
1454
424
1706
332
492
1150
1304
1638
1930
1530
250
986
684
970
826
1450
268
268
1750
1806
888
502
1028
1920
1450
1434
808
930
1758
1458
798
120
716
1086
434
1602
1296
778
1298
1728
450
452
1932
34
1458
658
1500
768
1992
768
892
1658
1652
194
28
1578
1528
408
242
996
1908
788
1698
1268
348
1530
1130
1766
830
1300
1292
1246
1810
818
1378
180
394
244
1578
458
628
1716
666
1722
952
1058
780
764
1176
1218
1158
238
266
1028
1538
1152
1606
1300
404
516
780
402
1680
1552
686
1190
264
4
870
544
930
1774
1810
1182
360
1862
824
1092
262
1986
704
656
1546
358
1256
682
536
1730
1140
1312
1006
1262
272
322
866
1570
1314
540
454
492
1358
406
1124
484
98
1070
724
898
1458
1038
1012
1132
864
1592
558
1520
1782
1190
1220
630
1992
1338
1568
1308
1178
532
880
1844
1884
1088
340
826
1534
1790
926
1610
656
1240
1690
1374
854
1352
1328
126
1070
1146
484
890
714
1298
422
1476
522
1396
52
1248
1742
866
906
62
1454
1974
190
238
1268
1422
1666
1972
1432
314
1984
1306
1062
1458
148
784
1396
600
974
510
296
316
420
1044
1650
1822
1488
1052
1158
1526
1828
1310
1306
174
224
1986
1232
1164
454
812
180
594
1632
888
486
1586
904
280
810
940
238
682
820
1942
1466
648
1986
1412
702
176
668
586
182
1750
492
1638
1708
1994
150
1068
656
112
1048
1104
1392
142
1166
1926
966
980
1402
1400
646
1498
1846
946
1640
350
28
436
1556
818
1438
1020
36
1780
1668
248
1852
1236
236
1752
1554
1392
358
1568
1502
978
1234
1234
934
798
1896
56
14
1270
1862
1992
908
974
682
370
628
1452
706
1938
1676
1776
1756
442
1578
1156
806
1306
1130
1800
1874
1070
22
998
1494
768
1786
602
1442
104
728
1584
602
1274
940
1542
1730
676
216
830
906
1698
216
820
1572
1944
430
1578
1244
1118
1692
410
20
42
82
1378
1260
1162
448
1298
1748
622
1020
1416
126
850
1374
1614
138
908
1428
1396
1282
1806
1518
1836
948
1984
266
92
886
876
880
370
1074
1504
310
1070
1142
340
400
474
574
1578
282
60
84
548
1580
848
1962
936
918
1028
1840
1940
1356
1840
1152
664
962
380
1174
1110
1292
866
782
590
178
1118
372
542
88
934
458
378
676
1980
1568
1660
864
1084
1818
378
1530
1096
1724
1796
556
1814
1684
370
1480
1086
600
1650
104
1488
666
646
92
1054
14
408
712
1140
310
906
306
26
1904
326
464
672
1220
76
1920
1410
1392
1876
1718
1170
1842
442
1008
1780
1004
4
1672
1016
380
354
220
1082
414
1826
992
910
596
202
276
606
1132
334
1064
1914
426
1900
720
980
1642
456
1114
1210
646
688
1732
818
1896
1554
390
1218
1308
718
1386
238
1084
400
1044
1736
866
1096
656
1854
1582
246
566
614
788
1596
180
1334
1466
1678
1824
1210
1820
134
986
1652
550
1304
534
466
1192
1104
1276
1102
632
1692
776
978
1724
246
546
1648
1778
1296
1564
800
1952
1760
882
186
136
1988
514
94
1004
1800
860
1964
178
1488
1198
50
992
672
850
1268
1952
1378
1384
1484
486
380
1858
986
502
1280
1444
1322
1290
134
1596
744
1110
710
1340
74
1142
202
1398
906
212
1150
1680
1858
74
1086
1638
1656
154
620
1938
562
1458
834
1530
1932
14
1378
266
1592
12
262
466
184
1354
488
1608
1686
734
40
808
1792
1240
314
1174
380
832
134
298
1546
750
472
1348
600
640
108
1898
594
1224
168
450
190
950
484
1956
1820
1558
582
1580
1004
1778
1074
1096
72
1568
368
1548
1420
160
1412
1226
1392
1970
534
10
360
8
1404
36
1584
664
248
228
1310
1482
348
944
88
1166
1254
432
1832
1718
1586
904
1236
594
526
2000
1058
34
1686
1618
130
1946
1910
920
1892
686
238
1938
1862
636
1718
1940
1584
1974
70
1028
1580
574
1564
1204
904
646
518
1214
46
472
226
1486
176
1016
1920
240
1652
228
728
928
1886
310
1854
516
848
730
1900
924
822
1192
1620
1504
926
1904
1474
1246
398
1420
224
1048
1324
38
840
338
1630
742
1682
1278
1022
942
1818
460
1080
1272
624
966
816
468
1226
932
112
1796
1822
1756
1192
732
1198
838
324
1412
1590
1778
1386
1270
1310
766
1370
1112
232
1016
1214
1446
1672
84
1058
664
806
1574
1062
624
864
574
384
772
1372
1172
1684
1300
830
752
1850
1656
582
252
272
494
140
492
74
1106
130
1750
1220
984
776
1990
690
856
836
338
336
124
1670
1978
180
906
1284
396
1004
1212
154
702
676
136
1996
154
1574
1078
1424
18
1082
1412
206
588
1288
1424
1024
1242
1970
758
1734
824
1376
866
1036
422
1384
398
1576
136
1670
1504
702
1542
1726
366
1464
1802
1516
942
156
470
1256
880
1420
1694
238
1088
816
864
164
1666
1166
234
1450
380
942
362
638
1458
1472
678
1684
1096
1814
532
1720
870
1132
732
120
1518
1502
1086
1634
956
178
276
494
1908
656
1314
1940
362
1086
1922
920
560
764
1952
102
1898
1058
1904
1658
954
112
1888
1280
90
12
1618
1776
760
1286
1568
414
1148
32
456
1884
1250
1124
2000
240
430
128
132
36
1466
652
1410
1998
970
1146
570
1052
546
806
1760
182
642
1174
1440
1016
338
1922
658
468
1514
758
578
1038
684
546
1394
276
614
78
1322
1604
670
1600
1368
1604
1648
1268
1712
1328
964
876
72
790
1848
682
1954
154
386
1046
274
616
516
788
524
1508
450
710
1552
1264
656
816
1254
820
906
246
246
1836
36
1616
608
1066
1438
1330
816
1996
840
1254
218
498
1664
1906
280
854
554
866
898
548
886
122
124
1070
324
1214
248
406
738
1848
1790
232
734
886
1780
770
1466
1202
1348
1332
1062
150
1942
304
766
1850
712
20
192
264
1488
4
1032
1838
1388
342
384
494
1014
530
1928
1298
1512
1726
1092
1460
1694
1680
1850
72
534
624
1038
390
1852
1530
2000
558
1940
600
1484
1848
326
900
800
1034
1586
390
1038
274
1172
1050
424
1922
62
1524
54
90
1912
1374
1372
904
1510
1734
1886
1422
1432
548
640
1280
638
304
1260
1224
1312
1864
1500
986
530
1086
1304
1116
1982
802
80
1056
1886
912
1058
436
384
1570
1566
1378
610
142
836
366
1762
1026
854
398
1864
902
634
1320
950
400
74
1938
18
1486
866
1240
406
422
1498
1892
492
1588
1562
670
120
1342
786
1030
1070
874
842
938
826
568
902
140
1612
244
350
36
1290
324
1468
358
1562
918
1692
1506
684
724
278
1826
1612
548
584
1004
66
972
852
76
254
716
94
1510
160
1702
1990
468
1254
998
622
1576
1100
1610
88
1394
140
536
60
938
1744
1072
1192
1452
1726
1602
1724
356
642
484
372
1992
1538
140
56
1366
136
180
280
426
1478
466
1242
642
956
1316
1402
1620
16
1456
1250
638
336
1836
1496
650
1078
1418
1990
320
272
226
876
1794
460
1780
454
222
1302
900
516
1864
1380
1212
1180
1696
1074
1532
1570
448
174
1918
1464
464
1102
1008
1436
132
1668
1890
1840
1084
752
330
1366
1786
296
1420
1936
1564
338
1500
960
1828
766
550
718
1420
616
1718
954
1000
504
636
1726
1274
1586
1352
742
1520
168
1208
1914
878
1544
6
112
974
1894
1740
64
1622
838
1524
900
594
1604
1812
1466
1898
1234
1904
1982
18
670
334
346
654
174
1300
626
466
1268
728
826
1428
216
212
1496
1646
1806
1572
204
166
1064
790
1698
1924
1046
962
1646
1796
234
472
1614
1362
926
1438
666
188
1260
1470
416
1334
1294
1280
788
284
1862
1968
326
1220
1690
1322
1852
740
960
298
860
680
960
1612
1692
534
1714
94
40
1042
72
976
534
1800
280
502
922
1406
912
474
1778
652
1920
470
796
442
670
1862
12
1230
1638
1194
1988
942
2000
1350
920
1498
100
136
600
822
1416
376
1612
1180
1846
286
848
772
46
1280
1010
416
414
1124
1272
1238
546
1532
664
32
1550
480
610
1042
1360
968
1940
1694
216
1916
1556
1034
2000
680
1016
1870
1612
650
1910
680
620
384
1366
986
1768
680
780
784
1706
858
200
1776
646
1884
1416
1806
1820
1774
810
1746
460
400
550
350
180
24
366
572
1474
1946
1266
1374
750
474
1938
1288
1972
1100
1306
1796
1704
628
1538
200
408
882
560
988
890
1602
1600
716
1920
1254
372
244
1908
1172
1992
1770
1354
220
302
1492
1202
804
16
280
430
874
1174
1874
1904
1900
788
586
1890
12
226
946
1160
974
1594
140
1524
1974
126
1330
422
870
402
146
516
1652
566
1804
708
1678
488
1132
790
1466
940
744
1586
426
1814
1320
942
1358
1158
1558
1864
1678
1052
1202
1032
1306
1980
240
984
1026
346
622
1800
1802
734
902
454
604
954
1964
1170
988
312
1218
972
1948
1634
1424
1568
1158
618
1820
162
364
1906
356
1644
330
276
308
224
718
1720
646
918
950
948
1096
644
1102
444
1592
526
1412
1016
176
1930
1074
1068
256
268
1488
1840
1036
310
24
270
728
1570
1226
290
1934
700
1300
1132
1554
1994
38
172
20
1286
856
1682
1548
442
1564
1140
1264
1410
1526
224
1370
1904
1444
652
1018
788
1770
174
548
1028
854
1522
1266
1346
1068
68
482
1360
1202
1948
532
484
1944
832
1590
752
158
190
1618
262
352
1378
1888
1562
1976
158
1870
428
1934
1586
118
1894
78
1764
678
172
530
1744
830
326
518
740
580
1834
416
220
474
374
600
600
480
1448
14
60
520
760
962
176
1030
846
380
406
1042
1750
934
1466
1710
1854
142
190
1990
1368
1148
1128
934
1384
1612
408
306
726
1542
1754
1344
186
816
1036
1904
1520
586
368
642
292
82
562
1492
448
1288
408
732
1294
82
172
1912
130
546
1656
1416
1066
564
1292
1986
880
436
634
1878
1468
788
746
1604
1976
534
1016
1248
904
210
156
1656
1852
6
720
1384
1278
908
918
392
1024
622
956
1442
942
1766
1306
1268
1800
286
1866
1236
336
42
496
378
248
792
322
166
652
1382
572
1278
1748
678
60
1902
1362
1686
510
1976
156
754
1114
692
624
1174
436
636
1320
1526
306
1492
1490
974
898
212
1912
438
264
1140
416
256
38
1648
758
1532
1974
1962
182
954
870
1640
544
1994
290
346
1658
410
852
1154
512
1530
1084
638
1672
914
408
1432
1286
1028
1480
444
1254
1364
1024
1078
122
1636
1852
64
550
1556
834
1436
778
50
844
874
1406
254
952
72
638
294
1504
164
1472
56
1826
406
264
1254
166
1162
408
1106
714
1178
1968
1826
1942
130
32
78
1294
1240
638
264
1612
1874
284
1530
504
776
1328
1854
108
770
1512
190
60
716
1952
102
1840
1330
470
1070
1660
976
828
512
1790
1416
1296
1600
970
714
1856
1116
816
1006
208
696
534
44
760
1934
1374
922
1362
292
782
804
642
1524
644
316
1928
1144
326
1072
722
472
1706
20
226
1098
788
888
774
134
586
1030
1684
1016
1268
1226
1140
604
1854
1548
1840
594
496
38
552
294
960
906
856
1628
1228
1278
1024
208
1994
1840
478
448
126
1276
94
1878
786
1198
1352
158
1138
1042
178
452
364
1636
1352
2
822
1676
1206
592
244
954
378
1106
1544
1814
1010
716
1902
1296
1102
450
1924
916
898
292
252
120
1316
1164
1804
270
1198
1216
364
1092
870
952
468
896
1620
1408
470
632
1408
1274
1178
1674
718
618
470
1168
450
1940
542
160
1742
80
372
688
1668
1648
232
178
1856
1902
656
1700
470
1088
524
1456
838
502
550
58
1958
456
1484
1248
1680
868
724
1584
802
96
1222
356
1190
1654
984
556
232
1628
764
316
1714
1248
1212
1790
1732
1324
1684
876
1466
1242
774
496
1426
1724
1040
1110
584
118
302
1400
2
428
864
212
262
1146
1248
1866
634
1402
1580
152
1002
1716
1376
980
1776
260
864
6
150
238
510
1940
1276
1394
1030
1174
636
1668
1820
1738
744
70
154
1378
1952
1192
550
1110
1074
338
1992
490
1218
1082
1934
1614
1786
186
1960
248
1038
1376
1476
124
108
426
44
734
1214
112
850
1016
1100
1130
776
72
1410
112
1520
240
1548
1318
14
1020
108
404
1130
1674
784
1142
258
720
822
1730
1730
1022
1806
562
1474
1902
324
666
864
1230
374
122
1926
298
1130
1822
1294
1090
1072
988
546
1996
948
244
898
604
1644
1246
1668
1508
1534
1004
1414
250
1472
1808
666
1804
832
1566
826
1780
2
1958
428
112
510
1276
1338
1608
1750
1562
906
430
1584
496
1920
12
464
1952
1102
1416
28
556
160
1504
1770
1658
370
1920
1378
710
1434
968
102
1690
864
732
1620
1404
1860
1586
348
1462
1286
1576
1870
1574
254
1430
214
708
1880
400
864
130
920
842
1712
1376
1764
1626
292
1224
1564
1464
1540
1346
72
1648
560
860
1968
1730
1736
890
1498
1976
174
882
1538
430
238
76
1224
1636
1430
472
194
1942
1462
1970
292
420
1128
198
1010
1784
1706
868
1128
652
874
1548
1588
1084
1678
1844
996
742
1968
1002
260
1066
60
190
544
1658
494
336
1254
354
10
108
1924
336
666
1108
752
1832
1536
1520
1966
1652
1778
312
1972
154
450
1240
1226
1418
250
1446
1508
1148
1316
38
486
270
1176
1398
1684
46
484
228
1606
1866
448
782
1206
1836
1456
690
542
234
1442
904
1914
928
1152
1090
668
852
158
872
948
1296
1768
1004
1190
104
734
1996
1948
1130
1180
1656
24
1774
62
1302
558
1182
856
612
1940
1422
118
206
1998
1904
1000
620
1794
242
1504
1790
1130
1396
1814
958
1650
1360
820
1018
430
1292
1082
544
1984
1296
462
210
366
1886
1988
1526
1636
638
1934
1870
608
1520
1718
1572
1268
742
206
22
1638
482
824
320
766
568
86
392
1882
374
198
1218
1260
600
750
1510
1248
394
218
816
1136
1786
1986
694
1076
1236
1668
20
1976
1584
1424
966
256
1418
1058
1282
802
1288
1758
1078
1408
1266
802
1468
1052
828
132
376
1062
274
540
1902
608
1434
8
1654
1300
790
1982
1062
316
1694
962
742
1670
1902
704
712
766
1248
1132
102
1434
580
358
694
914
128
1704
888
1414
1456
1018
1232
1380
900
1660
1250
1872
1182
1246
958
1910
734
1626
576
152
294
1170
478
256
1598
1378
1114
1922
366
634
576
760
1168
168
86
402
1502
1346
1292
5053
4651
3668
1689
32
7994
2082
5741
5683
4087
4228
6975
7567
9796
5533
3528
8335
1666
3681
9528
3879
4001
3288
3174
7928
8429
5005
1894
1886
5397
7847
3432
7353
3549
2816
9705
6737
1876
8823
7780
735
1179
5367
357
7540
8836
2702
661
3251
462
4414
9567
1405
8252
2818
9036
576
3897
8257
6351
1132
4148
1765
3784
9287
9862
5045
5902
1350
645
141
6987
9161
5719
235
6856
8291
1340
5909
3575
3939
9432
6838
4221
3787
4269
8830
454
1685
8365
4256
9252
2383
3206
1475
8909
7711
2553
6710
8681
4898
3841
3733
3064
3018
2289
1139
8425
1489
6407
4275
6506
4695
93
8356
452
4910
6743
8779
1162
6566
2624
3709
5672
8160
4667
6299
8029
8089
7627
7153
9671
4494
5070
9777
3042
2809
9286
9402
3662
8425
2808
7358
1389
7828
1905
2715
2013
1355
1393
3095
4501
9130
303
8745
8303
5820
9238
9313
3724
5112
1384
1872
6605
1566
457
3827
3107
7285
2412
3914
632
347
200
5598
229
7090
3820
1775
6302
7734
1035
3589
2947
338
1279
9694
4713
4232
5953
1662
8873
5435
7052
851
6324
5959
6581
7686
8752
2165
4523
1442
623
8583
9558
5539
7464
5003
9631
93
6975
6657
9768
6454
6417
1254
9012
6006
3523
9018
2892
6334
3207
437
9540
9530
5706
2921
2019
7343
7994
8282
5459
6958
6081
5872
1445
8985
6019
8512
6890
3477
8524
470
4903
5850
7356
3553
7115
2069
9400
5350
837
2841
5588
9342
4434
7233
766
5029
8307
2889
8810
6090
1514
9910
5650
5468
5063
7831
5781
9110
1046
7262
1679
7422
4189
46
2227
4716
8280
5881
4642
920
6312
3227
8403
6910
6520
4424
4292
7201
9300
379
4053
3241
160
9724
6793
2915
3747
3870
4585
3492
4347
4603
2237
2074
4979
4377
3546
4851
5399
1537
3464
6000
8620
4629
2564
679
2353
1362
6984
4482
4637
6144
4482
9572
359
2723
8731
7626
4513
1643
1802
8731
9483
863
6258
7949
3009
1818
3264
3076
7256
2740
2694
798
9238
3124
5337
6003
3510
3936
5972
4631
8926
1598
6708
2237
8344
2861
6313
9254
3152
4342
413
3594
5276
5225
9626
3640
4745
7460
2764
5521
6230
4761
6541
6216
9302
2373
1096
1803
9253
6124
9450
8773
7657
474
7334
2826
8998
6550
5297
5304
2856
2106
7575
4818
585
6436
4921
2846
6569
6651
8331
5379
3289
4837
8038
8353
7004
8549
2080
9373
6877
4701
4894
1451
477
8235
5091
3578
550
3989
2238
3581
8989
9228
6363
9502
601
2868
4771
6038
4518
5887
307
1750
2800
9498
6528
9612
1688
8055
9855
3147
5756
2149
6081
5366
8329
5503
1174
4971
5494
8214
1738
779
2307
4838
9639
5544
4796
7804
2171
4320
2451
4957
4031
173
9671
6533
7481
4518
6925
7867
1107
8920
3213
6134
2235
3982
4650
8169
1930
234
3926
6566
2890
5921
1071
9755
7148
4400
1986
248
7086
6923
3722
199
974
1958
7531
2673
1541
3299
4016
8467
9757
414
2475
7020
9525
5929
3858
543
8835
3840
8874
3968
6334
6530
8291
9843
5490
2708
6052
1602
2913
2263
8325
935
1287
1068
6594
1171
8111
4154
1467
9465
8774
1539
6838
2906
5560
7858
590
360
9966
3253
8674
741
2149
1984
4110
6632
1374
860
7280
3743
3139
4145
6113
4631
3101
4326
2009
6414
5944
3563
4023
891
9655
7016
9486
2099
7606
2131
9982
2478
1906
7816
9037
7257
8284
1629
5672
4233
5005
929
7062
4730
310
9142
8384
3922
4621
5045
8039
5029
714
5601
391
2049
3299
2844
2465
9314
9412
2970
9951
4679
3537
901
4315
324
6703
3957
5921
5004
5992
7420
5682
5871
6701
7867
6135
450
1095
4660
2354
5241
4078
77
1527
5638
9822
4614
510
4433
3876
8081
5842
9291
9626
3730
6977
8749
2730
625
7271
1404
5919
4552
6200
3951
5692
7230
964
5145
3708
5366
680
4345
9336
301
460
1005
5245
8805
8406
4404
6735
2986
13
257
1242
450
730
2037
5012
852
7737
1524
2872
5451
3755
3341
4125
706
9690
3742
1452
1592
8452
5124
9299
9056
9000
5285
6373
9628
8695
3143
4952
7377
3721
6178
4823
7146
1148
7873
4155
3298
6049
2039
1206
2298
4939
7914
37
9210
4571
1767
7572
4540
9963
3651
9522
8258
1124
4655
5737
5157
913
7035
3732
6650
3772
3972
3323
3224
9869
1078
5277
754
5417
7955
3685
4557
8848
7063
9853
6675
2352
5771
2108
391
5301
151
6966
1010
1664
2523
8381
531
2360
5410
9552
2525
9497
9706
7499
5237
2229
8371
3661
2830
8134
6774
3873
567
6873
5348
222
4703
9508
7710
1097
6065
305
3747
1531
2699
9421
6558
4736
3020
5519
6869
3607
5636
2829
1029
9830
8103
3091
9157
5583
9538
6567
8425
5348
1825
448
9436
8043
8567
5529
9205
1990
5657
5051
9635
4985
2793
6261
470
4365
2760
6070
5262
2107
1995
2822
8468
9250
6169
8909
1640
4735
1747
7073
6682
8454
1357
8459
4755
3943
3368
5798
7307
4618
6513
1208
3437
3696
4029
6359
897
1752
4969
8583
773
2883
4241
3215
5416
1622
9357
2098
2456
3321
7391
6662
6509
2972
3835
5702
546
2800
4338
4678
6332
2530
2435
1361
1165
7834
5530
522
3043
2535
4911
6412
7569
5046
8632
7321
5884
6329
4130
6452
25
9284
28
3662
4655
8716
2421
4888
2655
3744
1770
1519
6985
990
4680
415
5815
8756
3507
8416
4985
3938
6396
9770
9762
6321
1357
8616
7752
9847
461
6864
9731
7922
2960
6437
4689
6732
7597
9771
5280
4054
8156
1891
422
3788
9720
5015
1192
8602
4942
1769
8506
3765
6970
8495
5752
9923
6226
1416
7094
9358
1429
8356
3751
4637
1026
7747
1742
7135
6591
3029
8987
9346
149
5195
3596
546
7655
2583
5022
4741
3788
4158
4183
2631
1608
939
722
4084
8404
4184
7492
2591
5637
2774
7485
7092
365
1240
9351
5083
6276
2704
5169
858
3865
8850
2433
8245
6413
2612
1584
499
6293
9788
2160
8985
8656
9637
8431
6061
2416
8180
6588
520
9483
6176
8367
6125
5358
5420
4594
6684
9304
7091
1934
1420
986
4446
2627
9353
9078
6826
5455
5276
9686
6015
9892
7676
264
3167
3241
4930
3121
3840
620
1587
2282
8199
8080
5319
8736
2506
8649
6653
9590
1236
9618
5088
6192
7592
6691
5933
4838
8583
5116
2275
4978
6716
5263
437
1271
6468
5462
7890
34
8944
5580
2042
1292
614
3017
5422
6138
5323
9736
8400
2627
7392
7055
3758
7980
3165
1916
9142
489
2253
2177
780
9607
52
4208
5040
5286
9476
499
9822
4581
9382
9398
6653
103
1690
1074
15
9415
6007
3805
2256
8341
18
6286
9948
5994
5422
5162
6978
9204
9650
1877
1393
8087
1811
1715
8463
2710
4806
2301
3189
1786
7240
6641
9116
2465
1819
5518
3243
3938
7186
5193
6412
1489
5941
6270
1423
5012
483
4765
9453
6762
1033
2636
4073
8741
3017
1628
940
5613
2023
9427
7837
8453
3365
3092
8959
5899
8338
6586
4522
3978
4495
8373
6321
9636
7853
1902
6759
2180
2278
1258
8814
238
710
5586
5485
842
1110
2067
5449
2347
101
6177
7284
471
5126
7078
2822
263
1368
1611
9315
8171
9900
8724
3616
2103
9146
1207
8356
3439
5802
5458
3220
3013
6837
4621
9053
7706
2442
8064
1727
9844
3150
7927
8937
2241
1697
1084
7920
53
2078
6544
4148
7913
5829
9456
6550
9432
883
6932
7593
9072
7587
5651
9769
4306
831
7938
4568
4973
5061
6963
8750
9465
8804
750
4987
8146
78
2880
5382
6743
4674
9065
3305
6870
2261
4210
2344
3603
7044
3742
79
3783
20
1627
9974
4339
238
7124
790
4285
5507
8066
3388
639
6493
1026
4629
4539
5913
6657
95
773
5539
6250
2580
9407
7075
9960
5293
5390
2040
7016
2090
1942
6664
9931
8867
6197
9075
5836
7773
151
5799
2124
4428
9080
8625
4015
6491
2772
9626
6152
8561
1172
5846
1196
46
2355
6759
77
9405
2221
8250
8855
1957
4724
1654
877
1677
5725
618
4342
9827
4594
8681
5823
4917
2174
4526
1924
8112
306
3933
2166
5833
4522
6146
2663
7936
9166
6530
5960
8324
3325
9959
6621
2442
9356
4117
8843
4454
8357
3104
5758
1837
6600
6502
9170
6512
2003
2762
5738
8459
3139
8706
8440
5568
4404
4831
8927
671
3850
3219
9097
877
1657
4925
3216
788
8442
4414
2846
5729
7542
9801
3892
9685
5247
8856
3083
8870
3838
7482
7281
7854
7175
6732
4765
7159
8827
53
4701
7316
7157
4114
5876
943
7480
6856
4703
4604
7137
9646
7327
8292
1787
8028
2677
2836
5879
9250
569
8322
2498
3682
7542
7800
9367
4920
88
9532
995
7026
9071
92
235
7430
6385
1173
6366
8595
9211
2320
9269
2718
3483
76
9201
8854
2864
4002
2226
7383
6413
7473
2333
4523
2791
259
8165
3485
4760
3428
4085
5162
494
7937
5277
5597
7332
2620
9624
9331
2759
3305
4638
8677
7836
6547
5141
2755
5820
5710
8591
6892
7311
6003
3171
2736
5510
3720
6908
7743
1679
706
6879
954
201
62
6706
367
5953
2171
1671
3445
5308
6291
2058
4600
7790
4086
8636
4277
9544
3428
1228
8276
2384
143
4116
6978
3411
361
9016
6928
5574
8870
6182
5023
2726
8315
6043
6979
4582
3791
9580
4638
7608
105
9973
8988
2751
2090
7571
897
403
1078
2397
5177
5793
1565
2637
2574
3050
6511
9376
7701
9253
8610
4152
8044
4869
9857
2237
2327
5891
8545
6769
2001
1216
3209
6670
7101
3646
7337
5387
6121
2109
8906
6312
2827
9904
7640
1351
4489
9547
1859
2266
6866
8026
8286
2095
5831
7630
2348
2879
7990
2172
3979
8074
1657
8201
5065
1219
5963
8485
8892
796
3264
5110
97
5263
8894
1000
3991
9548
1343
4537
7394
414
24
1824
5017
5
5208
8038
4415
6069
7609
471
9949
7522
3638
918
4376
7904
5808
7938
1271
4081
5845
6486
494
5265
4661
8023
4279
1021
1486
536
8344
6366
3970
3976
1323
4777
3687
7878
8340
8790
4680
9821
2745
1484
2812
2320
8744
3693
2709
2712
126
4420
889
4802
5655
4523
44
2927
5867
1780
9685
4730
5235
845
1822
7905
2225
6625
3008
4368
2215
5955
2593
7879
3064
6957
7672
3237
1468
6474
2744
3925
7190
4672
5293
8290
8275
4248
3377
5231
3271
7590
2579
7175
8072
549
3489
9985
9351
3601
6367
4527
7772
9783
2302
9940
7797
386
3056
5975
9452
773
9384
1244
4547
4003
7707
3189
2187
824
5545
7576
4663
6591
2097
3165
9078
9100
9494
4399
6445
6147
9920
171
9564
5325
9874
6705
983
115
9183
2702
4535
2959
2298
2486
7830
8586
9191
8633
8033
1816
7733
97
1592
893
9634
4077
7172
4376
4330
5127
4155
824
5314
8646
2789
5045
1144
5584
8936
4239
1704
3325
6170
6307
3232
5871
7638
2159
5723
5718
5992
6558
4242
9005
2208
770
5045
2178
2288
8831
8408
283
4345
3306
6006
801
1200
85
7418
191
5027
792
5391
3802
6000
2662
4069
1377
6700
7005
9171
1575
4378
7799
1833
7342
3768
6041
3507
5727
2811
4670
1249
3644
6427
740
911
1280
803
1806
3098
6005
3959
8876
3469
2662
8986
5112
8522
7043
2458
4223
1201
5053
3239
7902
8873
2046
6942
9998
5896
1520
667
2120
6945
7754
9052
3840
6897
155
93
8112
693
8524
59
2618
127
1819
3121
5554
3312
8027
937
4841
1447
1043
521
6318
4945
195
8729
9645
2317
3648
4456
4765
1009
8804
4822
4713
6904
1471
1010
4751
8739
1852
5607
5844
4235
7155
2894
4589
6541
2598
6150
1581
8641
1938
3967
7680
2351
2232
9563
9475
2663
1156
3807
8018
3178
1325
1227
7065
2256
7864
927
530
9875
2293
9040
474
7164
7136
7284
6561
2480
906
9243
4621
1857
7679
8737
5981
5821
9072
2628
1162
8600
4354
3335
4944
8731
9422
887
9041
369
2425
8768
8439
6470
4844
5822
4204
411
9
775
153
1079
6552
6692
1620
5109
4427
5596
5465
7010
3434
4956
9510
200
1363
5424
689
1550
5832
9979
2551
1553
4399
848
7585
8286
2061
2296
2371
5205
9628
3122
9875
8369
4151
5602
3669
3570
4616
1642
4227
1957
7878
7470
5803
354
2174
7341
3580
9261
2029
4147
9525
916
2841
7169
6725
9399
8473
369
9102
9476
5831
7379
1853
3252
1408
6778
3334
3214
9561
805
1790
6839
8216
8421
3574
6150
2416
2087
7475
105
8968
4919
8677
6986
1583
8212
2891
2310
814
4998
8768
8505
8203
3305
6708
1305
7219
255
9370
2206
8855
1281
6649
4359
5301
6442
6748
5053
3913
9553
939
6869
728
3950
3346
7456
6273
10
3147
1796
2864
6228
401
1322
7439
7683
1112
6511
5688
2787
9869
262
1665
5962
8277
6275
4949
9749
5118
9527
1897
4354
8847
6458
3479
2064
8615
1446
4478
4464
534
9264
2677
7500
4702
6431
4297
9874
8720
6915
9830
5098
6447
9837
88
9568
2290
9473
9882
7266
3396
7362
3087
1455
382
9737
7592
2412
9173
8317
4385
6629
6937
2583
7903
6288
1040
5123
8420
3951
1422
815
4057
8273
6792
1814
9047
6229
1045
9504
8115
3055
2115
7324
7729
6701
8841
1143
6089
4162
4259
6340
1762
8399
9434
517
4269
6982
2933
2975
7856
8010
458
1418
2879
3723
2951
3235
7723
3420
8114
243
7098
413
9686
129
8840
7399
3871
9561
8154
6370
753
1808
2840
2780
1666
3372
5600
9877
8112
3197
320
7171
7564
7429
8838
999
359
8752
8627
8345
7783
8250
8155
7877
9048
9331
4037
1095
5655
4184
4960
8948
9174
7
9623
1738
7456
3997
4273
2603
3362
8204
1675
5266
8397
9309
6365
3354
5262
5992
2747
8917
9562
2877
6377
3420
6796
2182
2134
1367
3729
4497
1161
1828
3807
317
4557
913
9091
4460
528
9897
7167
7515
518
4493
9986
8771
9835
2721
1526
8274
9898
3029
7705
6898
9029
3339
5224
1975
7532
6278
5809
6165
7752
4585
274
8354
4574
8981
5779
3490
9412
5624
1534
8601
9148
9444
191
1564
2573
227
7961
6926
5969
8068
6100
1797
942
5219
4220
5085
8534
8561
2704
2922
9417
5053
7414
7803
2533
5203
6968
2877
6934
6299
1331
9491
2167
6447
9994
142
1184
6199
4059
4849
4919
2576
7454
953
8646
9545
3701
7965
1089
3778
9909
1955
3796
4808
5987
3972
6066
7712
7367
4266
6698
6916
4261
5960
5711
6529
7787
8503
2522
5564
8868
5729
1089
827
6988
8985
6542
4505
6192
7339
2672
3835
4235
3379
9190
4920
5794
3488
1465
9562
7280
6517
7495
5101
7851
451
57
6712
7969
4624
9355
3113
5055
684
5206
6021
2084
7683
5200
2551
1651
4438
5448
865
9940
3142
4796
6483
1002
9717
1534
859
4226
5282
9867
2407
5590
1468
5678
3547
4975
6925
1262
6072
6884
3388
8365
6124
5449
509
5573
1811
5894
6422
4129
8798
3532
2480
9983
3472
2427
9153
836
9556
1406
8303
9803
6916
5507
5720
108
8059
136
3067
4092
4585
9560
2679
8939
8631
1678
3130
2334
8024
3024
8668
3517
4734
7425
306
1251
4467
8734
8524
7621
2174
9377
8881
1807
8467
3534
4900
2835
8756
2380
1266
3137
6832
8934
6218
477
7229
8099
8098
9603
6782
8683
3073
6688
8024
4963
4813
6185
6602
4780
5059
2574
1686
7502
2405
1129
8505
7712
5596
3544
9273
9156
873
1823
3469
9325
7098
3741
4469
9622
1567
8962
1175
4731
6809
2923
1415
9553
9433
3560
9437
1893
7352
3389
60
7073
1738
4443
7960
2257
8738
5890
6693
4978
5972
4745
6617
6199
709
4573
3890
7193
1666
9497
5096
4411
9942
5337
9005
9974
8305
4212
8722
6510
9173
8119
6395
6544
2489
4983
1036
3850
8071
9934
1132
9632
7463
2417
2020
9510
1947
2701
3080
7223
4962
2252
8138
166
3050
8651
8393
5410
4017
3222
2424
7784
6418
8066
8223
6506
844
826
5268
3359
2339
3107
5496
3515
5824
2423
3096
4901
8231
7978
8120
5191
4716
5350
5425
7050
2300
2753
5595
2567
2900
8576
1266
9952
2162
4389
1916
8801
2796
7277
3276
7390
9161
9134
7413
1481
1572
4863
2368
2550
4548
9791
2117
1909
7966
606
4224
9867
4397
1026
6796
1572
2666
4814
3632
2330
9051
4395
1989
5751
5507
3909
6032
5263
7394
4667
8833
9313
8087
8492
1290
993
6512
6410
7756
6581
8149
6562
9036
6573
9745
1768
8133
3216
6171
5893
4244
8420
4556
4738
5458
4507
3420
2376
6861
394
8148
7752
7823
2534
6794
2853
3379
4067
600
1695
4218
600
1338
1438
2738
5707
513
5359
2603
9596
7149
1798
6391
959
6391
2843
8964
1859
5450
1493
1175
6512
3946
8336
4077
3303
7186
6974
1269
9700
4039
21
5559
3556
4348
4573
3185
5789
3941
956
6027
3185
672
7953
1162
4013
5439
8327
7895
3827
7554
650
8279
9605
2852
8234
9489
2971
2047
1056
5979
2967
1226
2547
9341
9683
9468
2766
5488
1639
1580
8760
7432
7894
357
1450
3974
3309
777
509
3696
1258
2128
7277
8353
7534
6644
9387
9193
8672
5013
6300
9382
2486
520
4880
3160
911
8502
8683
7844
3651
7296
4429
4567
3326
906
4938
5763
748
4905
1700
8824
9269
8658
1188
3640
7628
9062
9696
1622
830
970
632
5621
841
8917
4773
3914
1944
5095
8313
164
4091
7829
8146
8211
1653
2508
6441
2319
9430
2392
4141
1280
5793
893
3465
1027
7336
4918
6002
1423
2018
8229
9812
3294
3347
4682
5267
9766
8737
620
8062
7536
6274
7848
8762
9742
5888
9652
8301
2668
7962
3583
2193
5866
8148
9136
8365
1227
2734
4891
435
7170
1078
8939
3794
9174
8292
1817
9851
1409
6454
3988
8432
4786
7957
1234
5821
3274
1794
9527
7621
5371
7517
5899
2838
404
4889
524
3238
9468
9457
647
2230
1801
7596
7587
774
4754
8406
2315
8131
9813
6898
3450
6065
4829
8874
6764
1908
6001
830
8172
1268
7210
6147
595
7637
9201
4641
3732
5920
6833
3705
8709
9897
9451
9341
3079
8115
7485
1373
7061
2508
4623
4077
1645
550
5779
2494
3945
7042
4143
5177
2188
8204
169
9049
9303
4561
5067
5967
6009
6519
4767
6441
9306
305
6241
658
1340
158
813
7037
7053
4597
8115
8881
9430
5049
2303
133
8509
7693
5146
4333
3588
4001
7599
3275
8362
6965
9334
776
3773
666
806
2398
6774
5845
3803
8163
522
4860
6528
7295
4278
707
157
8750
6699
2664
722
7327
4531
6836
8010
2839
3132
5424
9275
3137
3973
3657
6038
647
9929
7315
330
6280
9709
4674
2025
6568
9483
1767
4482
7068
7012
2497
5414
6586
3543
5160
659
2297
8750
8058
8000
94
5006
8104
7649
7365
7895
7195
8059
4432
2449
6509
682
7368
3772
3572
1133
2229
2103
7610
4488
9396
1390
5097
7912
2490
4045
4185
4246
6604
7246
3303
3513
2051
4526
673
7637
1596
7226
729
779
3782
1992
8663
1584
6307
7608
8598
6303
6075
9560
4746
2806
2530
4076
6154
2260
8894
3900
3385
4942
5534
4771
8016
4515
6461
4245
7686
7449
2513
9762
9569
366
4805
6496
3587
2882
4597
6380
8533
4417
6470
25
2005
3938
72
3339
9613
8369
5206
7394
2043
974
9134
3903
5169
5576
8421
5024
1702
1982
3
1468
7422
5940
9261
5519
2385
5514
3940
7719
6083
1851
4272
3172
2400
8830
2605
6627
6540
1850
9671
7260
2366
739
5309
6096
9196
4624
9729
2811
6883
9728
4952
6338
3544
5383
4870
9859
1955
864
8218
4518
7845
2514
9860
5763
179
4045
165
7388
2432
9162
8590
2545
7161
2813
6885
1883
2417
7517
9305
2828
1621
812
9045
5913
3787
7550
6459
4264
1854
7805
7631
5270
2957
8503
4222
9868
7829
4272
5386
6266
7513
5625
6496
1876
6488
1955
1228
9065
6276
8813
9621
9131
3065
9739
7627
4124
4868
1275
287
581
8353
8629
8329
3195
9344
9198
3887
8802
548
2794
5775
8923
7476
2881
2767
5356
671
1290
2978
6225
6757
5186
8086
4980
7022
2761
5116
27
511
4334
9111
948
4587
8498
5020
2604
6006
3395
5290
7283
2769
319
4818
3309
4163
5407
8821
8228
4246
5039
2260
917
9489
8432
9847
513
8019
9425
8870
2601
5249
891
2041
4673
9005
1958
9990
7310
9371
871
5071
1833
6512
633
9256
7187
3444
3219
7681
6893
4764
5541
5077
3709
1424
1766
3005
9026
785
9456
5703
3214
6893
684
8886
2665
7173
6775
8408
8421
3287
8566
617
6015
3947
4058
6564
9223
6158
4512
9157
4725
4471
1854
3465
8604
693
8917
9940
5508
2496
4440
4591
4557
7733
1848
9578
2203
166
6064
276
3378
1711
6781
7549
8684
5
8699
4655
532
9985
2540
3264
2717
6174
5120
1
2958
3562
4407
6261
7374
798
6886
8608
2905
3759
5805
2173
6039
3312
292
4513
2736
4393
7218
789
7199
4979
2301
7980
5568
9151
7399
3976
7606
258
139
828
1329
4255
2113
9155
8208
7733
8565
2467
850
1785
528
1611
429
4457
8559
6279
7328
7710
9907
9992
9355
1987
3925
4587
631
274
8200
6525
5558
1878
1179
8099
4520
7904
3178
7350
7076
1626
6123
4985
2010
7780
673
4277
8630
9321
5062
5508
4449
5074
8079
8772
1643
8773
9988
9147
3959
770
9846
7888
2823
1782
834
2150
328
3408
2353
2117
340
5823
9805
7009
6088
4339
7290
3378
4255
8462
6775
8491
7540
9319
9142
5058
4487
6069
9772
1649
4727
7752
3311
2566
5330
2015
9358
9051
6857
3720
8365
6950
2884
6162
250
6496
1420
2723
335
6355
8420
5242
436
9534
3749
4878
1969
8668
8347
6675
932
6254
4127
2691
8398
6891
5556
4444
1456
6085
4317
3604
9253
8129
6417
756
7323
3946
1837
1027
7691
2273
846
4853
6187
6070
9427
1930
7654
8569
3742
3172
9107
3808
4712
1302
2596
9026
6075
2373
5390
6430
9764
1729
1779
4492
2477
4019
623
816
1284
8447
9509
5712
6574
2649
3452
1519
3617
8714
5546
4760
8546
6060
2074
6166
8048
9686
6337
5172
7825
1353
6814
7220
9848
1384
6437
1980
3807
8385
3190
8342
4787
8893
9305
2493
5419
2118
7359
473
5630
703
826
4205
4291
8055
880
2279
445
9156
4571
2006
2968
8708
3213
4936
6097
8594
7177
4757
9673
5791
2052
4642
8265
4500
5259
1330
9516
4060
149
9487
5177
4889
6268
4352
2934
3089
5279
1971
9687
7661
5919
6175
2569
444
7392
606
6808
4546
7856
3931
4383
1747
1197
3123
1591
7223
8644
3134
5735
2009
6362
3203
9099
3430
8897
2329
8967
2319
1645
3982
3401
8790
6460
1998
7715
2883
2914
7101
7156
1310
8482
2246
310
5554
3514
8114
5977
5483
6551
6243
8696
5490
2743
354
2388
2961
232
8255
4011
887
1893
118
8989
5760
3141
9856
1177
6440
6738
2869
600
5785
6551
6821
4185
5747
6406
5095
4399
2300
8114
1130
5729
940
6360
1695
2185
5308
8054
720
3735
8987
8362
7859
8247
3084
5899
1614
6414
2875
4114
9986
5808
9385
2552
2522
7288
560
6764
6135
5668
3365
9167
1959
6960
6137
8185
7969
1944
2195
8996
1041
9928
6004
9937
4110
7655
7110
1750
4365
1869
276
3569
897
4025
8172
6868
6775
5337
4523
8922
9561
8681
7562
2946
8858
8809
675
3221
363
7258
1228
5639
8464
5477
709
7282
9285
2524
788
5433
8110
2534
3856
8848
1013
2854
8797
8287
8639
5913
391
18
982
4359
179
1279
17
8854
4491
7494
3312
9247
5973
6120
6440
6360
5448
2015
544
5793
5624
5323
4368
3046
7986
6609
296
5777
4575
9298
9126
5616
8213
3457
6840
4159
2808
8566
7531
9011
5038
1676
4776
9598
452
1935
8788
5957
420
707
9982
4164
6393
1316
4900
9071
9993
8865
7020
8771
8690
3167
2277
1956
9295
3751
3112
4661
9998
2585
9076
5352
4103
5307
5275
7233
4634
6033
171
5431
3688
4262
876
5232
3681
3871
4226
513
3542
5955
6788
3526
8567
270
5589
8800
6461
9949
3898
8426
5399
1669
1184
1772
1753
8241
438
2078
1709
6847
2625
67
942
7514
3014
6967
7109
7445
8921
6391
3848
1072
9628
9145
4556
9941
8112
2452
2856
2223
1117
9586
6768
3277
51
7130
9398
3560
125
1608
5929
5417
2340
2651
3363
1120
4892
8561
5390
184
1033
5440
4316
9307
611
8641
7949
9523
3
5377
190
871
9229
8414
8289
5287
113
2493
979
5925
9475
6908
8516
2826
1370
7387
8123
6848
233
1023
4396
4403
6670
2311
6394
8744
3857
331
7721
1675
3632
2727
6995
2016
1005
5823
2101
42
3490
9184
6131
6368
1531
2669
7113
9535
7514
4943
7229
5325
2886
3378
5042
5750
6110
3076
8265
6548
426
6409
562
4793
4928
4486
9681
1062
854
4192
8148
2241
1000
3740
7268
7565
3465
5191
6066
6428
2954
4852
3800
4513
2825
36
2631
6491
3656
7179
3861
3916
3145
3998
8930
627
6113
8525
7382
5168
1881
6138
2976
1195
8368
5497
2718
127
6547
2715
2395
2174
4418
4105
1606
9879
7869
7998
3946
658
2855
141
6483
5062
8112
8918
1350
1536
7227
3244
7360
662
8275
1450
5247
639
7530
4696
7287
793
9989
6209
4737
4519
2287
8771
6378
3592
589
3658
8706
9774
350
9088
9009
2023
5839
3438
4778
6755
2312
3619
7284
7393
1673
7160
8825
5767
3803
5678
6083
6721
8183
1530
1980
5934
8423
2263
3654
9340
479
8415
3445
3243
1960
9191
9977
8628
9340
6770
8498
556
7927
2692
4884
3784
9730
2834
7420
8058
1034
5553
6158
5065
524
934
7125
6223
6499
1636
4484
3583
6193
1569
1289
2868
6596
5792
3533
6057
2465
6128
3411
1740
9060
5900
5102
6671
9868
7361
8619
902
5196
3067
3771
2609
9788
1372
2494
2540
3483
3570
9127
1641
221
1181
9169
7560
4895
5051
1522
7333
8802
3605
4619
98
8208
9064
4063
9491
6687
9993
7341
4740
7513
5158
480
9988
316
8194
5660
6867
9821
273
9055
6299
1258
5760
4692
2644
6063
9845
8864
5985
3582
8665
4202
6250
4389
7593
3855
2904
109
2249
5754
1454
2580
6316
3514
4417
9328
5948
4678
828
4362
9796
1293
4470
6888
1990
6685
6690
5898
1219
4383
356
1869
2548
5745
1080
7520
4129
0
9743
8255
5254
857
915
850
6089
4111
2721
2367
4640
4803
3004
3410
8997
2931
4859
7362
643
1482
4896
4138
2900
8955
8053
8466
9609
8053
8866
721
2681
4878
18
8373
4663
7328
2580
9906
1580
7005
6836
4575
6294
175
9708
9316
6098
1190
7128
8778
6670
1255
9036
50
6989
2885
388
8917
2960
5950
9108
4566
5718
4962
3130
7548
7550
2257
2565
252
6516
7723
1857
6382
8082
2523
7756
6655
4780
1457
5133
855
9320
3705
4363
8475
3467
615
2712
7339
1798
5655
7379
305
4708
481
9963
192
4824
9730
6013
7443
6163
4168
9246
3246
7663
5019
6301
2054
5905
1512
4479
6631
4542
5854
9737
3380
1432
9993
2366
8590
6608
8741
3162
9318
1706
679
4045
271
6891
4119
2642
1963
1323
957
5316
5665
6352
4399
3182
9305
2577
415
5880
3128
4995
2148
2514
4103
38
3826
8271
4052
6365
5610
2671
4446
7607
4409
5654
6198
5457
762
1348
8108
759
6950
6234
2356
2722
2108
7088
6407
6309
2863
3306
1176
5116
6818
7537
8161
3409
1879
3348
8559
3658
3459
3656
8636
8145
5105
5127
412
5542
4464
1878
3981
175
7924
48
9099
2
6954
9880
9983
2904
1198
4726
8490
6098
7127
8289
4061
2662
4593
4632
6831
3761
7449
8471
1125
6257
116
5257
1232
1846
1228
5004
5746
6928
4417
7923
4639
1640
6445
9473
6296
5527
5134
2491
2033
304
2128
9986
5370
5785
9169
2874
155
6738
9736
1702
8034
801
1758
4754
4993
1086
5432
375
9518
8661
6178
7722
2036
9942
3430
5956
946
2556
1710
7769
4127
5190
3287
2853
7331
2829
2594
1297
9026
2907
2403
2147
2735
5761
1280
7831
1692
2328
745
7280
7727
3758
3892
8030
7112
3297
6179
9068
8849
8350
3801
2613
9126
3296
7354
5245
5848
8323
8459
4183
1970
6035
6902
7092
6768
9964
9335
8468
7300
6945
6621
9341
2428
3452
9222
2787
7527
2124
841
6067
3186
1561
2282
6369
3721
7363
6946
3227
9635
4095
7635
6994
973
7993
9412
283
6306
5505
6952
7716
1348
9593
2125
5129
2517
9938
6513
2946
6995
9655
3421
2101
4063
2227
596
6282
7967
443
8277
9556
4276
6076
6821
3764
2382
865
6508
3362
1901
4155
8042
5074
1370
5044
5182
9817
6151
7320
7734
5070
1872
7637
355
6105
2028
2710
3427
2078
584
5729
3416
2978
4417
3957
432
8886
9878
3886
8111
9717
3597
9649
3683
89
100
6822
2198
3934
5038
4087
7895
961
8111
9680
9824
443
7455
5191
2328
4066
7274
397
8566
4007
4014
2539
2230
5985
4751
6007
544
4931
5313
566
2346
5409
4817
3526
3349
5719
5840
527
9825
8384
8598
5686
2554
8298
1553
4193
7827
4288
9805
4781
2547
6293
6195
9994
7677
4790
835
5698
4467
6188
4226
7471
9976
8257
3028
678
5147
5506
6038
8609
9762
8400
5107
8205
6306
1450
9862
6026
4913
8971
6487
6913
9128
8790
5520
3144
6650
9618
1394
4205
1516
7414
9704
6953
2721
2387
8470
4493
7347
7723
1114
1427
5423
4586
1074
7022
4315
8292
2231
7179
8810
3609
9454
4772
8714
4397
1733
6783
3992
3157
2368
6013
6502
3897
2324
8826
3160
8696
8722
5298
6505
775
6406
3794
1697
9990
2517
4386
9050
8036
6970
5437
270
8786
44
6192
1894
4469
7354
6654
815
6083
3823
5734
363
5696
4642
8822
1969
2842
1491
7366
1063
5765
790
7903
2584
4679
6716
8663
9971
4235
9743
3302
3546
6707
8073
769
9581
7950
3365
3856
24
6327
1264
9452
5026
9907
5842
5988
838
7276
9997
5961
4714
1923
5136
5408
5638
9763
1170
5465
9844
7081
9836
8048
4080
5965
4526
7245
1587
8375
6416
65
3062
8391
5690
9022
8266
2565
7271
7108
8451
8688
5406
9385
144
3260
7762
9836
7626
5681
9999
7012
196
35
8318
8318
6588
1885
2546
9928
1219
5326
6801
4157
4700
2270
6389
2404
5294
1676
1779
3534
3839
7615
6334
3544
8097
5502
745
3031
1230
5123
4219
9614
1827
5393
2953
837
8617
16
1032
3171
3910
8689
7106
8137
8755
1781
520
7239
2449
2750
5980
1007
4458
8036
5304
4490
5410
3457
9530
4174
5560
2210
7104
3038
8612
7428
1851
8358
3181
4171
2000
6454
4831
9435
6259
366
5887
5134
9818
4043
985
7671
1203
5816
9826
4554
2788
3566
6952
5856
3228
1544
3017
4575
4452
1116
6491
9913
2505
1222
9155
9666
9258
9576
4944
4294
9714
3236
1931
5469
7856
89
9152
88
952
4665
2774
40
7125
6612
1937
6975
1686
7180
7333
1971
8424
8962
3457
3887
5859
9498
1326
8888
5305
4488
2374
8741
8992
9042
8148
9877
1771
6806
4583
3489
2228
4880
7879
3320
2644
5250
6777
5842
2186
8509
8712
5098
817
4280
8865
727
721
2557
5164
8935
4382
8975
4519
9116
6064
2252
8601
4357
9248
3018
1419
2046
368
679
6299
2601
9736
7083
6923
7686
3121
4296
1093
5005
6997
2202
8854
4575
637
7001
7171
6035
4683
4430
864
8655
9963
1532
8374
8110
7287
3533
6309
4037
5849
6864
6656
3436
6228
1904
2827
2361
9386
8008
8722
8215
5153
2018
8605
1288
215
5085
7684
8828
638
2684
4220
9908
1347
6244
3384
4223
9666
2840
6423
7188
3809
1012
2289
3345
9156
8705
1734
3210
2804
8745
9919
5326
952
9479
8904
2576
5632
4810
6798
1598
1261
6941
7145
9450
3332
869
6009
3068
2202
3504
1882
5940
5813
6446
4540
7666
1410
9801
3167
1114
596
3345
3317
6882
3340
2231
1572
9019
4922
1613
6116
8505
8783
1675
5606
7206
9678
9311
8465
3783
7739
3679
1684
7777
285
4228
2679
311
5274
9851
6518
5538
7226
6464
8255
8262
3561
9989
2920
5928
2364
6897
2955
3984
6524
7526
5795
7716
9985
9907
8248
156
3403
944
3770
7476
3061
5105
3779
4469
9688
621
3102
5621
8044
3770
4977
268
6329
9852
1448
6226
810
5121
7525
5594
7430
7829
9478
2046
3747
1055
2677
5371
6523
5698
8711
3942
504
4341
4857
718
7688
4694
7955
4686
8224
7534
6528
3856
7514
1713
4519
7098
1201
969
7607
2547
6900
4898
6632
2372
1214
7885
9496
4386
3857
2493
1129
8309
3553
4239
9142
9020
6777
8214
9804
9360
9224
6187
5147
8390
2013
9877
3513
2224
1151
4864
8096
785
2485
8237
2592
1107
1486
1128
6418
6926
9567
4235
4386
3414
2739
5963
5297
4701
8346
2366
4833
7778
3525
7071
1808
9655
6582
9083
3943
4484
8599
9781
345
4357
4358
631
3989
1114
2600
3923
1313
1994
7221
9014
1251
6052
58
7907
1753
4603
66
7956
2822
8604
2559
9815
2387
5413
4340
4055
1581
1872
991
2692
9238
4353
4891
5455
1691
6650
1190
9430
5400
9402
7437
7308
1700
5565
6263
7669
4693
9011
6194
294
4929
9414
5326
3044
4835
8104
6118
1870
8999
8282
2941
1192
883
2998
8531
7991
934
3240
3989
9994
8442
858
2057
3999
8659
9044
8720
8679
9180
2949
1045
8283
4846
4784
864
6629
291
6322
7763
1562
5657
8672
5242
4563
9765
4518
6217
3285
2783
9769
5249
5905
2522
9235
7918
8669
5530
1277
2685
1948
738
1667
4283
7718
8493
1115
4355
6392
6109
6179
6262
7220
4184
6671
3068
5355
6192
2694
9652
6778
9246
3791
6304
3374
2941
5812
2937
6675
1186
6678
7901
7849
6703
2614
2714
4706
888
8080
2277
3120
8933
3949
4530
5899
5652
2993
1567
7932
937
4981
6311
1920
3223
4555
4051
6532
1713
6250
5482
410
7283
7985
598
4417
4774
541
6635
9852
9489
6017
7912
1849
839
6044
5043
8808
2051
7638
6726
1679
1422
8094
3998
3999
5087
9377
1883
7274
9988
3790
3930
1164
3006
6943
869
4227
7390
1208
3908
4481
6351
1685
780
1858
918
639
506
3464
465
8707
9425
331
950
2108
4298
3853
3244
7387
7213
2059
5714
7910
8659
5021
9728
7258
7350
988
9253
5775
8590
82
1056
229
2777
7660
9148
5584
4667
4073
8876
984
9837
8483
6694
3022
3284
6530
1314
2972
1916
7972
398
4123
113
211
4399
5647
1093
9961
9162
8437
4017
4994
1414
612
4686
871
3276
3785
5960
3774
6219
1891
3394
9000
5241
4870
4774
19
3132
1681
4764
2927
8520
3137
3620
3254
9627
4759
1800
8943
6193
4849
4117
625
2707
3302
8352
7050
2984
5421
5650
3794
1513
2038
7198
5655
582
6004
3927
4742
616
2446
5482
9475
9164
261
1208
3941
1176
4474
8643
5962
8510
8266
1351
2300
2360
986
3566
7972
9054
8116
7116
7759
2348
2258
8639
5125
244
1151
6010
2527
8860
9501
8502
6360
9201
2726
7510
1849
8615
8739
8666
923
1104
2011
9249
5108
2388
572
352
8578
4887
5046
5331
1610
6778
5165
4540
8996
2859
9271
7542
9867
1081
9490
2410
6740
5074
7445
191
6848
8725
7506
6876
1861
885
3606
6517
7814
4107
6086
5014
2705
1999
6638
9149
2249
4522
9290
592
5059
9138
7905
1279
5357
8570
8439
5769
0
8158
8488
8100
1246
7317
3716
1638
4886
6478
3757
4085
838
2400
7561
6225
6432
9898
8958
5260
3131
9062
1310
8248
5473
2681
3635
481
5200
5171
4817
9115
928
7734
4067
2120
4199
5696
322
7790
1102
6237
2306
6787
3800
9793
7610
5460
7233
6744
9527
7877
5345
3848
5900
8722
9289
4980
76
6396
6789
5806
1980
7156
9737
8485
8841
1082
8162
271
7363
3388
189
9164
2783
1854
8943
9481
4262
2392
7914
991
6192
3494
9040
6933
2639
2117
6588
3034
5693
1493
5271
3867
2336
4518
8908
9493
4688
4942
2902
6354
4398
6215
2571
8650
1315
6512
4893
9382
7102
3120
991
914
8850
824
4629
4094
2754
7917
9731
4027
7650
2773
6359
1170
2448
7530
7762
565
4474
162
1531
3713
8305
7724
7588
3930
3883
5756
1703
2344
5696
3665
6246
8257
3598
501
1283
6933
5510
4267
7798
2786
2889
6276
2700
7923
409
9405
8208
2057
8118
2476
1434
6620
8947
6353
7073
5946
4466
5300
9582
7104
7242
7630
9193
6841
1925
8555
1402
1181
979
5965
6896
2174
4362
8557
5363
2823
9091
8019
516
8637
9892
1666
3604
2638
6614
5644
3142
4406
4839
5828
4652
1963
9219
8916
7293
8470
5605
8300
2278
6949
4692
3044
9175
5698
2860
9171
5969
3358
5182
151
922
2869
5508
890
2443
5443
8284
5048
4303
9342
7470
5544
3149
8126
2975
7462
7708
6635
1416
1624
4719
3961
6264
1818
3041
7793
9463
2233
2736
8517
1991
67
23
3563
4145
6036
3555
6024
9479
9910
4759
8614
6408
4631
3696
5656
9597
7956
294
5616
7725
5874
2146
8627
2787
3851
4685
9748
5156
9096
4505
6449
9921
5749
8882
5089
2949
659
3547
6372
9270
2387
7198
5708
5833
7376
3053
4034
9712
6613
5797
9640
5351
1848
9916
6491
4172
2832
3222
530
3792
4341
3903
7037
6734
4140
2061
3822
2412
6529
6063
4145
4596
2706
7688
3563
5207
8234
4633
5497
3702
8775
4134
2300
4468
5434
7287
6813
5849
6480
7562
6277
1443
9397
772
2575
5384
9996
5212
3691
9484
3620
2751
6538
2620
4983
904
1104
6621
749
9537
694
8477
752
1197
646
3701
1748
6194
6163
2860
9014
8729
2629
8596
9204
1702
7322
9716
6681
1468
1221
5660
1747
7701
7662
8443
9071
2288
1920
772
6260
9219
7766
5511
4258
3837
5408
3260
9488
5459
9191
3670
1825
6772
2091
7986
3660
5086
5264
438
6288
2060
4457
1070
3672
6552
8184
7139
6338
8962
41
224
3728
893
1507
714
4148
2487
4813
8541
4607
2800
821
8057
4693
3515
7974
4269
3774
1457
7125
4258
9127
4974
9132
9878
8713
6089
759
8131
7121
4320
414
5318
4409
6153
5200
5911
8097
6440
6909
8392
4885
5203
2314
6404
2342
8653
843
1143
4926
6023
8276
6565
3032
9181
3204
1519
4571
3799
3414
5532
770
65
1725
7640
5589
9401
9880
6361
2932
905
4175
7529
6510
8247
5421
4620
2928
5456
6264
9718
6842
8283
6265
1978
3345
8890
1973
9285
8023
1568
6084
49
3893
2261
1029
7275
161
1775
1900
455
9581
7064
8894
6680
6781
1407
8616
8229
1909
4281
5347
1522
4838
9852
8310
9794
9648
3064
8161
6647
571
4669
4406
322
6603
9959
2770
1146
1526
105
4086
3418
1871
3120
6118
3455
1223
417
7859
792
601
5162
5073
5311
325
6191
2619
7242
559
8367
3573
5719
2383
6243
3030
4788
4171
2909
4011
7915
5868
2145
8160
567
6269
6379
9017
2807
5392
369
6587
4332
7867
6362
1589
3448
879
5231
4624
8060
7892
936
5112
5531
3472
2976
3669
135
276
621
8670
2786
4583
2656
6251
7610
9540
9510
362
5348
7855
7868
2563
3479
6500
6671
6738
9158
8885
8891
7392
9396
4636
5839
114
1332
4542
4354
7527
7792
1872
4246
1330
9044
6457
595
9074
8844
9646
9449
9200
6491
4618
9183
7750
1457
2430
5719
3379
4297
5950
4398
9666
2799
4345
7395
6731
9757
5104
2672
9633
8420
5990
657
1334
4538
7917
6149
2008
5370
993
5845
9812
2948
9229
3984
5182
2334
2395
9768
7063
1632
1614
9619
5384
3639
8023
3860
2167
2987
3223
4546
4505
9673
4786
7272
1195
6837
2426
6310
6919
949
487
1431
5818
6850
9695
4124
1355
6635
8478
6752
484
4525
8625
6724
2645
4418
7571
362
6336
2937
2529
3855
9893
9242
1486
4420
6113
5450
5402
5162
7773
1399
7535
3184
8266
4695
32
1159
1054
6132
36
8051
7729
3669
4825
6211
7437
3384
6513
626
7594
1768
9345
972
6727
6124
729
255
5435
2245
7812
2688
474
8018
2957
3045
8421
5723
1116
2506
8270
1745
3603
3273
1808
7378
6764
4796
6568
7461
9597
1891
3673
3708
5372
1824
6574
1289
9218
6130
4865
9757
6345
2360
5239
6696
8380
9436
4952
3999
6937
6742
3686
3642
7101
8892
4449
9201
2730
5384
3388
9023
6158
4984
642
9162
7995
3282
7132
8388
4015
9304
5147
3933
7283
3188
9926
7877
3821
3061
4091
7806
5373
4834
7492
2858
7538
5293
8431
1463
5438
6764
9665
3957
2126
7651
4414
385
9348
9222
7809
1897
6181
1939
9872
6765
8709
7416
4117
5322
7514
8249
4109
829
5933
9374
1809
386
7701
124
809
5556
5763
1591
6097
4623
8384
1921
5788
9274
7804
2616
662
7998
5448
158
77
8624
262
4476
3956
3144
8480
9020
8833
6467
5789
9166
6856
6994
7347
7633
8920
3803
8597
8340
5118
2630
6867
9986
309
2960
6661
1689
4968
7746
4334
141
2503
9846
5935
5917
7535
1603
3348
4472
3964
4275
8676
6655
8008
2091
848
1794
4642
4032
8986
2068
2911
8611
4811
644
5804
5869
1973
8731
1289
6013
4737
1974
3377
1304
2684
1151
2926
5577
5881
1882
3462
8752
7730
87
2137
1646
3908
5210
4462
8948
9766
7792
5469
1130
6797
7291
7981
3853
3026
6156
4235
3227
3106
4079
1821
7027
9754
3124
871
5482
4221
9620
9758
9091
4003
8253
1978
5382
4756
2716
2642
7024
6380
8552
4188
4899
647
254
2733
670
885
7175
8343
950
3173
2530
5275
5529
4472
3115
3502
8101
990
1683
4480
4474
2855
4536
8079
2159
1740
2348
976
5716
3124
2574
3645
2356
3017
2596
3819
7008
9436
1336
6945
188
1413
5817
3328
7183
5296
7142
1401
7534
5333
4372
8869
7651
5926
5820
5685
7403
1530
8383
1968
9073
4975
3437
9143
5171
4411
2535
6783
9112
9385
1304
3893
4095
7847
6589
6670
2412
6540
7364
9382
4369
6053
1449
9219
3279
6278
2946
7560
8284
9684
4943
5472
3322
5502
966
6779
5036
4174
8479
7327
8015
2280
3919
1502
4650
1518
8209
8053
380
8900
9588
6185
8027
7465
6162
5553
646
6957
9399
5443
7717
7818
6418
1138
705
5176
4631
9361
9848
4979
6366
6639
6865
5594
2402
3038
2655
406
5163
2906
2685
1973
3458
9511
5916
1931
7596
292
3534
5328
4066
8181
6009
8348
8987
3068
4494
3011
7936
8134
5630
5046
6885
5068
6929
324
9752
4550
1473
2383
9912
5916
5003
1918
2662
3797
661
3259
9855
577
4584
2816
697
7617
1884
179
5643
5071
2652
4525
5003
2512
7247
9453
640
4948
4732
7020
9544
4199
4284
9707
5106
9821
9212
9433
6193
3361
8553
913
6111
259
1575
8357
7151
4165
3563
4266
1575
5667
9615
2722
7437
2787
3785
1936
7734
2271
1385
556
8609
5939
637
1858
2530
8201
3691
3646
2105
191
7644
8825
9376
6781
2627
1563
8391
5861
6020
3038
1110
2133
9519
5172
3958
247
9137
7821
4136
3955
6322
7824
7148
7098
7957
7051
8836
9650
7903
6166
9032
2705
1993
4372
9943
3770
6357
5824
4384
5843
9389
2257
1990
2116
201
8320
9621
909
8994
2577
5040
5349
4092
9450
9562
9746
2151
196
9483
2594
7316
2671
4691
3402
6407
2677
5313
9298
5190
5803
1890
6373
3178
3248
4393
6982
9483
6716
8218
184
6175
3592
8523
803
5979
4323
5271
3502
4228
4920
1057
7965
1659
6339
7803
1509
6286
2126
3447
7947
7466
5324
3522
1098
4864
26
2564
766
1664
776
1277
2952
428
5974
8696
7726
5551
8326
2181
852
9922
5927
8499
5470
6107
3311
2677
30
1541
8832
5809
5424
3573
2829
6066
4571
2886
2068
478
1192
1659
3118
5114
9606
1262
3005
3047
958
5796
8744
8734
4178
5540
267
3071
3120
2114
4648
3018
9690
51
3848
9167
451
4516
3128
2143
3344
3549
1528
1852
4021
2509
8216
2910
9134
8806
5499
9971
8546
3899
8642
9238
5026
4821
222
2940
6358
8528
811
7740
4759
8074
9130
3944
6202
5493
6344
9812
8164
2635
160
3224
8499
9444
6771
8310
8963
4601
9208
7668
5949
3465
3913
8349
7655
3053
9025
9453
7846
103
8082
6345
4641
9739
341
2963
1875
6289
9907
3119
2217
1224
4151
7862
1493
6789
8501
6084
2059
960
733
8371
1416
6147
2855
891
110
1533
8428
5735
8319
6753
2956
5640
3069
9503
8929
1997
5962
5614
4579
165
4173
2544
8501
465
4101
2861
6872
8618
3012
1329
1438
2111
7495
3182
8036
9945
7361
9826
238
2463
2323
7430
3246
4013
2479
3498
2371
1440
8196
2983
9319
8427
8095
4573
137
3317
429
7159
7533
9703
6657
6851
9802
9948
4442
5904
5831
1818
7820
7970
7024
7542
2680
7077
5973
970
4359
7447
7627
2394
9600
5329
9544
2759
1626
418
6820
6086
7440
3649
9050
9877
9248
8155
7031
7792
3519
1749
7218
890
6528
7286
8311
9722
6762
52
4638
7423
9559
4851
552
5466
1405
4128
8203
7839
8790
3745
2756
4600
2775
8102
9686
3318
3405
4619
9788
2751
4185
6991
622
9171
5223
4974
2126
9313
631
808
6657
7911
1220
1478
6377
3968
4478
8942
7012
8520
8785
8228
6728
2379
9547
3417
9826
6647
4798
4960
9838
8990
5828
2761
1991
6757
1489
2040
9447
4234
6992
7508
8562
4777
153
4808
5742
8177
7008
7312
7139
2119
6158
1932
6098
1128
3881
3758
4180
7625
420
1568
6550
2586
3576
9733
2620
3027
555
2211
8005
3265
296
5271
5602
1611
5646
6472
1508
4238
6017
9416
7405
9963
4402
9341
1219
8949
244
9916
8001
8194
7951
625
538
3654
6690
5923
5310
5586
4035
914
2653
4230
9200
5351
4654
6947
1046
2224
6253
2137
8271
9954
2159
5993
7698
657
7054
9495
9246
7558
600
1030
1236
108
5740
7171
5953
9329
1073
1241
7441
1531
3090
7077
6201
9239
977
194
7238
9656
3393
7856
7924
6419
8659
7560
2015
6728
3412
4043
3668
9404
7160
7027
1360
4422
5630
5189
8551
3157
2239
3508
9074
6639
7108
5493
5182
2943
8377
893
2985
4364
4768
3652
2130
9225
6988
8399
8271
7009
936
6214
5962
9943
2225
4553
6612
899
8818
1869
448
1616
5167
1336
6062
2042
4806
7159
2564
5699
6701
1136
6339
277
5881
4973
2835
8404
1561
3195
3377
2483
968
7338
1401
5254
4472
5184
6045
3906
4854
2861
6448
6887
5743
9515
7579
3664
8221
3854
9570
7609
7143
2627
3332
5815
3738
8981
8513
9642
9632
3115
5068
5743
7372
1333
2798
4005
207
4352
2158
6404
6655
4306
3079
6568
4788
7023
6771
115
1359
6876
9782
4310
9933
5846
1315
7804
5809
4237
1666
3664
3515
3122
5378
8503
5164
3641
2822
1382
3644
1729
9277
7753
4196
2585
8589
9017
2236
7411
1973
260
6891
8660
7145
2519
5001
9977
6325
7026
9580
9480
7861
3043
3775
8087
9920
1926
3782
1670
4175
1762
5800
5476
9580
4340
2197
9719
8695
947
4479
9885
6227
4367
6359
4388
3274
3118
7076
4862
2569
1323
9113
7949
2965
2862
5907
8890
6454
3066
4446
3362
6241
9798
8936
9777
5435
1267
8523
6661
5677
2922
3541
3569
1410
2138
2135
1807
6015
5831
5460
4280
6564
610
6699
1428
886
9526
7329
4429
497
7867
2581
220
5486
1579
1506
2597
2567
8480
598
7428
8490
5923
530
3995
8152
2727
4224
4056
9001
5367
4364
7675
9730
5926
9286
7431
3344
1443
9326
9568
9237
814
2826
4401
2023
1006
1649
8497
3078
6044
8225
781
5768
5313
4609
6288
5002
5698
2237
3627
1029
8412
6487
5889
9252
1299
6218
5556
1775
9480
7932
9006
2657
1348
3582
5662
4235
5922
5627
5640
2446
9747
9233
2293
844
76
1579
2040
8613
4495
8824
29
8365
2838
326
9344
8024
643
3512
1013
2980
5695
271
3644
1815
5313
3700
1936
1989
4093
8182
194
1714
7330
9520
4155
1717
4858
6811
5382
2337
2207
350
1739
4747
3726
5214
5150
8212
7476
5279
8459
5117
9989
2086
9795
1500
273
1697
9463
1156
9614
1842
549
3645
5120
3758
1653
4282
4384
5667
1946
4719
2428
8154
4468
9137
1990
3474
3035
8742
5084
2229
2420
1607
7231
3005
4217
6446
2153
185
9003
3153
3378
7193
8869
5348
104
6500
8819
9037
5787
7687
909
9601
3787
5775
9038
7296
6293
3204
3128
9247
2517
4779
8212
9510
4837
859
6037
9796
6877
4072
7411
9037
2826
4771
2695
1340
9140
1772
7204
6115
6520
6771
9823
1968
7327
2356
1004
1398
9516
8369
4038
2810
2305
8094
2284
4912
2753
9839
2206
1834
5990
2383
7765
3175
4533
8349
8587
4793
2475
2113
3321
2947
6654
6407
6991
6326
7004
4014
8155
2212
8070
7774
2859
929
5233
5514
2486
4652
2699
8785
20
3923
8651
502
10000
8407
104
6929
8130
2522
7367
8404
5102
2716
6621
2277
811
3959
2274
4895
9565
8687
5750
625
5555
3905
3416
2747
4652
262
7901
4674
7915
498
4318
1314
5202
2490
9770
2839
4041
3836
9045
4988
196
3893
6566
9631
2277
4664
5487
6267
4293
6388
9556
8098
9714
1472
8906
5423
1171
7403
6868
4561
6596
839
5714
2209
4641
102
8237
5710
5075
1941
1664
5322
2519
9860
7250
7610
3563
6540
4505
2262
7856
5107
9119
2543
9721
5990
868
7332
5901
7078
9700
9111
9073
9937
8955
5677
6709
5049
838
8724
7519
861
4532
9466
9170
6689
5427
789
2859
1237
3797
3243
5228
1884
2458
3321
6988
3943
8875
7909
5504
5544
8229
6509
6242
6174
6361
4741
2567
6718
5309
6477
7688
1251
7140
7033
9553
3053
6942
4825
8957
9519
9860
4385
4922
1307
1946
5269
7852
310
6429
8117
609
5695
877
3543
8094
756
3472
7423
2726
9534
3128
9681
1674
8978
6845
6046
7409
6663
8715
383
7002
2239
8137
2641
6946
1032
4771
8720
3530
8253
9281
8457
7650
8168
1688
4367
2100
2686
5175
4604
4904
5058
632
9459
1864
4730
2184
2282
5240
7785
6881
8031
683
7883
1804
5538
6551
6951
5002
5676
2960
5907
224
7047
3573
9045
3442
4127
629
5515
7306
1434
484
1751
8994
6931
1397
892
5570
9088
551
3429
4033
9138
7688
8768
4497
7488
7797
5096
3026
3811
726
5779
7366
322
5587
7530
2754
7201
424
5199
4048
1428
416
4588
2167
4375
3774
9852
9801
3705
9587
1809
7055
269
7049
4304
5129
3785
7478
7462
1895
5610
6428
3916
1567
6031
7885
5119
3552
6376
2893
2441
9574
1248
8267
4825
3596
9499
546
8986
4028
2730
8191
3626
9473
8423
3942
17
1722
5753
5435
1727
8298
6756
5584
4120
1906
7944
4472
1488
8269
1648
5325
5594
1132
918
9958
9763
7884
5418
3865
2283
7945
7649
6613
7111
269
6324
611
1909
3244
3728
5550
3347
2979
1577
1756
8501
8905
4113
7560
1862
2889
7636
3367
801
2307
5081
987
3745
2189
9864
6204
2407
8484
1379
5102
4870
5106
1807
8226
6238
5739
3732
9828
7125
5303
1940
9434
4299
3138
4637
581
1205
7257
3309
724
4171
5122
7308
1283
3841
204
8795
6750
9527
8399
208
1717
6375
1129
2930
2067
6619
1851
1420
1001
1032
3320
5466
8485
8291
7420
9533
3069
4680
2760
1604
2640
2349
405
4129
3452
2061
3340
9338
194
5254
5503
531
557
9654
5324
3389
4532
357
2425
2591
8399
1891
6780
6912
226
8329
6479
687
5056
9552
7819
6826
1851
332
2452
6833
2041
9713
801
2038
6487
9580
8501
6569
6850
7108
7271
2979
2736
757
7430
477
6298
8097
2024
9141
9104
2570
6602
2559
9251
7229
5614
7494
5203
3088
3576
8756
7832
4314
9993
2323
7542
7459
9833
2144
36
3323
3082
5926
9506
4817
3665
2061
3668
5594
106
2494
4442
4820
2952
9971
2215
9990
6778
9232
4229
8272
5148
6122
713
1631
885
188
5489
1240
7782
5659
9428
6079
6182
7032
4372
2847
7780
1697
48
8199
2571
3698
6192
7736
3630
7223
2985
4296
9256
7998
1208
8559
2096
4768
5174
4939
6489
8499
6619
8162
6160
1371
7152
894
9459
5110
9076
6370
3302
7900
5897
3988
8875
7999
9675
3194
4814
5016
2107
6308
9552
3660
218
512
794
1379
6157
6208
5576
2608
5402
6178
9861
8386
8467
7918
4445
3821
4539
9690
7085
6388
9663
6052
23
5998
2914
7018
4640
30
6559
5222
6189
4794
518
7548
9933
9842
7320
2698
6487
3348
8606
6053
9218
8026
8161
5057
8325
3000
7277
220
8931
4207
6156
9758
2870
6649
1628
9020
4678
6808
4373
1109
6293
6328
7470
4017
830
2991
1127
7111
1154
5023
3490
2540
7499
2626
9590
8251
4342
2828
6351
2643
7157
3915
361
8952
78
3072
6929
8847
1162
2420
7252
5589
8258
2198
8341
2197
8091
6279
4337
1264
3373
2504
3301
4581
3757
6809
8171
2397
2125
1618
2162
7772
1155
1049
7366
8769
1676
3667
6590
988
6566
2453
9786
504
7541
8255
7303
1503
6136
6029
7539
2949
4750
208
551
1739
3260
1112
9963
1845
4873
6812
5519
2529
720
5863
7356
337
9902
6883
3176
6056
1731
3121
2481
8148
1809
9593
1487
1964
2340
597
6080
1404
8342
8745
7301
5036
1502
4427
1496
9330
9976
2556
551
8225
7429
923
8614
1418
8843
4596
1823
9325
8693
434
1655
8961
6524
8025
8066
1544
7977
1972
8198
3629
4936
1908
5979
8623
6745
5676
4110
5465
7966
8255
3189
2277
8547
6559
2372
8303
2488
4624
2974
254
9508
809
6248
3848
1873
6795
5609
8399
9615
1218
3692
2299
3147
2344
6698
1616
6746
237
9756
5846
4221
1516
8859
9916
2564
1366
1608
5280
2277
8542
5078
8621
5485
5375
2526
2432
3179
3626
9209
1883
9533
7458
9390
4964
1058
9767
9735
4064
2039
7003
2400
9805
3350
9267
8032
5877
3535
9368
4308
7701
2307
2697
1366
2223
5006
2886
2781
9155
7662
205
8427
926
7783
6900
4428
6795
7164
585
7415
9589
1248
5836
2767
8729
9867
8589
1986
3280
2249
6567
9471
3644
2687
9193
4929
4482
7118
4018
6492
7888
7046
222
3682
1060
8805
9049
5729
2986
7988
1629
3230
5379
8390
7153
7217
3174
4946
7735
6600
6200
3651
5399
2006
779
7065
4898
6469
9683
7087
1306
742
7572
4782
131
8007
8459
918
8356
991
9480
9289
6592
1101
91
4264
5788
320
8755
9776
8709
5649
2965
9211
726
268
5002
1373
8675
3648
6848
6731
138
1903
7771
6167
1033
309
3693
7210
3672
4300
9279
230
1544
9358
2991
8980
8758
4846
3364
4294
1387
1338
5720
7096
2546
6872
502
8661
6688
8604
3333
9364
4697
9504
8570
137
4523
2528
9530
48
885
2732
1827
3194
8346
1711
6077
2500
9040
5761
6803
4658
7803
4674
5651
4635
1657
9878
9773
1950
7802
1068
4224
7928
7729
6608
9158
2355
8755
8868
7850
5152
1528
6885
4802
4485
2151
1720
1958
4684
1109
1368
2513
5388
5066
7404
5242
115
215
6098
3767
6332
9466
4173
5535
6822
3260
3705
6597
2310
5070
4870
5740
903
334
3158
5158
1627
565
670
3216
3126
7390
21
5069
3111
294
1408
4697
9297
3473
5440
5780
325
762
2041
5995
9261
2572
3045
2415
9856
2167
4930
1535
6287
9819
2809
3920
9626
2879
5318
9408
1763
7074
8210
6495
4044
1657
1037
6652
6964
820
6662
7056
7791
369
4305
1149
2183
3050
8191
6585
5969
9532
8183
3610
4818
7479
4352
1977
820
2196
6658
9706
4465
3010
6344
954
6109
6297
1874
9494
9442
8910
57
4467
2075
8128
9911
2177
4077
4990
7725
3648
7812
74
691
3501
4788
4599
2169
2947
4428
9283
7934
169
1201
6521
7461
6695
463
6591
2953
6609
341
1492
365
8413
328
3993
5378
1004
150
6629
3600
6096
6482
8462
2596
5796
9935
7149
5380
7238
9996
5169
1716
2584
5060
6749
7137
7385
284
6532
1901
3766
3225
22
7010
5141
6603
1049
6383
7749
5772
9859
5369
2070
830
4147
276
968
6341
2008
5912
7335
2
3178
6967
5216
2639
5908
9152
3916
5915
6394
705
8041
5608
7914
1878
9122
7632
4805
7806
590
3483
3905
90
2896
1855
3157
7062
5203
5431
2263
4340
7026
832
3745
1198
154
5281
9025
2363
1279
8500
8010
6899
1688
6511
5084
4007
5330
4406
7458
2229
3443
2962
2112
1921
2191
8100
6802
8539
106
3376
8155
5928
4054
4221
5635
2311
6305
8881
8649
1297
5060
8567
438
6992
9992
6928
4579
6608
6054
6735
3065
3405
5137
1966
3649
7482
8314
4570
2698
768
4048
541
6555
196
9139
710
8751
7589
4237
9250
2030
6424
3704
5128
4726
3255
1114
1050
6886
2315
8323
9932
9584
7112
1972
7239
8185
1351
5262
7767
9971
9955
3831
2500
1566
1999
3925
6424
5092
7158
8644
8896
7327
3480
2527
6863
5560
572
2837
9772
9663
1893
5148
1400
1861
9929
1140
1298
4442
386
1949
3368
9521
1274
275
444
6181
9890
4310
6664
7857
1775
7056
1639
7571
6645
2057
8074
5852
8956
262
8324
8471
5140
2031
2404
6242
7284
48
2704
215
5290
1122
305
1526
81
4107
3057
7844
2922
2360
2049
7392
5903
3686
8329
7027
2465
1997
1872
5087
9571
9139
913
5912
8831
4690
9386
3036
6343
5803
886
7455
2143
7439
9244
7349
1576
5683
222
3781
5457
1589
419
3593
1122
4511
9724
3813
9099
6709
8405
3843
844
1881
5054
6571
8108
3950
6829
7494
9194
6059
8357
2416
7125
1096
2028
3078
4254
9664
317
3865
9995
6451
3910
3790
1945
7792
566
7152
2037
7027
962
667
1521
1673
7381
2495
2668
1896
6725
7305
6935
2368
3616
3010
6774
9568
5910
3878
8150
1643
9163
294
8804
8107
2480
2552
3368
1991
8661
8187
2445
3538
886
7571
6388
4692
3774
6562
9706
4429
8302
7618
8778
5378
7492
5043
6505
6594
7197
4506
687
1377
1058
5455
6642
5293
6610
9160
8677
5303
2076
7336
4220
762
1718
4288
6895
3088
5299
1937
2836
6665
5307
564
9113
7707
2240
1155
4584
1996
6949
1602
3325
6830
1718
1278
8082
530
7674
4759
9951
690
307
8285
9020
5214
5191
3299
565
628
6397
3201
3768
4424
4910
2914
4281
5831
4820
1210
2143
7708
7166
6245
8193
2298
8968
9938
8839
4810
4260
9350
4974
2264
1210
2796
227
5001
5139
6211
8084
5766
4157
1319
6147
8797
1567
8743
4035
5740
8976
4328
6092
3197
2389
6774
332
2228
7236
5201
5222
6409
6350
9747
7751
994
4748
5186
6842
2785
3764
7147
7025
7170
8015
4914
4999
3432
3257
6973
4910
6152
740
129
533
3196
1683
567
9470
5900
4246
9406
5609
1679
4806
4854
6327
3868
2054
5242
1200
1394
1184
2110
2730
6060
1537
6040
81
8036
5278
5895
4264
6156
5720
3031
3655
8976
3879
1789
2125
1465
5467
7735
4312
6020
3970
3907
8969
8892
234
4610
6754
2616
4753
9132
8166
21
5478
8500
6978
2111
5065
778
6043
984
3835
5367
4822
4335
850
8155
5554
7248
4398
6818
2436
835
9780
7624
6317
5028
7310
1078
7332
2724
1746
3881
7807
5025
5781
886
2334
3812
3933
279
377
9446
354
7007
8898
3496
3842
