89
133
123
136
123
131
100
136
123
129
136
96
0
128
37
129
105
85
128
131
130
117
59
129
134
130
130
133
123
123
6
33
121
126
131
40
135
0
129
132
134
0
123
110
0
14
136
103
82
30
71
131
131
134
123
131
0
131
129
136
136
123
125
120
129
42
96
6
133
130
136
128
109
130
126
134
135
69
130
119
108
130
135
79
131
129
123
65
0
48
130
0
96
86
130
129
113
133
133
136
85
0
128
129
125
123
0
105
124
134
0
117
123
123
124
0
133
136
68
0
135
89
135
123
114
105
130
130
123
136
51
131
133
131
67
130
135
136
123
85
130
130
52
135
56
0
129
136
136
136
136
131
105
128
130
105
123
123
100
128
0
136
99
90
125
128
136
128
129
116
134
136
102
110
37
87
136
77
34
113
136
0
136
136
89
135
135
124
128
112
133
130
131
130
123
45
136
130
134
113
