788
843
517
853
852
414
889
849
894
578
877
920
905
681
0
927
867
885
922
766
851
841
920
691
481
0
143
910
858
0
933
919
870
782
733
913
827
908
761
914
0
807
700
842
259
179
795
918
775
0
918
825
757
779
894
852
795
935
809
864
749
919
0
591
694
0
825
918
918
886
901
815
0
772
810
920
401
720
715
892
918
726
907
781
820
907
733
917
894
812
935
836
898
584
798
927
906
896
266
815
247
908
902
761
0
904
733
733
922
411
0
824
809
910
935
879
906
745
179
584
898
520
522
853
920
892
0
927
877
922
444
780
796
896
935
761
918
747
843
801
922
501
866
914
927
768
901
0
916
785
541
918
918
825
762
878
745
849
0
902
919
887
860
866
890
903
896
772
0
920
918
829
735
868
914
840
0
896
795
935
782
886
0
907
874
901
838
887
868
664
912
619
703
919
878
931
475
858
678
457
918
918
918
839
914
568
876
0
887
918
902
916
736
473
774
244
866
929
725
863
894
935
808
228
0
804
842
0
848
918
842
896
676
847
807
742
632
512
397
731
0
913
838
230
896
782
852
796
933
927
795
656
724
827
778
888
911
872
755
912
0
914
896
238
835
923
906
870
892
916
920
791
908
865
739
829
0
0
923
870
880
696
890
829
0
0
173
795
921
895
838
584
890
892
902
926
866
919
920
645
919
731
402
0
920
685
914
0
933
841
888
908
0
919
0
0
779
361
0
614
782
0
813
521
895
807
0
712
782
0
908
783
901
903
198
845
906
618
920
810
885
884
724
920
920
158
874
895
907
766
651
717
698
876
583
876
896
927
438
773
674
452
890
908
913
933
809
827
931
745
803
865
694
866
908
842
908
927
0
930
668
888
0
875
86
927
894
851
852
878
895
888
935
905
896
254
0
790
825
414
783
850
161
0
866
927
773
792
531
906
878
806
876
584
810
901
825
792
892
876
892
931
0
893
0
780
329
898
685
896
892
901
887
908
825
0
700
907
821
668
868
877
907
918
927
650
479
795
557
927
926
908
894
807
927
927
0
796
578
0
907
866
918
933
704
697
842
514
772
838
914
906
848
777
758
920
109
785
865
555
858
663
906
935
842
409
903
920
562
933
824
894
868
0
0
860
845
0
720
866
