436
385
401
369
432
416
272
319
384
430
0
456
416
295
450
400
455
265
274
309
455
391
432
369
231
446
383
38
432
452
191
389
457
459
429
0
152
399
0
440
450
432
432
193
423
427
416
237
434
454
455
460
452
0
432
163
325
0
387
443
449
259
183
459
401
0
452
451
338
0
459
0
407
0
228
0
183
351
452
430
251
433
370
357
402
276
351
168
338
407
456
265
408
434
457
395
432
432
0
459
436
460
192
429
245
0
453
453
310
451
458
344
457
276
402
416
234
0
397
0
372
459
458
321
416
91
438
163
392
281
417
450
384
397
279
455
264
194
70
453
389
351
402
309
444
432
240
458
228
295
446
412
436
0
453
431
433
416
396
376
444
396
96
0
329
430
348
457
455
0
364
0
0
345
455
459
395
432
173
444
309
0
438
209
370
446
451
387
434
397
383
452
442
375
451
454
244
434
459
456
397
0
445
384
439
384
7
436
99
0
0
364
427
436
450
457
460
290
442
436
459
212
453
338
343
454
436
373
0
309
157
0
0
425
61
457
371
228
0
262
458
455
326
444
456
426
434
443
338
242
332
458
0
418
230
457
455
402
457
441
440
209
407
100
455
432
297
446
440
376
446
199
342
440
444
459
460
438
430
0
0
373
454
385
0
459
351
430
0
0
442
420
400
419
187
432
439
418
432
108
419
401
459
364
454
445
416
371
366
254
0
453
321
444
295
220
424
0
205
35
459
0
412
432
336
440
430
277
43
0
440
0
368
454
456
441
429
279
454
454
457
351
432
440
419
0
420
428
366
216
434
456
447
429
458
89
416
353
442
455
455
345
451
440
116
351
455
397
432
443
416
0
455
454
459
201
370
432
455
455
402
446
454
432
456
385
438
455
454
458
325
451
432
376
281
332
428
454
432
458
455
370
433
416
353
395
428
357
395
385
416
459
440
416
0
0
282
351
0
436
451
142
453
458
209
432
188
266
354
370
357
312
287
400
430
0
426
459
432
398
202
0
325
438
429
443
266
416
460
432
432
455
242
453
442
0
417
416
396
416
339
395
458
0
357
120
304
426
375
459
409
402
429
453
289
339
407
273
432
456
416
299
265
415
453
369
358
343
392
451
432
413
460
458
401
0
455
309
426
428
0
409
0
0
0
436
351
450
384
419
407
217
457
21
358
384
430
263
452
407
428
438
438
453
373
432
440
452
441
446
429
453
0
338
432
407
0
360
429
402
455
454
459
373
177
376
0
449
455
213
416
453
455
286
451
338
454
372
442
440
395
432
364
0
360
402
377
442
394
434
0
0
455
419
432
459
432
455
448
376
441
220
454
450
451
397
276
196
331
0
454
405
0
452
355
281
396
377
453
428
455
434
0
338
299
0
416
397
451
427
375
0
0
452
401
26
242
454
450
420
423
296
0
199
453
307
432
0
253
454
369
345
274
451
377
429
407
0
451
212
454
432
455
0
375
397
434
452
445
455
370
425
0
441
402
0
460
376
275
0
400
432
0
433
459
143
0
338
279
358
0
190
296
458
432
418
440
445
413
442
429
308
390
453
449
426
420
432
411
408
339
348
181
429
357
402
435
432
401
92
447
420
370
442
377
456
416
459
156
445
453
441
432
429
413
370
126
432
313
353
339
0
423
440
0
190
429
228
432
424
309
459
359
376
351
0
0
455
453
432
430
0
425
0
454
0
409
112
444
0
454
459
424
432
407
428
440
315
220
339
433
384
453
455
192
299
140
456
432
277
0
217
321
407
456
428
429
389
370
107
336
228
457
444
296
265
325
309
432
240
455
402
400
373
332
231
454
459
443
0
432
52
277
458
262
0
449
416
373
454
366
459
453
455
75
420
350
453
154
453
455
440
367
395
432
278
378
389
454
432
434
426
430
434
449
442
420
432
434
396
332
0
367
459
457
338
100
411
351
270
400
309
305
454
454
237
446
377
402
432
0
460
391
275
281
309
443
450
367
449
369
0
290
85
451
454
339
327
456
385
329
429
231
0
364
281
452
451
329
392
407
420
432
455
394
295
449
459
459
454
446
453
429
452
455
459
425
287
401
0
455
459
458
446
460
338
420
460
405
451
451
85
436
460
429
432
416
0
446
209
454
0
459
328
282
459
430
394
442
290
373
426
0
0
146
402
409
392
456
457
432
212
453
29
432
446
449
305
420
401
432
27
370
455
455
353
460
453
432
33
0
443
151
449
86
424
432
374
451
325
432
169
364
401
416
338
451
296
418
265
451
384
455
434
435
401
432
433
440
430
