2196
1843
2118
0
0
624
0
2087
1739
0
2178
1520
0
2354
0
0
2384
2279
2087
102
0
1761
2136
1736
0
2442
2295
2003
1211
0
2331
766
1637
2244
0
2244
2001
1853
2263
2253
1428
2202
2308
892
2348
1537
1185
2406
1641
0
721
937
2088
0
0
2384
0
1624
616
1926
2399
0
1014
0
2023
2342
2453
2218
1969
2238
2287
1879
0
0
0
1329
0
2324
2055
2074
1912
0
2417
1185
2383
1401
0
2036
2222
2315
1589
1839
408
2297
1438
1895
2411
0
1784
2409
2271
2325
1383
2409
0
904
1454
2238
1767
2093
2345
2192
0
408
2339
1972
1830
2273
0
2457
2257
501
1181
1696
2234
2355
2268
2017
2453
2322
2417
1969
0
2146
1626
2438
0
0
2144
1912
2244
1308
1698
2023
474
2398
1008
2113
2050
1993
0
2382
2199
2401
1989
0
2340
2388
2382
0
2413
0
2410
2429
2455
1675
2406
2260
2116
2377
2455
598
1874
1648
2279
2022
2062
265
2073
0
2112
2446
1985
2247
2397
110
0
2407
1031
0
2139
0
2138
481
1735
2458
2178
2182
1787
222
958
2432
1982
1337
1289
1620
0
2368
0
2268
2113
2144
1194
2025
828
2348
2149
2300
2397
2432
397
2222
2048
2280
2381
2377
0
569
0
0
2124
2280
1727
844
2425
2088
2397
0
1973
1560
1614
1517
2358
2052
1000
1761
0
2234
1789
2052
963
0
0
1953
2213
0
2333
2406
897
1973
1478
2346
840
2355
0
0
1905
2302
2319
2066
2325
1859
2253
1710
2425
2286
2390
2391
0
0
423
0
0
1514
1708
2432
2367
2178
2126
2430
2203
2265
0
2355
2409
0
1898
2217
0
2357
2151
1551
2453
1034
1989
1104
2315
1923
0
0
2082
2425
740
0
2322
1918
2371
2182
2436
2406
271
0
2139
1922
1698
2023
1902
2064
0
0
2170
2407
0
2351
0
2126
2461
1116
0
0
0
2362
0
1993
0
2458
2152
2325
2197
2156
1795
0
2453
2315
1708
2325
2132
2215
2227
395
1810
840
2431
1738
0
2041
0
0
2434
1781
2021
9
1133
2045
2366
1122
2023
2214
931
2325
2406
1858
2072
1961
1936
2153
0
332
2299
1966
0
1868
2383
2321
2400
2156
2260
2439
0
2413
2342
0
0
2355
0
0
1353
1386
1166
0
2325
2326
2206
2186
0
2362
1133
1720
2178
2397
0
2047
2241
1756
1727
2418
0
1166
2367
2262
2427
0
2247
2397
0
1851
489
2461
1513
2000
1604
2397
1566
1592
2383
0
2146
2210
1516
0
0
2377
2126
0
2364
0
2322
2442
2325
1386
1779
1774
2221
1671
0
2238
1512
2325
0
1517
2136
494
1830
2265
2447
2333
571
732
644
0
2038
2045
2321
2186
1934
2458
190
2411
2407
1412
2438
2335
2154
2196
1844
1614
1291
0
0
1582
2458
670
1804
2147
2126
2190
2139
0
995
1962
2270
0
2399
769
1907
0
1969
2397
2442
1330
2149
2399
907
1902
1724
0
2283
2321
2399
2355
0
996
1942
2407
1250
1048
466
2325
0
873
2399
0
1438
2326
2264
1268
1264
2340
2279
1981
2425
2342
2276
2417
1091
2074
2196
2355
2344
2438
991
2376
2375
1615
0
832
0
0
1619
0
2441
1026
1761
2266
2144
1337
2413
0
372
2369
2282
2189
2308
2074
0
176
1952
0
1292
1727
1621
0
2233
2118
1268
2073
1770
2410
1936
974
1882
2357
0
1839
2144
2397
294
0
1830
735
2204
2331
1565
843
2098
2098
829
2132
1906
0
2345
2330
0
2132
0
2442
624
2439
0
2367
2378
0
0
1818
1577
2413
2118
2292
2397
607
0
2090
2378
1638
2331
2017
2088
0
0
1614
2098
1851
2344
1922
2314
2325
1354
1982
2177
2045
1471
2373
2144
2167
2077
1021
0
0
0
2126
0
2319
2192
1715
1991
2158
1761
1153
0
1979
2274
2176
1925
891
2234
1861
0
0
1396
2452
45
2360
2177
646
0
0
1843
0
0
1527
0
0
1794
2244
1986
0
2325
646
2215
2090
2047
1176
2150
2409
2363
2226
2344
2399
2413
1331
1566
2449
2295
2212
0
1066
2158
2177
2378
2025
2306
2382
2457
1904
2397
1980
2094
2457
2322
1831
0
2166
0
1654
901
0
2452
2316
2343
2364
1261
0
0
0
1006
1968
0
708
2044
1690
1843
1345
1800
1920
1645
0
213
2161
0
2320
2150
1787
1451
543
2024
2445
2304
0
2397
2146
2413
1163
1810
2427
2411
0
2430
2341
2439
2410
2233
2411
0
2325
2102
2067
2295
1460
2406
0
0
2174
1678
1761
2110
2065
1021
2139
2452
2451
2359
1883
0
2228
1242
2107
1938
2340
549
2383
0
2346
2006
2181
0
2055
2095
2394
1834
2411
797
2121
2326
0
1294
2357
2168
0
0
0
2325
1996
1948
1727
2335
2366
0
1546
731
1452
90
2341
0
2182
2397
2395
0
2197
1984
2180
2347
2430
1143
2324
2446
2314
1198
1341
2299
2395
2402
0
0
2265
1444
2376
2100
1799
2398
1715
2076
0
828
2333
2222
1554
2174
355
0
767
2378
2073
890
0
2413
0
2406
2341
2430
2397
0
2206
2147
1100
1574
2359
0
0
0
2335
1516
2369
1460
0
1639
2431
0
2431
2283
1684
2186
1994
1989
1724
2377
2325
0
2149
1898
0
2397
2002
2094
2311
0
1501
1964
2399
1851
0
2113
2392
1953
2374
2425
2186
89
423
0
2369
2413
0
1655
800
2391
2363
2406
0
1182
2190
2391
2138
1981
2033
2222
2459
1574
2341
2149
2325
2430
2321
1473
1818
37
1582
2217
2151
330
2341
1895
421
0
2202
1700
2265
2126
1031
0
0
2231
852
2459
2222
0
2090
388
0
1423
2102
0
2186
0
1840
2152
1773
2448
501
2369
0
2444
1962
0
1994
1453
1342
2094
1708
1006
2389
891
1684
0
2109
2427
718
0
0
2196
2009
2391
1958
387
2366
241
2411
2024
0
2382
2353
1959
2353
875
616
0
1004
0
0
1935
1681
2094
0
2027
2383
2395
1770
2152
0
2453
2439
0
2047
0
2157
2111
2027
1106
2319
2196
2151
0
1324
1354
2453
0
1651
2332
2212
2280
2413
2457
915
1946
2088
2385
2453
859
2183
2227
2459
1927
0
1980
1002
2017
1684
0
2370
1407
530
2458
1789
732
1933
2381
2077
1687
1279
1615
1594
0
0
1723
0
0
1975
1591
2430
2050
230
0
2411
2099
2088
1982
1524
1387
2254
2332
2299
1331
2324
2357
1765
2425
2140
2003
2407
2351
2140
78
2314
1959
2322
2418
1898
1665
834
2362
2287
0
1815
0
2142
1994
2367
2150
0
2351
1308
2070
2351
2041
1698
1237
0
1748
2331
2394
2413
2431
1623
2259
1692
2163
2174
0
1962
2343
2174
2445
217
0
1474
2002
2245
2343
2213
931
1380
2315
2377
2144
1110
2431
1201
2200
2257
2132
2070
0
0
0
0
2141
2021
0
1451
1962
2049
2416
2444
2409
2319
1982
949
0
2430
1868
2239
1055
2115
0
0
1599
2167
1166
2271
2108
2407
2212
2360
1785
1922
1980
0
1782
1439
1692
1082
1895
2417
2331
1382
2325
2342
2145
2295
1818
1460
0
2343
2074
0
2453
0
2398
0
0
656
0
0
2304
983
826
1777
1393
0
2357
2202
2088
2355
2343
2017
1303
1330
2391
1806
2067
2055
0
296
1250
0
2081
2394
2045
0
1938
1154
2101
2279
1350
2221
487
2406
1941
2377
1962
996
2429
0
2046
2406
1145
1565
2265
2425
1935
1980
1112
1895
2154
1275
1712
2151
0
1568
1761
1775
2275
1109
2234
0
1079
1667
1748
2444
1749
1934
113
0
545
2384
1104
0
2068
1980
2152
2359
0
1948
2262
639
0
1113
2220
2001
1131
2132
549
1060
1755
2161
1305
1781
115
1585
451
2315
1829
2244
648
1424
2325
2343
2429
1941
0
2158
0
0
2397
2206
0
1036
0
2101
1068
0
530
2333
882
766
2067
2123
2322
2457
2215
0
1243
2427
2143
1855
2062
2138
1986
2006
0
1704
2366
2025
2054
1953
991
0
2445
0
200
0
2184
0
776
1646
2355
1992
1125
2007
2262
2413
781
2151
2025
1134
2226
2378
0
2407
2366
1024
1331
0
2399
0
2262
0
9
2397
334
1626
378
2380
2287
2255
2346
2459
1862
0
1132
0
2055
949
1808
0
2356
2217
0
2075
2244
2353
0
1341
2299
0
2287
0
2178
2279
2316
2454
2453
2126
1782
2132
0
2314
0
2086
2322
2364
2178
2001
1084
1793
2343
2376
0
2350
432
0
0
2231
2192
2310
1914
2326
2459
2023
1882
2366
2052
2458
1708
1658
1421
1989
2369
0
2351
1868
0
994
594
1824
2348
2304
0
2341
1068
2301
2377
2430
0
2172
0
787
2453
2089
2025
2333
2377
1240
1034
2084
0
2234
0
1908
0
2118
2353
2124
2399
1511
1168
2233
1758
2121
0
2367
499
2413
2299
2406
639
2319
2178
2325
2427
0
2125
2133
1895
2355
0
1438
2343
0
1982
0
2458
0
0
1187
0
0
0
2202
2324
348
2325
0
0
1409
2327
904
2431
0
2320
2367
1637
478
2406
2397
1751
2172
2315
2088
2157
1475
1970
1941
2216
786
1927
2408
1034
2450
1836
1782
636
1022
34
2104
1650
2023
2450
1882
1789
0
2403
2420
2168
1740
0
2444
1895
2149
1135
2457
0
2441
1675
2139
2413
2452
2073
2226
0
0
1394
2341
1696
0
1742
2397
1451
2178
0
2366
1464
2143
2255
0
2200
2158
1096
271
0
2413
2430
2335
599
1320
2321
2094
0
1985
0
0
0
2385
1705
2450
0
1474
2327
1890
1692
2399
0
0
0
1982
0
0
1983
2196
0
2337
2331
2316
1962
2434
2294
717
2212
0
170
2416
2212
1968
1703
1278
1895
762
1330
2156
2202
2253
2349
2453
2360
2383
2446
2459
2406
1439
1552
0
1796
0
2158
2356
1980
0
1977
2407
1807
2223
1613
620
1133
757
1325
1916
2387
0
1895
2407
2174
2147
0
2213
403
2376
1289
2409
1882
1993
2212
1265
484
0
2036
1188
0
1200
2283
1863
1916
1171
0
98
1695
87
1959
2047
1908
2431
2409
2050
2133
2210
1996
2174
2440
2430
2136
2457
0
2332
2111
2098
513
2341
424
2144
665
1953
2143
14
303
2178
2383
2377
1713
1004
2452
524
2343
102
1895
2418
1292
0
2293
1823
2076
0
1815
0
2231
0
2295
939
2190
2107
2411
2217
1726
2345
2410
2295
2239
1720
0
0
1794
1936
2390
1159
2359
1915
0
1615
356
2453
88
2455
2439
0
1594
2378
2325
1629
2076
2415
0
2366
2322
1688
2215
1982
1781
2355
1840
2444
2354
2414
1902
0
2405
1793
0
1066
2280
2369
0
2297
0
0
0
0
2332
2213
311
2325
0
0
2398
0
1713
2369
1177
0
2147
2049
1457
2138
1917
2430
2430
0
1851
2359
2367
1749
2048
0
2440
2149
1474
2186
0
1065
2333
1968
0
1761
679
0
2409
2328
1572
1882
2381
1952
2409
218
2322
2344
1572
2325
2369
0
1868
369
1055
2457
2274
2399
0
2295
2389
2459
2105
2231
1961
0
0
1463
1478
1573
2391
0
1700
1572
1991
105
2034
1496
2088
1879
1305
0
0
2036
1348
2263
0
2062
2382
2423
2308
1953
0
1261
2368
1629
2235
2446
1350
1393
2304
0
0
2355
0
0
1196
2348
1324
2124
1065
2452
2259
735
1723
2260
1696
1614
2234
0
0
1099
1223
1758
2331
2325
