835
680
319
261
424
786
264
586
30
813
871
286
139
654
787
207
159
958
565
331
816
534
490
696
184
265
989
232
37
397
823
192
859
344
312
22
410
323
214
575
694
348
992
908
876
279
947
474
118
868
847
521
942
448
673
795
924
610
870
62
670
755
472
856
545
540
588
40
936
197
554
780
720
28
56
408
332
899
278
111
912
731
6
744
590
702
196
24
147
97
110
176
568
809
500
891
970
451
851
771
831
231
709
103
426
88
381
469
240
461
761
172
388
768
478
494
708
517
549
592
902
632
143
880
621
52
329
776
71
644
509
848
403
998
274
209
980
39
863
692
74
811
26
112
14
706
962
304
695
120
944
571
483
505
180
496
701
130
951
434
57
917
777
223
283
182
770
551
1000
839
631
439
308
636
643
355
511
45
93
305
529
819
123
718
318
528
248
759
716
208
845
322
350
456
195
934
79
386
914
406
351
175
132
399
368
187
440
432
460
320
427
68
699
481
904
747
498
221
956
464
587
676
628
602
971
226
158
220
691
561
658
202
215
235
181
258
952
741
948
503
294
242
812
682
864
266
623
959
596
986
756
177
925
964
705
166
150
459
252
280
898
275
9
615
425
229
836
504
115
243
866
165
303
135
66
651
541
993
649
377
879
604
598
102
520
371
435
678
897
13
194
887
616
559
827
950
246
400
563
268
347
764
748
164
99
562
984
272
430
532
259
295
522
288
510
739
98
810
95
337
100
981
825
476
317
727
105
190
298
721
495
519
999
593
953
612
614
663
671
83
637
154
954
48
11
608
269
806
296
489
906
783
353
648
815
606
625
972
390
257
49
841
179
378
15
171
732
513
114
933
365
570
297
316
493
697
292
926
307
58
502
916
689
883
485
270
737
41
878
211
25
245
363
611
395
431
21
874
945
77
624
473
247
189
888
138
796
76
940
169
543
315
750
889
33
919
645
394
896
633
609
418
423
256
183
239
853
515
127
330
4
793
634
128
44
861
250
530
233
760
773
119
370
974
817
401
374
441
710
745
267
985
910
121
47
675
470
106
603
832
422
391
785
438
255
556
407
389
67
518
840
895
284
858
282
162
729
463
685
321
900
482
442
362
939
605
665
704
20
968
151
524
16
228
454
453
449
991
723
300
683
574
736
53
927
148
769
542
872
360
893
660
149
640
789
642
501
163
547
885
533
758
664
343
285
820
382
655
392
920
328
700
901
225
802
359
72
905
877
553
627
921
366
271
222
668
567
191
413
717
618
583
781
433
89
566
73
653
144
630
260
560
443
126
63
107
527
725
84
96
822
133
579
200
140
667
826
236
801
754
338
59
995
82
311
301
507
325
638
814
385
711
204
287
506
913
843
965
581
935
601
145
218
635
334
973
752
65
800
384
757
582
930
354
136
790
227
525
457
302
484
763
657
742
589
724
393
404
821
263
254
782
372
193
923
81
491
538
941
188
728
852
537
339
375
943
38
465
850
629
161
462
784
90
698
230
156
101
152
306
367
842
738
51
380
36
480
960
975
488
600
109
414
875
535
669
116
994
591
688
146
241
743
550
205
617
492
804
990
677
613
929
364
313
122
455
50
679
857
791
444
619
622
928
569
69
557
730
219
467
855
405
396
251
558
309
277
117
650
531
997
417
471
512
487
772
834
341
477
652
719
450
829
178
712
479
10
216
131
762
620
580
416
2
585
55
199
249
955
153
681
715
961
212
91
124
830
210
808
46
19
976
746
349
539
157
29
335
578
357
134
672
828
32
167
837
383
108
398
141
778
186
173
599
17
446
276
217
352
86
659
129
595
34
854
85
70
160
324
707
666
281
805
818
584
869
774
415
486
1
290
514
766
497
516
626
18
775
234
988
938
803
75
794
340
733
27
170
548
909
662
918
862
326
860
238
788
886
80
466
967
402
792
168
387
452
714
203
555
244
684
468
447
369
412
23
428
824
198
753
594
299
564
293
911
573
544
639
42
314
185
536
873
779
409
686
421
310
411
361
342
641
60
726
983
523
661
735
429
978
957
458
201
445
54
966
43
499
867
963
922
237
907
734
597
373
882
174
155
687
749
8
849
607
358
31
508
437
356
690
799
838
969
552
125
693
291
61
892
915
345
526
346
656
577
751
336
262
982
253
996
572
646
903
576
12
224
64
890
92
436
113
7
3
844
546
946
894
104
289
949
206
713
881
94
419
674
142
475
647
5
87
327
722
833
807
376
932
35
865
273
846
137
379
884
703
213
931
987
78
798
740
797
937
420
977
765
979
333
767
