946
527
1169
1884
1252
1199
1626
589
1495
780
1948
828
1292
1840
67
1074
64
1126
576
1869
92
1099
1066
452
1086
845
1818
1343
384
1446
388
1396
1469
1955
1223
479
1153
1543
1138
577
1212
1039
638
1634
1821
1781
295
66
370
1417
1354
1526
492
1442
1339
70
706
1504
242
1313
1686
224
629
381
1525
1772
1005
769
1187
1939
613
350
1851
485
77
1141
1492
1307
844
1902
1076
1838
622
582
563
1959
939
1471
409
941
1360
1640
603
1946
1738
1342
581
1068
10
150
1868
1458
231
607
1228
1006
429
403
1082
1994
1845
1179
453
1979
1916
263
1654
1264
376
914
1908
1764
1609
476
643
126
1668
1149
655
308
1550
283
654
281
867
1000
363
971
778
554
6
1517
1843
779
422
348
1422
1356
597
1483
1620
1491
1887
1520
653
1213
1164
808
628
486
599
905
181
1304
972
1704
216
546
878
1825
793
1080
16
1694
1057
1042
1244
1317
1603
861
775
464
781
1447
1616
1780
300
1977
854
822
565
20
1897
1683
286
1192
427
1521
1181
15
846
396
1156
1093
444
1663
1826
133
394
562
805
456
1152
118
259
1615
1514
1516
1555
1404
1462
588
678
714
1102
437
1947
995
197
1151
236
1378
687
113
1326
1077
695
380
1358
255
375
262
1760
270
310
1485
1730
23
1888
1371
1962
1353
1698
1450
1645
880
1941
332
689
1411
584
1871
994
1407
1828
759
904
1748
1757
293
99
1486
1893
95
1044
1434
1266
1586
202
797
1235
895
1909
470
967
1399
720
435
1768
938
1246
1829
876
153
469
1137
107
707
315
874
25
927
1665
383
1958
322
129
947
1220
275
799
1608
1566
1441
618
877
387
1861
478
1796
1905
1693
1171
1079
1705
26
1142
578
1811
1227
956
536
1882
884
1527
1170
1507
1879
903
800
221
1621
1237
1569
983
708
1643
748
1631
648
1248
520
1299
733
1215
1579
1320
896
252
842
964
1658
1771
1734
806
1900
58
1678
79
847
498
1279
1436
473
305
499
1741
1321
306
1490
934
1400
373
996
1454
1028
1834
568
1567
665
746
487
115
543
704
1917
636
398
78
823
1906
511
933
1636
474
1008
889
226
1357
1628
264
1735
1267
544
1922
1933
317
670
454
230
1363
145
1309
142
1296
892
1188
495
1233
1108
490
98
1847
1059
1837
201
391
49
353
1552
52
1690
1590
1368
101
19
1305
13
108
1127
898
729
803
1899
507
727
551
571
459
1480
1928
148
988
27
1139
298
114
825
875
740
944
1831
872
1924
1146
1573
782
1330
203
38
163
630
1101
701
1833
1911
412
1031
1773
1232
517
1572
1841
1110
702
538
1982
124
795
871
501
1785
1168
154
703
1316
1466
244
1639
279
1375
954
1784
1856
1575
217
666
1687
137
767
1377
207
1302
524
489
918
253
497
598
237
291
1701
500
1580
417
1708
472
1548
593
1408
1172
43
661
89
838
1291
1685
1431
1384
1606
1219
1061
1754
1081
1121
1776
549
1524
660
96
365
311
758
1226
1012
1112
1929
868
446
1315
1186
392
940
545
471
1405
258
1689
989
1254
362
763
1537
1106
339
761
37
299
1334
1437
420
1337
1779
1974
961
1383
160
14
438
533
1
1421
1161
976
1083
210
514
869
1426
1594
906
635
1582
1095
42
1875
1351
1669
334
1105
567
1014
76
386
1409
180
726
1907
829
1289
33
151
1827
755
920
1463
324
17
1046
414
798
335
1506
542
406
1107
539
343
105
1542
338
1379
1863
1413
455
1256
450
948
1641
1331
1967
662
1657
1366
762
1073
509
1633
523
357
248
770
225
345
465
408
510
1987
211
594
1857
982
1069
1475
682
346
1190
1561
712
1129
932
1921
421
493
848
419
512
425
1214
1070
881
1762
734
1021
41
771
463
71
1240
1964
327
215
553
1013
1707
1130
1966
621
1681
1191
1206
992
102
11
1756
1717
1352
1835
1020
1539
974
1440
1954
1699
911
1881
1638
223
1239
1722
367
1564
123
717
44
1885
1276
389
423
57
294
609
1889
1721
634
725
883
1041
1961
1759
1806
836
1341
824
1790
117
1971
1100
1104
980
361
625
966
931
1852
411
80
1878
141
200
1459
1022
1562
1162
65
819
1092
1009
564
186
981
1287
482
372
110
837
1894
1775
397
352
1627
922
460
624
1978
1420
111
1245
902
1333
1461
268
1193
1886
1144
1744
658
788
405
1349
863
97
1133
55
1445
959
1895
1969
1063
196
1632
1036
1649
815
1584
183
1808
1864
1554
175
1167
1470
1029
595
1723
615
1049
1197
161
1989
1747
637
1812
1493
1624
1662
1058
1761
1904
737
134
1998
1234
1282
1576
620
1674
39
1025
1667
1571
1174
951
1677
765
443
1803
591
1531
182
1346
650
1045
1913
1089
1494
1642
1300
404
913
1451
1813
1801
1207
735
1114
602
1509
519
1810
1650
1158
1218
1973
1593
192
136
1043
266
1619
1272
1414
1380
1912
879
222
952
1591
1565
1250
1934
1018
190
1915
418
1160
1198
953
316
619
882
786
859
1692
1805
1783
1027
1288
657
910
369
1210
585
611
439
1807
442
1720
1125
724
1438
1457
297
693
1753
209
246
1540
1476
1910
1872
434
1557
1065
140
639
448
949
958
1797
1195
716
728
596
166
515
1241
85
569
326
364
1625
144
1251
1312
1052
325
1510
1335
742
1702
1529
1682
700
1817
416
195
1306
792
1348
1418
313
1238
1496
271
1034
8
147
1395
1990
1429
191
1599
1123
355
926
157
550
1464
159
1846
1822
359
1278
1401
74
912
1651
1819
1820
1574
2000
56
1460
1513
462
1303
821
59
1673
1850
853
1024
1546
399
1798
1011
1500
171
407
1536
1648
612
1716
1710
84
1568
72
817
572
1777
60
738
1515
1725
109
1273
685
1242
955
1570
1598
851
574
233
616
1177
548
834
1577
265
1118
62
1386
694
1712
393
610
1700
30
928
1310
1653
447
34
1656
710
156
46
1800
950
1085
986
1435
88
1597
646
18
1097
21
1926
1901
935
888
90
813
696
642
1697
1444
1549
504
1094
1394
1286
431
1867
1680
292
1938
1956
1224
241
1035
1860
1136
1489
1940
835
1533
1672
1896
401
827
998
1208
965
818
169
552
36
1314
61
81
1823
776
969
1175
1976
1732
48
1501
1703
978
1017
1053
1200
164
285
1180
723
801
1844
1729
1993
122
1359
540
106
699
337
676
1132
1750
1367
379
1522
756
356
1932
1253
238
997
1397
866
741
1556
1268
366
907
194
312
31
1204
962
1988
1724
1670
1382
990
1211
957
1280
466
1589
1145
440
304
488
218
673
245
358
674
1739
128
623
1995
1325
1091
667
1393
1236
430
1854
1159
1918
1056
739
433
177
1259
149
1892
1919
531
1488
573
753
167
640
715
1830
1758
185
1824
1163
832
205
1558
1465
87
1122
1290
683
1372
1931
1499
1054
1390
484
1007
1512
1970
890
987
1614
94
1050
1275
385
243
229
254
839
547
1714
929
528
1736
1203
787
886
1482
873
1324
811
587
1361
1103
849
558
1849
1048
83
1505
1742
323
1578
529
1661
1428
908
984
1774
1980
1293
1727
1439
330
1183
518
973
1391
1503
1468
537
1060
923
239
816
344
508
751
1255
1479
843
1766
1957
1981
143
731
671
158
377
711
560
1880
371
555
826
1323
1134
1752
608
1623
1472
1935
1903
1870
184
1585
1629
777
600
963
754
496
104
1786
993
1538
1448
749
1695
791
1257
644
170
1706
887
1731
796
719
1249
29
267
1398
1182
274
698
909
541
1178
916
1778
752
1951
1124
570
1691
522
301
273
368
865
1473
302
1719
810
686
155
1588
502
1385
1113
631
1001
198
1364
688
1925
764
1611
1745
75
580
1002
35
480
943
219
605
656
1671
91
1403
208
1285
127
189
276
1767
7
1660
645
1511
675
617
1664
802
1991
526
850
2
1311
1676
1793
1794
1484
441
530
814
250
277
1004
1518
604
1415
1502
1858
1032
1247
40
1652
1952
1047
1277
534
641
722
979
1814
318
135
1258
921
857
1914
1986
1284
321
1084
1996
1865
1449
1131
1923
1945
1453
1647
807
340
1389
1344
586
125
146
891
491
1301
1430
1622
812
4
1328
1222
1189
349
1617
679
1605
831
249
785
663
1528
900
28
1345
481
789
100
329
750
1297
559
804
1679
1743
1040
1659
213
856
773
1340
1176
303
1815
561
1135
664
1347
1602
1432
172
1294
659
606
1067
1350
1071
1975
1055
592
1369
1096
1327
1090
1862
1265
193
1038
521
744
139
47
1541
1477
1968
1308
1329
228
747
1319
1600
1877
240
681
632
235
328
1737
858
985
1322
669
256
289
1298
1166
893
390
709
936
809
1848
112
73
1792
1216
1751
1942
1688
1749
783
1960
1684
784
1173
1155
1402
1920
721
1953
870
138
22
1874
1630
178
165
1523
1281
1789
1111
247
82
436
1637
647
1943
1185
179
894
116
1992
1467
63
590
132
1231
899
1497
1853
760
1765
1950
461
1443
841
206
516
152
1072
53
1374
1209
1148
945
1855
483
1201
627
188
917
187
1217
1804
1019
5
1644
1120
1261
1842
1117
1876
1003
1592
378
1165
1406
1551
1508
457
54
1832
942
1983
556
1997
1534
885
1230
395
757
477
1416
1618
1033
284
1423
69
864
1612
1553
475
1816
1839
1376
1365
1891
1746
919
1370
652
1184
977
684
494
1733
374
1140
162
1559
272
960
535
1243
1332
1016
1613
174
1547
1452
1859
227
1115
1601
1655
360
513
1098
319
445
1283
260
557
130
830
1154
288
1763
1143
925
341
468
1433
1965
1927
1205
1985
1713
691
451
402
296
320
1336
1791
1795
924
1809
1532
1937
1607
1078
1487
1388
1037
1949
342
1984
1392
1972
1229
677
50
234
503
1362
220
428
232
119
1944
257
855
766
1936
131
309
400
732
261
1711
833
351
1675
382
852
1427
1740
718
1202
1581
103
3
45
307
1770
1062
743
999
970
1260
1455
1481
1930
1295
1221
862
282
736
1010
1456
1560
1873
583
93
1836
1587
1866
336
705
1728
1604
930
1769
937
432
1890
347
672
9
1387
1563
1318
1646
212
1530
1544
1088
697
251
820
1225
199
278
713
525
449
651
1150
1596
176
1696
173
772
1718
579
1595
1802
1109
1147
290
1799
505
901
415
774
991
280
333
1194
426
1270
1583
1709
768
1474
1271
1196
1075
1726
410
633
51
1788
1410
532
269
214
730
121
1610
458
1535
1263
1545
204
1064
1425
120
1373
860
1898
24
1424
168
1666
575
32
1030
12
1269
626
1051
790
1157
1635
614
975
354
287
1999
1883
86
331
1755
692
1015
1963
467
1412
1519
1338
1026
1116
1274
1381
1087
1478
1023
1262
1782
690
1419
1787
506
424
68
1119
680
1715
668
794
840
745
1355
314
897
601
1128
649
413
915
968
1498
566
