3542
3686
3529
3711
2486
3795
3688
2583
3767
3253
3842
3793
3685
3388
3784
3855
3834
3554
0
3568
3834
3795
3812
3759
0
0
598
3821
2428
3610
3728
3836
3677
1495
3709
3098
3740
2743
3853
3639
3582
3436
1800
3795
2983
3772
2324
3662
3785
2508
3800
3836
3702
3762
2376
0
3705
3736
3631
2685
3793
3635
3708
2249
3836
3683
3152
3709
3819
3847
3813
3750
3852
3816
3829
3327
3704
3829
3715
3740
0
3647
3745
3354
3848
3744
3746
3824
3829
3328
1569
0
3296
3823
3829
3771
3244
3817
3855
3724
3657
3756
3771
1787
3009
3164
3704
2062
2945
3782
3602
3599
3847
3823
1398
3061
3799
3818
3584
3330
3808
2664
3774
3834
3500
3378
3669
3822
3713
3752
3761
3757
3792
3684
3590
3704
3834
3791
3678
3680
3418
3395
3787
3843
3782
2494
3470
3591
2967
0
3762
3843
3478
3215
3690
3713
3834
3042
3820
3462
3374
0
1468
3843
3854
3644
3740
3508
3736
3799
2975
3582
3698
3793
3852
3410
3127
3152
3772
0
0
3786
3829
3855
3695
3745
2275
3560
3761
3517
3697
3075
3844
3822
0
3782
3700
2721
3378
3852
3757
3722
3694
3762
3702
3614
3671
3702
3851
3818
3788
3639
3422
3761
3854
3809
0
3444
3823
0
3751
3804
2447
3715
3704
3824
3356
2049
3671
3834
3724
3327
3486
3723
0
3843
3698
2945
3787
3643
3346
0
3737
3771
3761
3622
3820
3844
3818
2859
3557
2881
3681
3288
3763
3544
3787
3517
3826
3543
3793
3544
2987
3847
3814
3657
0
3448
3418
3852
3674
3757
3750
3471
3300
3842
3784
3070
3519
3030
3750
2819
3794
3685
2894
3825
3700
2937
1212
3804
3724
3437
3824
3848
3585
3829
3592
3834
3451
3656
3812
3849
3002
3845
3818
3404
3639
2851
3843
3833
3554
2006
3599
2544
3834
3685
3829
3855
3272
3750
1385
3669
3824
2437
3593
3837
3425
0
3785
3851
3750
3709
3103
3356
3718
3373
3206
3591
3053
3589
3836
3671
0
3663
3664
3739
3132
3840
3834
3259
3750
3813
3190
2926
3669
3468
3707
3782
3702
3427
3836
3533
3374
3828
3462
3707
3787
3672
3801
3827
2331
3801
3821
3657
2224
3824
3827
3351
3554
3702
3840
3787
3836
3684
3761
3633
3840
3737
3853
3428
3833
3825
3620
596
2583
3788
3834
3709
3704
3848
3750
3301
3573
3759
3848
3586
3219
3799
3719
3607
3799
3839
3853
3822
1901
3840
3816
3800
3820
3505
3833
3704
3399
3795
3625
3353
1980
3558
3840
3855
3835
3599
2485
3855
3844
3007
3559
3544
2321
3736
3667
3824
3181
3795
3465
3266
3820
3712
3816
3740
3824
3793
3335
3786
3842
3782
3553
3843
3374
2901
3685
3046
3004
3573
3728
3750
2155
2983
2009
3724
3499
3338
3747
1156
3338
3496
3695
3757
3691
3542
3841
0
3701
3852
3800
3764
3761
3795
3663
3839
3852
3469
3774
3384
0
3482
3836
3769
3843
3855
3678
2813
3599
3186
1910
3657
3587
3670
3818
3785
3813
3785
3657
1518
3468
3823
788
3787
3772
0
3347
2392
0
0
3767
3108
3058
3693
3773
3740
3795
3539
3471
3793
2945
3684
3527
3847
3639
2718
3833
3050
0
3825
3802
2227
3648
3678
3774
3852
3335
3230
3539
55
3843
3750
3788
3737
3140
0
3124
3795
3829
3842
3787
0
3290
3821
3843
3793
3824
3783
3698
3853
3757
3317
3839
3644
3530
2813
2077
3667
2846
3847
2439
3023
3558
1432
3261
2214
3820
3750
3784
1910
3347
0
3148
0
3095
2205
3619
3561
3835
3665
3794
3799
3737
3589
3842
3265
3762
3599
3719
3582
3799
3675
3783
3514
3599
3855
3098
3555
3762
3221
3623
3680
3582
3808
3700
3785
3715
3834
0
3535
3455
3648
3834
3306
3799
971
3389
3709
3757
3813
3843
3852
0
3373
3855
3807
1721
3740
3670
3855
3644
3737
3709
3751
3744
3686
3374
2844
2435
3745
3838
3462
3451
0
3059
3837
0
3122
3800
3822
3822
3702
3843
3848
3847
2489
3838
3670
3307
2780
3842
3452
3539
3712
3485
3795
3847
2079
3657
3323
3132
3667
3774
3127
3244
3844
3736
3538
3745
3782
3784
3823
3537
2646
3837
3771
3852
3344
3834
3853
3698
3840
3207
3146
3829
2610
3681
2966
3843
3838
3619
3657
2859
498
0
3753
3750
3554
3747
3236
3509
3825
3784
3603
3849
3278
3774
3847
3791
3718
3149
3418
3672
3700
3747
3794
1068
2947
3796
3771
3372
3517
0
2306
3253
3700
3542
3792
3119
3788
3637
3800
3442
3700
3848
3078
3704
3834
3617
3548
0
3681
3607
3855
3666
3567
3774
3499
3558
3826
3849
3799
3783
3834
3169
3752
0
3543
3374
3775
2885
3843
3822
3820
3849
2708
3675
3842
2009
3469
3823
3486
3851
3783
3702
2581
3358
3679
3822
3678
3691
3784
3664
3639
3826
2989
3842
3702
3604
1800
3799
0
3799
3665
3822
3771
197
3593
2359
3207
3822
3748
3327
3855
3619
1484
3397
3442
3462
3751
3834
3786
3774
3208
3699
3607
3787
3855
3837
3702
3783
3836
3409
2351
3824
2882
3702
3800
3747
0
2512
3680
3808
2144
3715
0
3745
3324
3792
2389
3824
3736
3285
3681
2877
3599
2788
3792
3665
3518
3756
3387
3834
3548
3711
3693
3672
3729
3750
3127
3843
3582
3121
3734
3819
3392
3551
3719
3441
3828
3700
2236
3628
3748
3538
3542
3079
3852
3840
3604
3543
3740
568
3403
3795
3318
3124
3762
3330
3722
3702
3816
3683
3662
0
3843
0
897
3571
3713
3631
3847
3665
3625
3667
3795
1528
3853
3817
3554
3783
3465
3734
3826
3199
3712
3663
3740
3553
3774
3694
3547
3507
3765
3771
3294
3705
3784
3785
2968
3339
745
3694
3744
3737
3793
3669
3663
3732
3837
0
3780
3484
2882
3843
3849
0
3848
3444
3419
3707
3823
3751
3840
3611
3751
3732
3740
3605
0
0
700
0
3121
2065
2359
3819
3751
3854
3771
3075
3596
3372
3702
3196
3801
3787
3516
1571
3787
3665
3842
3491
3764
3816
3824
3833
3795
3787
3853
3771
3842
3801
3435
3840
3517
3441
3834
3510
2485
3750
3631
3667
3843
1371
3685
3002
3840
3843
3834
3376
3756
3818
3800
3697
1969
3843
3467
3592
3356
3735
3792
3046
3696
3736
3820
2619
3075
3604
3814
3633
3855
3799
3814
3836
1206
3721
1301
3566
3820
3671
2226
0
3671
3807
3718
3835
3751
3560
3377
3800
2924
3757
3728
3724
1507
3796
3444
3774
3132
2982
3695
3672
3795
3844
3122
3065
2798
3729
2105
3749
3729
3823
3853
3661
3354
3237
0
0
3847
2660
3843
3783
3715
3771
3667
0
327
3079
3690
3691
3769
3730
3771
3389
0
3781
3855
3549
3365
3558
3448
3671
3741
3707
3747
3592
3760
3436
3704
3700
3670
3853
3582
3660
3688
3338
3082
3336
3757
3794
3736
3800
2863
3795
3584
3685
3834
3740
3544
3045
3825
3841
3829
3751
3407
2616
2056
3694
2553
3800
3757
516
3836
936
3582
3788
3559
2553
2982
3542
3621
3701
3774
3585
3487
3745
3783
3387
3695
3793
3585
3372
3805
3734
3849
3587
3823
690
3795
3836
3669
3718
3709
3775
3774
3824
3801
3700
0
0
3840
3834
3617
3688
2828
3599
3611
3834
3837
3358
3325
3251
993
3804
3486
3824
3702
3839
3736
3694
3728
3155
3837
3826
3801
3829
3780
3702
3098
3394
2872
3657
3639
3764
3840
3733
3442
3199
3821
3620
3842
3843
3795
3686
3139
0
3558
3140
3847
3467
3788
3840
3808
3771
3836
3774
3321
3751
2889
3625
0
3824
3657
3732
3741
3525
2889
3667
3602
3792
3671
3849
3560
2901
2373
3614
3415
3824
3639
3737
3748
3800
3562
3795
3812
3125
3808
2827
1689
3425
3793
3669
2216
3847
3853
3575
3791
3805
3852
3787
3771
3555
3717
3704
3658
3847
3560
3035
3190
3715
3261
3787
3855
3584
3845
3771
3265
3791
3795
1140
3681
3771
0
3501
3542
3685
3311
3657
3834
3813
3619
3808
3483
3736
3667
3823
2241
3834
3796
3789
3571
3326
3585
3802
3548
3685
3763
3594
3226
3792
3722
3495
3561
3822
3669
3360
3809
3708
985
3855
3745
2791
3855
3708
3821
3750
2845
3843
3843
3834
2393
3592
3834
3731
3840
0
3656
3823
3771
3427
3794
3444
3710
3261
3457
2666
3828
3800
3690
3783
2374
3795
3669
0
2312
619
3855
3665
3558
3147
2477
3691
3816
3740
3392
3448
3769
3107
3712
3310
3478
0
3789
3472
3469
3620
3747
3572
3795
3788
3169
3078
3715
3789
0
3316
3542
3817
3816
3849
3828
3758
3484
3657
3849
3769
3547
2867
2806
1172
3800
3791
0
3122
3237
3799
3544
3463
3576
3635
3633
23
3278
3854
3836
3808
3747
3774
3558
3574
2324
3740
3582
3316
3834
3337
3849
2918
3670
3757
0
3585
3826
2989
3763
3627
3834
3782
3582
3124
3779
3001
1882
3065
3843
3584
3685
3779
3545
3785
2812
1351
3139
3774
3449
2889
3657
3763
0
1684
3690
3827
3718
3474
0
3791
3700
3819
3787
3816
3732
3500
3683
506
3569
3801
3762
3752
3621
3853
3840
3711
3545
3824
3650
3835
3433
3610
0
0
3780
3825
3809
3553
3503
3804
0
3849
3834
3824
3777
3604
3700
3593
0
3671
2735
2918
3691
3792
3180
3663
3836
3855
3779
3825
3685
3771
3657
3840
3797
3429
3195
3784
3717
3808
3809
3826
3774
3843
3827
3837
3785
3823
2007
3060
3498
3115
2974
3834
3814
3761
3235
3467
3643
3744
0
3625
3702
3621
2592
3670
3599
3283
3855
0
3814
3847
3804
3215
3772
3800
3795
3242
3817
3378
3207
3722
2769
3749
3677
3115
3267
2951
3750
3704
3316
2800
3771
3824
3840
2291
3397
3785
3821
3391
3700
3624
1322
2813
3809
3636
3759
3072
3207
3075
3720
3821
3823
3558
3569
3740
3436
3571
3838
3761
3745
3836
3761
3796
3834
3834
2146
698
3324
3636
3702
3169
3823
3819
3451
3545
3774
3089
3841
3462
3796
3740
3713
3475
0
3795
3374
3751
3848
2590
3675
3818
3132
1363
690
3783
2654
3745
62
3714
3813
3825
2708
3702
3074
3570
3824
3579
3836
3750
3807
3799
3622
3843
2439
3843
3833
3795
3702
3504
3855
3713
3621
3602
3795
3582
3629
3447
3620
3528
2956
3842
3169
3702
3509
3508
3469
3821
3664
3771
0
3835
3644
3767
3739
3815
3740
3404
0
3847
3854
3639
3812
3820
3723
3295
2260
3818
3701
3787
2859
3542
2245
3848
3718
2290
3789
2150
3657
3836
1554
2171
3505
3678
3700
3833
3229
3711
3848
3788
3376
3622
3722
3315
3589
3836
3323
3787
3532
3548
3717
3744
3848
3412
3829
3670
3758
3709
3814
26
2826
3750
2927
3785
3664
2862
3779
3662
3820
3498
3463
3784
2277
3572
3771
3836
2491
3501
3843
3542
3823
3771
3783
3813
1999
3709
3715
2572
3842
3845
3196
3482
3505
3843
0
3785
2654
3834
3558
3249
3829
3821
3694
3793
3670
3442
1647
3709
3063
0
3808
3698
2865
3795
3737
3081
3728
3834
3710
3401
3762
30
3849
3791
3124
3150
3570
0
3365
3688
3703
3702
3698
3548
3788
3784
3801
2324
3401
1728
3832
3855
3520
2754
3469
3707
3795
3777
3826
3672
1563
3700
3361
3754
2203
3384
3834
3569
3290
3698
0
2786
3836
3805
300
3525
3558
3503
3670
3681
3793
3542
0
2181
3823
3754
2989
3771
3306
3774
2324
2447
3849
3721
3756
3820
3611
3839
3771
3260
3500
3074
2759
3820
3787
3091
3849
3806
3594
3795
2799
3795
3335
3351
3127
3829
3816
3415
3625
3839
3404
2597
2957
3762
3027
3224
3731
2398
3825
3840
319
3086
3701
903
3762
3800
3839
3500
3681
3002
3384
3685
3787
3752
3715
2660
3853
3629
3084
3639
3669
3302
3728
3834
3025
3855
3545
3206
3855
3855
3843
2516
3367
3749
3822
3420
3728
3793
3748
3740
3787
3774
3747
3418
3448
3842
3777
3537
3774
3745
3206
3769
3772
3407
3740
3840
3743
3553
3783
3688
3801
2419
2194
0
3688
2875
3762
1614
3796
3787
3816
3558
3840
1720
3820
3708
3697
2982
3746
3841
3384
3774
3620
3771
3825
2846
3358
3849
3824
3734
3670
3804
3772
3837
0
633
2881
3745
3763
3765
3667
3447
0
3814
3524
3739
3750
3373
3582
3847
3407
3728
3834
3582
3762
3122
3834
3854
3280
3711
3700
3820
518
0
3704
3648
3758
3740
3614
3834
3795
3834
3751
3462
3713
3621
2291
3852
3252
3853
3820
3839
3684
3757
925
3751
3679
3793
2646
3579
3208
2846
3839
3818
3127
3848
3818
3686
3718
3787
3169
3648
3651
2833
2826
3836
2151
2724
3672
3190
3737
467
3425
271
3253
3265
3719
3685
3596
3836
2509
3788
3496
3434
3795
3618
3761
3157
2774
3855
3758
3715
3792
3734
3799
3740
3767
2646
3789
3849
3189
3510
3792
3750
2979
3836
3816
3787
3824
3401
3796
3746
3740
3543
3791
3740
3823
3799
3543
3762
3139
3819
3784
3842
3604
3782
3757
3496
3818
3783
3694
3648
3791
3736
3759
0
3589
1611
3834
3753
1637
3829
3720
3799
3771
3737
3667
1153
3843
3785
3735
3708
3715
3701
3843
3700
3774
3594
0
3823
3587
3836
3678
3702
1060
3795
3855
3526
3704
0
3761
3855
3373
0
0
3840
1505
2943
3807
3700
821
3615
3800
3592
3814
3788
3771
3794
3313
3519
3771
3722
3208
3774
3792
3677
3467
2151
3703
3824
3834
3774
3820
3719
3648
3824
3841
3819
3470
3528
3834
3769
3813
703
3855
3822
0
3745
3712
3307
3829
3724
3818
3799
3306
3396
3740
3750
2859
2585
3131
2576
3643
3109
3508
1207
3814
2682
3688
3847
3505
3788
2187
3795
3772
0
3820
3772
3643
3818
3826
3401
3852
3783
3823
3814
3664
3154
3707
2436
3764
0
3842
3694
3569
3709
3758
3718
3795
1613
3852
3825
3010
3724
3419
1930
203
3628
3807
2526
3833
3516
3847
3561
3517
3736
1926
3591
3780
3795
3020
3774
3756
3553
3425
3769
3794
3558
3597
3712
2749
3761
1998
3153
3190
3853
2615
3718
3834
3804
3551
3854
3834
3394
3780
3806
3834
3795
3833
2821
3652
3441
3800
3751
3722
3818
2919
3107
3771
3780
3820
3376
3772
3823
3746
3011
3669
3847
2338
3483
3765
3061
3614
3544
3772
3362
3717
3351
3757
1847
3849
3817
3834
3718
3265
3745
2057
3115
3757
3478
3441
2750
3306
3824
3785
3539
3728
3621
3678
3813
3823
3785
3793
3817
3736
3839
3519
3373
3800
3631
3712
3771
3522
3715
3812
3791
3842
3620
3809
3552
3791
3528
3745
2511
0
3827
2275
3713
2758
3543
3787
2370
902
1096
3821
3840
3203
857
3762
3628
3680
3689
3836
0
3737
3728
3109
3435
3800
1684
3698
3697
3804
2275
3795
3801
3771
3774
3558
3756
3558
0
3787
3818
3664
3814
3700
3792
3855
3764
3345
3543
3743
3675
2923
3690
3694
3764
3740
3761
3348
3302
3667
3196
3762
0
2957
3615
3685
3444
3712
3834
3295
3396
3807
3813
3720
3829
3843
2832
3568
3771
3846
3554
3793
3566
3824
3737
3712
3792
3843
3108
3800
3808
3206
3652
3602
3685
3392
3855
3817
0
3824
3820
3773
3728
3482
3570
3814
1735
2925
3700
2481
0
3828
3614
3621
3838
3793
3744
3667
3433
3801
3670
3582
3678
3787
3834
2491
3651
3416
2970
3675
3788
246
3758
3761
3740
1056
3535
3817
3851
3791
2374
3697
3486
3667
3226
3791
3573
3829
3712
3783
3731
3740
3835
3855
3836
2529
3483
3834
3113
3834
3394
3619
3678
3677
3840
3669
3684
3832
3584
3046
3748
3542
3602
3793
3709
3801
2245
3737
3848
3774
3496
3672
3840
3762
3824
3572
3818
2989
3666
3681
3721
2932
3836
3836
2952
3281
3480
3119
3543
3820
3834
3558
3694
3663
3698
3294
3762
3307
924
3757
0
1735
3819
3783
2472
3855
3537
3675
3700
3761
3793
3582
3685
3842
3678
2366
205
3582
3772
3734
3138
3678
3526
3705
3584
3675
3736
3621
3793
3814
3782
3702
3795
3852
3169
3517
3774
2288
3774
3801
3774
3795
3740
3404
3855
3041
3592
781
3712
3817
3839
2390
3795
3230
3840
3799
3782
3801
3708
3709
3615
0
2819
3560
3719
3816
3732
3722
3374
3791
3854
3508
3527
3774
0
3090
3541
3854
3837
925
3617
2162
3840
3814
3514
3622
3538
3715
3855
3825
3840
3482
2873
3839
3489
3643
2859
3839
3622
3832
3774
3820
3833
3759
3814
3813
3740
3049
3724
3584
0
3621
2291
3667
3000
3834
3820
3771
2614
0
3801
3660
3564
3401
3702
3718
3089
3819
3834
3855
3785
2293
3764
3833
3043
3675
3321
3681
3080
0
3508
3732
3795
3672
3823
3820
3685
3834
3855
3416
2374
3749
3611
3643
3667
3826
3847
3833
3704
3591
0
3694
2588
3119
3365
3855
3549
3713
3818
2923
3700
2508
3724
3079
3592
3762
3392
3307
3834
3620
2037
3746
3707
1718
3807
2105
0
3542
3834
3611
3848
3762
3819
3855
3804
3771
3833
3346
0
3787
3801
3842
3848
3049
3820
3608
3763
2866
3425
3237
3795
3818
3660
3748
3801
3517
3774
3630
0
3852
3757
3842
3834
3750
3541
3829
3552
3838
3787
3553
3757
3847
3785
3840
3820
3702
3800
3478
3771
3744
3853
3584
3842
2893
3792
3843
3848
3169
3763
3810
3590
2279
3804
3771
3777
3849
3825
3853
3678
3283
0
3664
3501
1721
0
3740
3795
3704
3700
3678
3848
3751
3826
3787
3517
3849
3847
3185
3771
0
2138
3813
0
3800
3685
3838
3825
3825
3813
3814
3739
2926
3589
3557
3826
2837
3611
3556
3728
3762
3463
3789
2932
3845
3787
3705
3746
3269
3292
3834
3731
3334
3639
3834
3685
3744
3147
3812
3594
2863
3833
547
3517
3688
3448
3802
3834
0
3853
3272
3593
3394
3517
3594
3708
3840
3681
3834
3772
3428
3836
3836
275
0
3782
3834
3728
3709
3705
0
0
3678
3678
3771
0
3771
3839
2444
3762
3614
3812
3762
2968
3225
3845
2755
0
0
3783
2989
2443
3736
3842
3584
3772
3762
3852
215
3745
3842
3547
3580
3848
3708
3719
3813
3527
3833
2815
3823
3787
0
3788
2446
2582
3757
3591
3745
3805
3736
3479
0
2629
3037
0
3739
2795
3694
3818
3685
3589
3569
1963
3514
2812
3853
3844
3767
3662
2742
3737
1190
3597
3745
3589
3253
3710
3842
3762
3824
3731
0
3416
3604
0
3783
3793
1299
3826
3470
3715
3834
3801
3724
3621
3728
3472
3572
3558
3795
3836
1934
3820
3734
3284
3491
3660
3780
3514
3718
0
3787
3853
3327
3823
3801
3661
3842
2091
3636
3796
3558
3021
3799
0
3452
3119
3732
3685
3745
3786
3824
3740
3378
3843
3840
3620
3824
3758
3038
3849
3855
3584
3829
3462
3074
3327
3617
1966
3797
3597
3800
3706
3793
3771
1477
3539
3814
3793
3571
3750
3795
3834
3834
0
3664
3621
3643
0
3771
3638
3592
3660
3717
3090
3554
2710
3788
3852
0
3397
3495
3700
3836
3849
3715
1097
3759
3599
3813
2927
3587
0
3842
3715
3773
3590
3843
3665
3670
3704
3667
3836
3128
3853
3801
3538
3669
0
3723
0
3787
3786
2868
3848
3615
3547
3654
3591
3673
3082
3827
3318
3744
3800
3834
3720
1974
3787
3745
3006
3791
3774
3718
2983
3855
3644
3829
3622
1831
3703
3582
3855
3793
3787
3813
3713
3419
3079
3706
3468
3627
3388
899
3817
3746
3745
0
3714
3570
3448
3688
3853
3435
3788
3095
3418
3354
3794
3675
3785
3823
3804
3771
3851
3702
374
3745
3849
3728
3460
602
3772
0
3685
3631
3161
3834
3548
3202
3825
3695
3162
3483
3728
3732
3619
3751
2708
3702
3839
3829
3670
3834
3712
2748
3477
3756
83
1781
3820
3840
3771
2905
3825
3853
3843
3825
1112
3836
3599
3839
3796
3704
3582
3361
3843
3771
3783
3468
3829
3388
3842
3782
3824
3364
3576
3799
3792
2044
3786
3837
3774
3739
3854
3787
3788
3569
3533
3160
3351
3571
3777
3109
1389
3842
3671
2164
809
3670
3517
3288
2616
3219
2066
3796
3734
3761
3788
298
3840
3270
3538
3791
3840
3771
3795
3132
3465
3407
3774
3100
3700
3462
3306
3661
3238
3840
3747
3589
3467
558
2374
2978
3823
3678
3572
3802
3780
3661
3740
3852
3154
3853
3646
3842
3232
3178
3783
3107
3829
3614
3758
3823
3417
546
3757
3834
3824
3783
3712
767
3590
3793
3732
3820
3833
3418
3853
3618
3841
3595
0
3536
0
0
3496
3837
3715
2878
3685
2774
3855
3592
3836
2889
3421
2628
0
3839
3539
1372
3557
3774
0
3354
3795
3619
3002
3671
3842
3736
3834
3691
3745
3561
2775
3349
3842
3764
3621
3685
3542
3707
3458
3639
3807
3813
3691
3591
3515
2154
3324
3695
3727
3404
3576
3741
3483
3708
3824
3792
1092
3416
3704
3843
3855
3440
3675
3643
2674
3009
3799
3264
3496
3787
2701
3807
3440
1937
3787
3762
3373
3843
3626
3761
3750
3752
3722
2216
3834
3670
0
3444
3724
72
3080
3855
3795
2859
3847
3293
3855
3643
3694
3748
3762
3782
3021
3758
0
3814
3709
3855
3758
3425
3618
3854
3784
3621
3828
3736
1941
3714
3834
3712
1784
3657
3808
3806
3724
3679
3695
2898
3799
3855
3594
3783
3795
3764
3824
3834
3009
3545
3684
3787
0
3682
1293
3853
3795
3560
3264
929
3669
3762
3708
3767
3618
3736
3791
3296
3480
3736
3331
1108
3398
3816
3842
3845
3795
3823
3826
0
3852
2773
3809
3855
3395
1417
3792
3688
0
3825
3750
3740
3772
3799
3690
3517
3701
3834
3808
3265
3401
3207
3840
3639
3665
2140
3771
3695
3822
3784
2683
3353
3414
3741
3354
2821
3852
3113
2279
3688
1998
3549
3771
3115
3648
3457
3660
3702
3565
3813
2588
3764
1949
3824
3734
3720
3800
3196
3849
3828
1888
3604
3657
3720
3839
3670
3784
3836
3365
3843
3446
3664
3307
3667
3615
62
3799
3799
3719
3619
3854
3301
3814
3765
3561
3767
3244
1796
3793
3723
3854
3808
3751
3599
3602
3339
3834
3589
2585
3678
3702
1372
3622
3700
3697
3619
3269
3737
3774
3834
3837
3637
3787
3734
3621
3617
3783
3679
3837
0
0
1800
3762
3836
3805
3691
3805
3793
3707
3700
3809
3708
3814
3823
3610
3669
3767
3814
3849
3771
3737
3639
1303
3820
3681
3855
3769
3824
3843
3816
3789
3795
3059
3823
3542
3785
3783
3670
2901
3632
3818
3681
3847
3847
2500
2828
3386
0
0
3834
2868
3849
2852
3852
3834
3795
3842
3709
3142
3787
3719
3795
3043
3756
1513
3478
3666
3795
3554
2519
3441
3669
3761
0
3820
2857
3709
3571
3827
3498
3569
3709
3826
3814
3848
3829
3680
3780
3744
3841
3358
3757
3368
3720
3657
3643
3554
0
3774
3251
3374
3403
3306
3265
3365
3697
3796
3643
3582
3836
846
0
3508
3247
3498
3728
3784
3685
3843
3639
3678
3785
3837
3153
966
3323
3787
3508
3628
3700
3834
3750
3737
3756
3818
3771
3257
3684
3709
3829
3423
3787
3740
800
3685
3795
3826
3848
3833
3386
3664
3795
2906
3736
0
3743
3799
3639
3783
3749
3688
3780
3558
3849
3772
3440
3584
3780
3505
3765
1723
3737
3834
3749
3639
1930
3788
3703
3795
3839
1773
3232
3728
3846
3793
3843
3824
3744
3829
3834
3704
3814
3672
3850
3079
3809
3685
2319
3038
3761
3782
3852
0
3795
3290
3560
3834
0
3715
3793
3842
3684
3774
3788
3374
3537
3773
3814
3847
3617
3823
3800
1298
3373
3707
3621
481
3840
3592
3754
3844
3787
3737
3799
3621
3740
3664
3821
3855
3783
3847
3715
3855
3724
3794
2311
3796
3847
3295
3675
3620
3771
3849
3599
3838
3724
3774
3246
3700
3819
0
3700
3570
3824
3783
3543
3834
2651
3272
3589
3818
3245
2957
3015
2607
3228
3722
3843
3593
3296
3772
3132
3701
3801
3818
3740
1580
1226
3777
3718
1803
0
3834
3795
3783
3855
3739
3801
3669
3853
3542
3795
3678
3391
236
3845
3822
3688
3079
3354
3124
3855
3038
3740
3545
2382
3524
3000
3853
3725
3780
3709
3774
2998
3712
3774
3728
3212
3015
1561
3774
3814
3782
3758
3745
3774
3799
3566
3800
3818
3839
2721
3702
3757
0
2862
3854
3787
3799
3604
1306
3701
0
3483
3554
3793
3758
2921
3468
3637
3777
3834
3814
0
3185
3660
3551
3585
3771
2120
3622
2924
3805
3354
3152
3807
3685
2995
3700
3358
2706
2081
3541
0
3834
3529
3771
3590
3700
3788
2769
0
3807
3362
3788
3752
3713
2968
3690
3787
3771
3794
3551
3388
3672
3684
3544
3542
3774
3219
3841
3549
0
3524
464
3702
0
3793
3804
3793
1568
3728
3818
3843
0
3808
3469
3265
3122
3792
2773
3645
3639
3795
2359
3835
2926
3570
1479
3720
3825
3703
3555
3136
3681
2458
0
3599
1829
0
3817
3772
3657
3799
2431
3592
2710
3834
2840
3762
3740
3587
3458
3728
2374
3519
3519
3553
3700
3842
3771
3787
3739
3013
3639
3773
3712
0
1732
2430
3821
0
2249
3582
3847
3622
3855
3834
3787
3671
3498
3789
3667
3463
3852
3834
2929
3700
3700
3820
3296
3748
3792
3745
3853
3829
3771
3711
3384
2388
3805
0
3418
3642
2989
3787
3787
3671
2457
3824
3852
0
1467
3843
2167
3767
0
3669
2669
3539
3721
3745
3821
3543
3788
1397
3769
3538
3619
3826
3840
3808
3739
3622
3681
3853
2580
2492
3843
3669
3610
3666
3526
3804
3787
1903
3182
3818
3582
3840
3802
3667
3783
3681
1649
3786
3821
0
3648
3842
3821
970
3662
3560
3799
3661
3701
3110
3708
3843
3834
3409
3834
3551
3834
3788
3631
3842
3306
3731
0
3820
3199
2193
3410
2760
3664
3771
3724
3209
3825
0
3222
3829
3154
3571
3685
3462
3724
3839
3805
1196
3834
3228
3621
3542
3470
3855
3757
3700
3675
3704
3666
3643
3718
3441
3551
0
0
3795
3468
3631
3723
0
3837
3502
2056
3617
3678
3286
3745
3771
3728
3724
0
2963
3826
1424
3171
3833
3740
3824
3820
3795
3829
3739
3795
3714
3428
3657
3750
3821
1238
739
3700
3828
3799
3793
2658
3756
674
3732
3789
3840
3849
3767
3772
3271
3840
3271
3591
3785
3139
0
3724
2813
0
3109
3517
3793
1197
3697
3822
3834
3718
3286
3807
3614
3840
3756
3590
3827
3721
2610
3800
3736
3740
3582
3303
3392
3855
3840
3742
3242
1655
3707
3816
3771
0
3517
3745
0
3838
3685
3643
3670
3685
3634
2293
3843
2773
3524
2840
3783
3633
3070
2918
3795
3625
3657
3848
0
3822
3761
1293
3367
3833
3852
0
3793
0
3804
3723
3237
3684
3530
3771
3787
3595
3567
3820
3747
3843
3783
3822
3648
0
3849
970
3847
3795
3684
3847
3701
3533
3648
3853
3818
3757
3681
3787
3286
3792
0
1823
3718
3657
3157
3271
3788
3834
3501
3621
3639
3183
3702
0
3321
3788
1710
3697
3000
3834
3468
3209
3697
3767
3635
3671
3639
3711
3815
3000
3834
3814
3444
3688
3851
3419
3700
0
3569
3478
0
3834
3769
3631
3340
3651
3853
3685
3189
3748
2903
3695
3782
3799
3834
3462
3669
3737
3787
3773
3418
3785
3542
2137
3820
3746
3559
3848
3388
3799
3726
3821
3668
3774
3718
2018
3842
3520
3702
3813
3322
3078
3544
3788
3149
3800
2710
0
3700
3840
3787
3795
3548
3780
3788
3694
3585
3657
3821
3760
3772
3801
0
3834
3808
3573
3792
3691
2502
3826
3435
3436
3833
3853
0
3818
3826
3645
3836
3761
3784
3771
3795
3834
3816
3707
2997
3825
3685
3758
3678
3251
2901
3739
3732
3792
3209
3582
3787
2137
2923
3519
3662
3427
3826
3750
3407
0
3690
3805
2456
3843
3583
3795
3848
3774
3030
3684
3831
3621
2751
3852
3505
3796
3750
3795
3520
3625
3853
3777
3681
3509
3517
3822
3855
3736
3491
3839
3796
3078
0
3834
3824
3819
2964
3615
3774
3442
0
3604
1257
3620
3709
3664
2968
1648
3583
3762
3854
3025
3707
3744
3418
2163
2226
3840
3700
2921
3762
3817
3823
3712
3792
0
3792
3587
3834
3793
3756
3854
3639
1543
3847
3816
3800
3760
3855
3648
3783
3782
3853
3805
0
3855
3418
3582
3551
3625
3817
3713
3327
3853
3387
3668
0
3782
3667
3829
0
3793
3134
2187
3842
2903
3705
3818
3614
3310
3777
3669
3694
3576
3554
3347
3673
3849
3542
1487
2846
3643
3792
3853
3712
3745
3400
3582
2882
3849
3685
3728
3774
3152
3436
3320
3761
3586
3813
3555
3772
2066
3739
3804
3823
3670
3854
3704
0
3397
2682
3667
3675
3734
3399
3852
2359
3041
3795
3326
3833
3617
3558
3542
3435
1717
2359
3853
3834
3399
3657
3854
3327
2277
3840
3724
3786
3757
3272
3602
3542
3542
3791
3823
860
3734
3631
3212
1652
0
3433
3573
3852
3681
3814
3734
3591
3771
3818
3348
3842
3572
3819
3787
3731
3093
3614
2671
3700
0
3622
3665
3840
3844
3560
3747
3579
3604
811
3708
3840
3815
3627
3418
3728
3820
3701
3384
3759
3740
589
3671
1120
3614
3751
3774
3740
3809
3795
3800
2293
0
2708
3621
3762
3834
2735
3801
3718
3787
3562
3736
3592
3781
3715
2110
3752
3149
3502
3783
3514
3083
3706
3807
3639
3704
3441
3482
3113
3764
3783
3101
3660
3702
2870
3843
3837
3782
3378
3592
3852
3839
3774
735
3799
633
3795
3745
3753
3785
3679
3795
3815
3771
3686
3565
3840
3843
3050
3822
3774
3824
3786
3799
3824
2823
3824
3535
3056
3799
3813
3525
3467
3190
3599
3794
3718
3757
3544
3736
3631
3573
3311
3356
1446
3792
3824
3771
599
3731
3617
