13534
8960
11249
13948
12355
13800
13750
14017
12930
13034
12603
445
11867
13676
13562
13410
12986
0
13737
13836
10803
6900
14008
9901
12285
13419
9987
12857
13347
0
13449
11105
13881
1485
12593
9174
10555
8512
13650
11109
7934
12188
3106
12893
11178
12758
0
13756
13833
13952
13313
13836
10187
11551
13706
13473
12405
10959
7135
12693
13151
13387
13876
13707
11011
14013
7535
13052
6991
13875
13247
12994
12048
13749
11687
1503
13471
11874
10260
13750
12249
9857
14007
13497
11111
13910
13954
13057
13917
11404
13927
4884
11928
13423
13795
11783
13105
8069
12343
11251
5105
13626
12140
11056
9611
13119
12423
13792
13664
12661
6492
13855
5653
13736
13890
12509
13296
12984
13132
12450
11851
13774
13425
13799
12055
9013
14001
11829
2124
12193
13805
13562
13968
13968
13562
13626
13603
13803
13986
13562
13301
12525
1457
13696
13999
12288
0
10354
299
13446
13883
12578
14043
9644
13757
13642
12704
14012
13626
13699
13675
10949
13128
13457
13671
7842
13988
13448
13087
12829
12069
10945
12703
11256
13734
14038
13495
0
14022
13165
13972
13961
14037
13961
12675
5367
13750
13656
14021
12779
13749
11851
13846
11474
13910
13593
11253
0
13782
12755
11842
3996
0
0
13734
0
3450
9772
11224
13596
13834
9828
13611
13069
11627
13885
13195
0
12079
13595
13576
12601
12769
12516
13337
12820
13196
13366
0
0
8583
13440
9239
10512
12289
14002
12139
13763
12510
14022
13923
14005
13950
9252
13947
13649
13908
13790
13015
13458
13647
13675
13927
12906
13927
13952
10022
13058
13671
10090
14012
13783
13972
13903
0
13835
13571
12700
13988
13665
9443
4969
11275
14002
13104
11763
13947
13843
12898
14022
13675
12905
13835
11869
11585
13542
14044
5849
10530
13734
10806
11064
13950
13820
13917
13594
13944
13294
6445
13124
6861
13118
13282
13983
13716
13910
11047
13861
13086
13431
13270
13858
13154
11587
12497
13510
14017
10922
13196
13935
12784
13087
9866
11968
13933
12380
0
1364
12974
12315
13603
7976
13847
5332
0
12541
12287
13957
13803
0
0
13729
13988
9398
0
13616
13181
13594
13359
13338
13782
14038
12192
13930
12418
13373
12722
13696
14037
11646
11839
14044
13784
13173
10884
12205
11973
13939
13988
13947
13957
13405
13433
13996
11438
13810
3406
13568
13400
0
13647
13508
11873
13799
13508
12467
9997
12276
13991
5960
11664
12648
13661
13284
13270
13671
13608
13970
11509
0
7314
0
10395
12859
12858
13611
12531
13904
12954
13698
13917
13928
9164
13839
13727
13315
13661
11980
13083
12509
13215
13951
12637
13865
13902
13473
9988
13398
13017
6926
11061
13970
10279
13788
14037
13867
11619
13051
13257
13191
12982
13696
13662
11454
13495
6695
13791
13470
14009
9181
13671
12479
11056
10668
13777
9101
13845
13392
13631
13959
13173
14013
10283
0
13058
14022
14001
13646
13099
13026
14004
12991
11774
13611
13839
13560
0
0
13858
13738
13476
12782
14000
11629
12381
13695
12717
12058
13756
0
13740
12704
13842
13947
13861
4441
13135
0
13856
0
13353
14004
9732
0
13415
13834
12934
13387
7894
13400
13750
13400
12040
13883
13847
13789
0
13768
13102
299
12616
13317
6236
601
13496
12119
13696
13271
12778
9324
5872
12766
13766
13843
14017
12928
12953
13786
13872
8846
13933
13336
11300
0
14007
13034
12674
13318
13723
13230
5185
4603
13510
14022
13429
12604
13953
13765
13627
8304
7161
13409
13699
13941
11141
14003
13215
4049
13669
13961
13802
13538
13486
12579
4330
13059
0
13747
13670
11503
13835
0
13357
13913
13353
13628
0
13301
12691
11285
13896
12481
1716
11896
9613
13758
10483
14001
13844
13912
12712
8153
13988
11323
12672
13729
0
13645
13628
13766
13107
13993
13332
13717
10683
14024
13901
10195
13805
13972
5997
0
12531
13734
10122
13598
12364
13874
0
5916
13893
13777
13826
13970
13198
13269
13824
11714
13910
0
0
7314
12968
12002
13866
13516
13763
8971
12375
11574
4763
10380
12101
13959
13822
13794
13332
12966
0
13676
10060
14007
12695
12792
13687
13787
12232
11405
13871
14008
12086
12110
8105
12880
13961
13692
12985
12577
0
13991
14044
13562
13332
10544
0
0
11555
5422
805
13932
8315
10920
13623
14034
13358
13081
13844
13811
13726
13549
12580
13647
13356
0
12987
12712
13810
13647
13917
10756
0
11060
13882
10358
12413
11899
13396
14001
13477
13998
13289
13798
13969
3269
4869
13457
11655
11492
10574
10282
13763
13356
13968
4193
11726
12030
0
13839
13510
13615
13647
13936
13423
13701
11520
8049
13770
12876
14013
11346
7820
10127
2611
12623
13059
11642
13314
13736
11692
13865
10205
3988
13594
0
12704
12838
13791
12690
12483
13858
12343
11997
13565
11841
3132
13687
13763
12688
12746
13675
12252
0
13917
13962
12333
13133
12594
8755
13645
9181
13828
12436
13149
13886
7758
12657
11465
13701
14009
13784
11270
13396
14028
13057
8396
13885
6872
13891
13757
13683
13706
1533
13932
12418
13373
13855
13513
11835
12703
12947
13234
13755
13483
13603
12845
12711
13836
13488
12850
12372
11416
11300
6533
9454
13957
4627
13984
13734
11914
13839
13867
12571
0
13527
12134
13731
12218
11309
6987
9480
13893
13598
11732
9757
13278
13562
13257
13947
13603
12855
13380
13844
11809
0
0
10090
13798
14027
13175
14006
11863
13902
13877
10940
13616
0
14001
6070
10215
13528
13068
0
13495
12703
13809
12758
12704
13627
11707
13913
12783
0
12769
13886
13895
11346
13897
13205
13884
13025
13625
13800
0
11622
13300
10517
14017
12143
13645
13594
13383
11989
13457
9761
13064
11841
12313
13760
13268
13878
13999
10676
8677
13505
12912
12139
0
13840
13309
9205
13234
13970
12288
13588
12751
13763
0
12857
13276
13723
13701
14008
13575
11183
13853
13352
11932
10196
6386
10725
14040
13671
8803
12635
13597
13191
12085
11274
14037
13675
13913
13355
13545
12927
13146
13694
13614
13469
9716
13776
5309
0
13770
13932
0
14017
9673
11223
14042
14016
13965
12350
6596
0
8419
13883
13313
13979
0
13616
10806
12481
5755
0
11842
12766
12176
11511
13971
13506
13825
11621
13467
0
14036
10105
13813
4417
2433
7479
12955
14007
14014
13699
13523
13092
13002
10667
13264
13256
6597
13189
0
13430
13692
13276
13840
12503
11343
0
14022
0
13971
13707
0
13810
8422
12928
13169
13508
13999
13963
13859
0
9110
1596
13757
12561
13266
9665
12448
13572
13824
10619
13653
13860
11590
11454
7117
12634
8050
13940
13906
11711
12511
11760
0
13770
14003
13136
0
8856
12263
4290
10062
12829
3340
13587
13890
12941
14013
13984
13897
13650
13822
13184
13576
9408
13692
13836
13460
13844
13473
11902
10224
12006
12548
11022
12698
9877
10729
12799
13890
13947
12876
11064
13972
13387
13685
13473
10339
3643
0
13757
12853
13810
13837
0
12032
13886
0
12867
13562
13712
13260
13970
13343
13857
13519
13651
12343
4752
14037
13990
13953
12612
13953
13757
11159
13782
13984
12707
13970
11711
13984
13575
13784
11903
13588
13359
13866
8586
13621
13556
13851
13671
13805
13944
13795
13635
12962
0
13541
13927
12703
12154
13499
13947
13734
13355
12740
13798
12423
13059
13579
10478
12724
13927
13833
13562
13118
12275
1802
9625
14022
13626
11982
12941
9428
9806
13280
7391
0
13769
10734
13809
12238
13927
10987
10435
11511
13874
13840
12986
10539
13891
13487
13910
13357
13933
13527
11496
12242
12342
12541
1111
13876
13886
12971
13927
13031
13562
13229
12376
12912
13866
6365
6339
13733
10305
12764
13064
0
0
13601
9540
13947
14028
2332
12285
11242
13738
11629
13165
13784
13865
13805
12162
13074
13810
0
13707
1716
6446
3450
10139
12384
12857
13628
13565
13647
13064
13794
13565
13970
13762
14007
13512
13858
4276
13924
13489
13750
13958
11656
10567
0
0
13845
13561
13944
13144
9445
10657
0
10306
12004
12860
13092
0
13826
0
13594
13585
13593
0
8391
13796
12640
13800
8122
13810
12962
14044
14044
13504
13058
13033
13912
14022
13480
13671
14014
13810
13473
10428
11738
13368
13598
11055
9461
12594
13776
10344
13555
11478
12695
14008
13727
12690
9613
9358
13786
0
13490
12083
13720
7108
13675
13318
13269
12860
8110
13681
13689
13272
13493
13306
13954
12176
3033
13923
13852
13826
13288
13817
12730
8259
11726
10808
13766
3960
6812
12600
12303
6641
13961
9267
13735
13547
8360
12964
0
10389
11747
12332
13360
13676
13631
3382
12455
10937
13008
13786
4269
11842
13820
7422
13800
13031
13433
10764
13593
4643
0
13296
13790
12895
8091
13410
11656
6880
13710
13578
13414
9358
13549
13877
13081
13134
7144
12928
8639
13757
12278
0
11456
10125
13560
13996
10062
10205
13841
13884
11056
12859
13950
13842
13419
12923
13355
13842
6870
13957
12247
13425
12779
11688
14022
13235
13944
13576
13908
13045
13949
13836
13941
10115
12405
11921
0
13346
13934
13789
0
13422
13810
13777
14022
822
13861
5608
13332
14005
13540
11023
13903
13919
12761
13749
13193
2646
13703
13885
13782
11941
13814
12328
0
13747
13913
11217
13726
13944
12030
13250
13886
13964
13002
13875
13707
8446
13703
12751
13777
13496
13257
13317
12091
11880
13998
8178
13352
13317
13510
12203
12987
7818
13947
13040
13400
13621
13611
14005
13914
13763
14013
5309
10001
13891
9824
7458
13930
13707
13605
12846
12577
13988
13553
13675
13051
13114
13576
13982
13927
13653
6533
13969
13051
13916
11998
13510
13710
13480
10519
0
13476
13352
13846
10071
13777
13521
9632
14003
12436
13479
12544
1617
13410
0
0
13114
11247
13617
13326
13968
2096
13447
0
12829
13754
13538
13886
14034
12328
14003
13957
13839
13907
11005
5336
10506
13844
12177
13824
12602
13039
9922
10457
757
11628
9482
14006
9486
11756
0
13613
13226
12912
11992
12016
11897
0
13521
0
10062
0
13449
13106
14025
13656
10476
0
11258
11143
13083
12392
13591
14013
13904
11531
12817
14021
13707
12900
13005
8540
14013
12635
12405
13344
12474
13933
13282
11654
13858
14017
13844
10961
12773
13812
0
13171
13790
13094
11725
12761
13359
8427
13826
11141
10782
13927
13895
11802
14012
11703
0
13450
13005
3174
13979
11004
5625
12509
12811
12830
13118
12140
13601
12289
13858
12982
12668
13826
12635
13858
11461
13749
0
0
13858
10408
11578
13757
13805
12387
13983
13171
11006
13986
13707
11886
10914
13055
0
3591
13860
13899
0
0
11134
13390
7063
13947
13034
12549
12693
13256
12378
13932
10949
13264
10912
14022
13545
5138
13317
13139
0
11841
13382
0
14003
11815
0
13848
13615
13963
13694
13706
13930
8631
13170
13757
13380
13398
13933
13734
11886
13366
13120
13317
8309
14014
13998
12509
6592
0
11503
12926
13276
10587
13734
12095
10625
13827
13944
10670
13972
13470
13646
0
13588
11037
13101
13488
8771
13782
9993
12823
13786
9848
8355
14013
12937
8110
12013
13235
10757
13656
0
10427
13798
13583
13390
13103
7512
13496
11516
13910
12519
9014
10054
13784
2753
13280
13555
13726
13547
0
14037
0
13891
1489
276
14037
8889
13257
14030
12906
12834
13948
12680
13845
13527
0
13870
12571
13927
13795
1989
0
13028
13809
13390
12166
13583
0
13749
7574
10516
4241
9733
13446
10194
0
13594
11551
13313
13119
14001
12915
13919
13930
0
13603
9503
12577
10624
2332
6114
13803
12774
13328
12842
13521
13640
13917
0
0
8159
13299
0
14007
3986
13448
14012
13165
12987
14030
13451
13595
11134
0
0
13885
11144
12909
9789
14043
13910
14014
13915
12358
13800
12711
10077
13825
13178
13447
13986
13171
13392
13155
0
0
14005
13055
13257
13945
12496
8568
7513
0
0
11880
3566
12773
13553
0
13886
13835
6466
7019
10718
0
13509
13946
0
10806
11843
11715
13250
13957
13962
14014
0
12095
13685
11788
13734
13429
0
11973
0
13245
14027
13416
13429
12553
12822
5764
14001
11492
13301
13691
13433
13984
13917
6186
2995
13972
11598
10492
3903
13847
7191
13700
12469
12927
13935
13504
2878
11477
12378
11260
14034
11926
12860
8813
13129
12909
14022
13483
11417
9574
13983
12210
13904
13002
13447
13749
12176
13026
11594
0
13280
12785
13586
11973
13673
13881
14013
0
14003
13912
13957
13097
12504
13012
0
13856
13884
14028
8181
11540
13246
13545
13700
0
13676
10593
13638
12700
11403
13848
11151
12931
13638
13722
13886
13991
13790
11017
13284
13947
0
14000
13625
13642
4012
11176
13521
13096
7349
13795
11057
8074
13915
12783
14019
13344
12472
13949
13268
14021
9788
0
13470
182
13638
13378
9613
13161
14044
13846
13495
11011
11692
13464
13022
8652
13478
13545
13178
13876
13355
12894
13809
0
13984
13112
12358
10811
13831
13161
13532
13827
13857
13425
13757
13612
13571
13866
13927
0
13996
9979
13368
13757
13023
12887
13496
11038
13715
14044
13810
12630
9615
12931
9379
13499
13838
10731
13517
0
12969
10581
8949
13357
13947
12509
13699
13861
13979
13904
13322
12520
10196
12841
10306
13778
13819
5646
11362
11907
13770
9227
13998
13006
12571
13361
13363
9081
11961
12336
13988
13360
7530
13710
13425
6549
13940
11010
10436
13642
13099
13842
0
264
14022
11256
13423
12539
13589
13675
12096
11538
13770
13903
13710
12332
9693
12689
13371
14037
13757
13131
0
13737
13949
13561
11275
13058
13991
0
6986
13427
12965
13624
0
13947
13967
13661
14013
13810
13984
13127
13058
13848
12985
13957
13357
13588
12716
10741
0
12751
12695
11343
13270
13198
13848
12782
14001
13087
13915
5386
13826
13888
13671
0
13844
14017
0
13257
11454
10594
13970
13809
13944
11035
13355
10810
13626
13840
13476
12625
6880
11023
12706
13198
11462
11373
5275
12912
13888
13961
11845
13886
13886
13410
13893
12075
13891
11817
6109
0
13707
2243
13732
0
0
13336
11775
13671
11426
13562
5275
13687
13919
13555
11449
12269
12033
13707
7469
13675
13462
13536
13328
13977
13083
13322
13628
12311
11945
11170
13961
13836
13271
0
14017
7304
7571
7090
13935
13700
6349
13795
13719
8155
12562
14014
10210
13932
12414
13888
13531
14013
12928
0
13499
13206
9722
13218
2113
13773
13930
2706
13336
14010
13574
5517
13041
13433
13062
9195
11834
8947
13063
13833
0
0
7443
11580
10586
13770
7065
13335
13245
13949
13425
0
12942
13592
13073
11445
3790
13169
1698
13949
14043
13773
0
13777
12618
9443
10766
12423
0
13711
13844
8574
11291
13560
0
14002
0
13648
14030
11005
13077
13195
9884
13588
10585
13027
12769
13871
13851
13957
12500
13285
13930
0
13681
13988
13836
13924
13692
11118
13562
14002
13366
13974
13810
7593
11627
13414
8977
12635
193
13710
11168
13790
12364
11849
13815
11191
12445
13803
13576
9911
13672
13257
13854
11923
13927
12452
13685
11519
12968
13886
3958
14010
11851
11914
13407
12445
13031
13946
13867
12365
13495
12334
13878
9701
13950
10356
12037
13082
0
13603
2145
11968
13562
10319
8228
13532
13600
13717
13699
10244
13858
11671
0
12747
13626
13961
13361
1246
0
12212
13914
13773
13446
13256
13571
14001
13961
9699
13688
13778
13694
13497
13195
12333
13598
13243
13158
13697
12085
13914
13675
5329
12845
0
10870
9405
13476
12846
13686
13792
13811
13828
12527
13946
14027
13128
5797
8988
13791
11606
7771
10509
13968
13562
13627
11374
12175
13651
13777
13803
12412
13783
13827
14005
13316
13767
9232
13181
12315
6446
1787
5410
13838
12260
13838
2006
13304
13723
13801
12008
12778
13652
13429
13694
12687
0
13579
13885
13549
12509
13214
10155
2359
12891
12543
1841
13181
12629
13359
13181
13470
0
10323
11885
12680
14014
13378
0
13457
7182
12294
13791
13957
6505
13984
13589
12290
12422
13496
13330
9037
13915
13181
10087
13969
0
13828
11235
12432
12486
13160
8431
13841
13565
13668
13700
0
14023
13902
9891
13839
13662
13568
11970
13675
13002
13723
11733
13865
8983
13836
13784
7920
12593
13957
13957
13916
9373
11886
12680
13006
13473
9546
14024
13336
13969
13033
13749
8907
12672
8364
13619
14017
12397
11565
10589
11235
12769
11459
0
9767
13517
13361
12305
13957
8558
11236
13933
13396
0
13083
14007
13846
0
13962
13694
11489
12349
13051
10292
13866
8554
10612
9194
13953
13977
13947
13816
12683
12218
13914
13287
0
13917
13896
13087
13543
13398
13219
13040
12308
11854
12347
13907
13871
13226
13182
14028
13301
0
12509
13219
9669
10197
11888
12095
11434
13605
4847
13078
13467
11880
11788
13101
12834
12474
13895
14013
12509
13671
13440
13707
13984
13798
12048
13346
13810
13768
12841
12585
12296
13583
13789
13750
10070
13014
13927
14026
12163
1957
0
13953
13681
13287
13991
8685
13522
13749
11209
13706
13969
11047
4384
13496
13095
13799
13517
10490
12629
13089
13318
13175
0
13565
8437
13058
8463
13719
0
13154
13766
13661
13361
14012
12288
13332
10348
13782
11646
13857
9625
13647
13593
12957
13859
13237
13154
10763
8159
13957
13884
97
0
13675
11298
11459
13880
11788
13407
13833
13614
12481
9063
13675
7811
9105
13083
0
12744
13692
11992
12838
12236
466
11033
13662
13650
13212
13304
9167
13803
13943
13583
13155
11513
13294
3737
13603
12982
14011
12571
8304
12839
0
13106
0
13309
13757
13723
12845
13309
13361
9740
10095
12328
13776
13553
12331
10113
13069
7254
0
7894
12684
13097
13368
13409
13980
9409
0
13957
13599
12909
14013
0
11932
11788
13621
13745
13858
13052
9290
12971
13588
13576
12123
13615
13698
8134
12981
0
13890
11830
12659
12807
12843
13718
13106
13480
0
8447
12553
13827
12659
12392
11977
10265
12506
9912
8487
13927
0
10644
13869
11611
12441
12317
10101
9388
13884
7830
10445
13169
13564
12788
12924
8396
13582
13790
14002
13586
13988
13969
13453
8677
11992
13704
13933
13419
13654
13671
13588
11174
12205
13984
13757
12695
12538
13336
12563
0
13858
7226
13629
0
3099
13545
11745
13710
0
8964
13520
11176
5247
12474
9260
0
7508
10590
0
12934
13631
13278
11670
8964
11449
12751
13095
12331
0
13332
13196
13510
14019
13711
14012
13571
9941
11488
11871
12634
13435
12972
13913
6665
357
12687
12901
13766
12879
14005
5453
11160
13748
13838
13783
13331
13496
13557
13941
12349
3643
14034
13930
13961
14013
12893
13678
13873
13800
12740
13084
13862
11161
13621
13121
13595
13800
13890
13027
9806
13920
0
13895
0
1848
13950
677
13720
13211
13785
11799
12486
13838
5355
13536
12695
9335
12361
13129
14030
13267
13700
13959
13707
0
8364
11513
3643
13792
11552
6454
1709
13672
12012
12916
13866
13750
11655
12349
13320
0
13903
14008
13826
12871
0
12771
4722
13957
4740
13479
3289
13904
12612
13671
13957
13486
6963
10953
13120
2662
0
10053
12425
13980
13549
13886
12176
13947
9736
13961
13813
12419
9393
13447
12912
12995
13357
13785
13980
14001
10503
13055
13749
13947
13106
12981
13593
13711
11807
13757
5364
13969
12783
13662
13282
13696
13269
13146
12932
5251
6625
12698
13769
0
11842
13579
11928
13334
14013
11205
10418
13338
13833
11587
13583
8060
13782
12447
9897
0
13988
13949
13344
0
13128
0
13883
9583
11445
13886
10729
13949
12577
13878
13647
9248
3718
11783
9718
13269
12353
12658
13309
12595
13555
0
13692
7314
13168
13877
13260
6226
13655
12680
13510
13786
13170
11867
13486
13858
12841
13180
9426
14003
12988
13476
14017
13055
9856
13675
11161
13344
12769
13971
9256
12047
13230
7707
11794
14017
0
12657
13707
11492
12373
9156
3958
13971
13267
10690
13757
13846
11459
13585
13486
13580
13968
13259
13270
0
9722
13288
11495
11253
12055
13993
0
12329
13676
13871
11948
12204
12699
8326
13245
13603
11669
14014
12713
12466
13798
13676
7904
0
13124
12328
13636
10433
13971
12136
13671
13825
14003
13913
11280
8393
13058
13952
0
6905
12468
13233
13927
13953
13317
13930
4298
14008
0
13257
10791
7229
13840
11240
14001
12601
10316
12876
13963
12571
13647
14037
14005
11382
13915
13782
13769
6770
0
10428
12908
13950
13640
13669
13757
13685
13834
13959
11282
13118
11815
13129
13594
13845
11444
13433
13917
0
12876
6274
10189
13827
13930
12013
7513
13836
12157
13886
12649
13004
13543
11721
14003
13778
0
13826
3904
10934
13810
13447
9736
8428
8914
11248
13704
13025
13959
13915
12852
13516
13740
13270
13104
13249
13564
13114
13357
13095
13842
487
13949
13387
12020
12213
7970
13825
13866
13114
13734
13913
14013
12843
9867
0
0
13325
11908
13408
13378
11914
13545
13656
7759
12156
13318
12602
13988
13675
12896
13598
0
13632
13583
13651
13063
12843
0
13393
120
13844
13574
13356
11246
0
13441
10303
13256
13829
13392
11979
3190
13897
12445
13203
13504
13186
13465
13447
12611
12305
12981
13897
12225
0
13256
7197
14004
13583
13803
13150
12738
13383
13897
0
13876
13520
13154
13208
13002
13952
13860
13710
10154
13934
0
13657
13061
0
12746
13941
9560
5358
13884
6469
13203
13336
13288
13915
11632
13839
8691
12713
14017
11811
0
14001
7806
13843
13071
14038
13984
12863
7777
13678
13885
13963
12330
10905
13833
13593
12405
13638
13672
13671
4734
13309
13012
13269
11692
13844
12340
14001
13640
7387
9780
13704
0
11431
13357
13250
12135
12607
13947
11281
13133
13735
11152
13664
12170
1436
13954
13422
12290
5723
6278
14007
13858
11421
13417
13861
13691
13065
13823
13625
13953
13589
12967
9211
13757
13371
13791
10680
13750
13540
12589
11988
13598
13884
13877
13944
13757
13174
12548
13963
14037
11489
13949
11763
13547
11545
13944
11403
13820
11549
13770
13370
13562
9187
12707
13801
13723
12820
14016
13766
12989
0
13896
12041
13936
13961
13886
12902
13866
9541
12988
1159
13400
13916
0
0
13458
13782
0
0
13738
11316
13792
13770
13631
0
13983
13886
8071
12209
10528
0
12874
4362
2615
13953
14022
0
12439
13568
12938
13328
13843
7920
8984
14001
13629
4675
13424
0
13826
13825
13682
13777
13757
12782
12176
13902
8021
13675
13521
12279
13492
10237
13962
10800
10359
13971
13510
13916
13593
9579
11570
11274
12748
12981
13067
13012
13971
14016
11843
13312
12364
8199
12615
13434
1276
13999
13748
13909
13191
13891
12753
6979
11354
12714
13993
12747
11057
0
0
13944
13789
0
13110
13803
8875
14013
13471
13496
14032
13703
10460
13121
13114
0
13721
13884
13433
13616
7999
0
11462
13856
8268
13235
13662
13656
14007
13583
10123
14036
13288
13902
13750
3588
12416
13858
13574
12695
12887
13487
10770
13776
10953
10058
13827
4612
12832
0
1965
13111
13834
12618
0
10863
12184
8642
13547
11918
11844
11276
13476
13937
12817
13191
13795
13588
9577
13284
0
13361
11733
13593
13588
11747
13621
14004
11790
13534
13848
13858
12275
13861
12886
6782
13447
9600
14043
13547
1450
920
12120
13473
13925
13734
13591
13696
0
13583
12829
13599
13846
10028
13676
4249
10521
13997
12254
12414
13826
13978
13534
0
14028
13826
13410
12392
12418
0
7556
13906
13138
13104
12582
10177
13334
8350
4012
13930
1531
13944
12166
12411
13281
13189
9968
12569
13916
12899
0
11902
13699
11221
13191
0
13766
12423
11997
13842
13794
7167
13685
13251
8969
751
12722
13798
12654
13578
12860
13782
12136
11454
12882
13257
13835
11033
12992
13980
13716
13875
13261
13040
14022
11274
13621
13520
12593
0
13803
14005
12509
9428
11555
12083
13128
13624
13547
12037
10134
13953
13890
12115
13880
11971
10429
12380
13038
13803
13547
12906
12512
13294
12756
14034
13136
13162
7893
13656
13838
13557
14006
13910
11346
13662
12970
12171
11496
6172
11446
13890
13810
13543
13576
1532
13944
13880
13443
0
13675
11942
13700
13175
13496
13867
13886
13789
3197
2510
13176
12970
13741
13346
10464
8542
13803
0
12455
8644
13936
9911
13594
9013
13959
13470
7044
13294
13949
11743
14030
6640
12926
13710
13855
10905
11488
13555
13951
13542
14001
13910
13963
9945
13499
12455
13762
12576
13824
13931
11157
13895
13972
13466
13575
0
13688
5543
12483
13476
0
12051
9733
11709
12076
13025
9764
13593
13604
10045
12213
12826
13884
9516
8728
12419
12331
8988
0
13051
10550
13211
11248
13953
13734
13727
13251
12389
13886
13721
12538
12826
13886
14031
12876
14004
13547
13342
1479
12419
10145
13736
12602
12770
11699
13638
12991
12353
13509
12358
13768
13128
12031
11953
13783
13490
12321
13289
9149
13603
13596
12680
11832
0
13273
6337
12881
12711
13186
0
4755
13562
10462
12135
12649
0
6311
10879
13249
13270
13184
5358
0
13102
12284
13792
13927
13235
13878
12931
14001
13676
7877
13665
12680
10626
14043
12102
13998
13974
0
13859
13617
13831
12930
13015
6640
11351
13572
13986
13631
0
13859
7638
12520
10945
13968
6867
11989
14042
12445
11432
10750
13505
13512
12066
11166
10660
12346
13885
13699
14021
13568
13960
13182
13332
11837
13325
13673
0
13833
13819
13875
13101
0
13750
13588
13854
13839
13008
11158
12544
13408
13257
14022
12423
10053
11538
13675
1511
12541
0
8088
13867
13239
13820
10045
12302
0
13510
8795
13103
13134
13603
13008
9382
13655
11576
13737
14005
13025
11655
10131
13716
14039
5924
13836
13405
10662
13356
13893
13078
0
13495
13661
11496
11761
13058
13359
5458
0
2665
13067
13734
12766
9985
13547
13980
12358
13703
13712
7400
13740
13314
14012
13698
13886
10109
13819
12969
13220
13685
13792
13999
13865
11300
13745
9701
12095
11488
13516
13362
11455
0
0
13598
11038
4942
13519
13296
11622
13264
12527
13861
14005
12822
13703
13734
13603
10091
13846
13734
13910
8962
13998
13352
13125
13792
11756
13917
11807
14032
13841
13160
7090
13713
13564
13407
11349
12300
12776
12990
13046
13487
13993
13547
13322
13300
12593
12909
13513
13991
10508
1573
13285
14026
13895
0
13794
0
11587
13858
0
11360
11510
13433
13352
0
13624
13933
13794
13957
7999
13883
9756
8072
13754
8053
0
13033
10946
11214
12876
12962
10471
6534
11192
11686
13823
13899
13872
11788
12115
13823
14008
3289
13917
12531
14037
13521
11814
0
10312
13798
10427
13886
13585
10519
13309
12982
12913
11565
0
9232
13453
12904
1519
13575
13891
10849
13836
12906
13826
10000
13792
13736
9168
10147
13988
1899
12176
12744
7362
13596
13725
13376
13973
13724
13671
13710
6650
11182
10108
13438
0
0
13257
13184
13726
13475
14001
13415
13859
13185
6072
10914
13565
13836
12982
13964
14022
12828
13998
10181
13798
13380
13927
13351
13957
13800
13704
3419
13150
13757
13433
0
13058
13213
13368
9884
13700
13390
13250
12446
11504
13734
0
13934
13826
9816
13809
13586
14043
14005
13481
13756
0
10279
13919
0
12720
13701
13757
12863
12680
0
13293
13659
6398
7787
13180
10607
13495
12551
13205
13870
7856
9354
13182
13699
13970
13541
11435
13632
11775
13439
14013
11454
0
13820
9053
12375
12654
13747
10849
13288
13498
12994
12013
13794
12425
13561
0
13749
3760
13499
13571
9145
0
6970
13983
13827
7469
13400
13655
12424
13355
7182
13238
13517
13810
13438
13571
12860
13696
13699
13842
13672
13972
13901
0
11895
13191
12166
13332
13603
12985
13133
12395
0
10336
6593
8147
13050
13750
13951
12879
9985
13906
13195
13947
12829
13777
12618
10859
11652
13479
13698
13041
13361
14003
11540
13825
14044
13036
12838
11823
12995
13112
13597
13681
13636
0
13820
13736
13602
13671
10904
11330
13849
13688
12641
9155
13571
12953
13332
12238
13675
13438
12534
9228
11842
12753
2413
8268
12937
1693
12717
0
14013
13015
10919
13876
12249
5766
13591
12411
13808
12995
13750
13875
0
13447
13195
0
14010
13443
8062
0
13434
13624
13025
13529
9903
12295
1656
13509
13133
5649
13721
13915
5756
12045
7449
13621
12550
0
6578
9542
13776
14017
13826
13916
0
13833
13927
13933
12922
12070
13598
13726
13510
13676
11971
13593
8818
11857
10490
13921
0
13366
12510
13991
13104
13639
13712
12941
9427
12279
6638
11605
1642
10364
13220
13857
12494
13919
13740
13058
13936
13749
13405
0
13800
13803
13407
9997
13608
13969
13591
14017
12383
13317
13512
13562
11849
12906
7050
13541
13748
13549
0
12657
7172
13692
10920
4443
13937
13593
12872
13726
13934
13847
12704
2659
11210
12951
7035
13984
12209
0
13820
4477
12474
13914
13206
11780
13031
13783
13933
11959
13813
14011
14010
5266
13553
9592
0
12902
12894
0
7985
13344
13414
14021
0
13562
10319
8033
6540
10243
13550
13405
12766
13410
13720
13651
0
13541
14004
12174
13128
13103
0
13184
9344
7904
13621
14016
10529
12751
13813
13802
12576
12338
6912
13668
13914
0
14037
13302
8896
3627
12423
9662
13671
12922
9773
0
13336
0
10833
13113
13840
13002
13784
14001
14037
14006
10235
13243
12886
9686
13556
13740
13286
13287
14034
44
12012
0
8956
13557
14044
13798
11358
11223
14008
11962
13858
13329
0
12242
12920
13205
8099
13798
10258
13668
13886
13800
13519
12627
13540
13182
10685
11534
11814
13706
13034
12703
11809
14007
13957
13507
13957
12294
13803
13959
11669
0
0
13950
13671
3978
12941
13531
9430
13102
14014
13949
14037
11696
13228
11118
13886
12773
9344
13769
13867
12202
13843
13325
0
13565
13865
13971
11948
13591
12375
13438
12882
12349
13886
13955
13063
11392
11770
9806
13915
13664
13734
12737
13593
10502
12926
0
6504
12256
12135
14013
13835
13063
11020
11492
13031
10171
12509
9639
13640
12668
13249
12761
12629
13434
13134
9081
13712
3695
13877
13919
14008
13129
13969
13245
14022
11628
13025
13313
6576
11953
14026
13994
13799
11803
13116
13786
8847
13813
13842
13803
2738
9591
184
11133
12124
10462
14010
13803
7740
7078
13825
11462
0
13823
13800
13749
13004
12412
13375
13886
13063
13317
13588
12059
10770
14005
11894
13931
11986
13984
13593
12860
0
13844
12634
12950
12987
13696
12048
14003
13510
13644
11832
13314
13246
13086
13358
12695
13846
13984
11589
9075
13275
14013
13515
4004
13170
13786
5628
13982
13876
11540
12730
10654
12245
12751
12487
12744
13555
13656
0
10836
12176
13794
12912
11934
7713
13022
12602
12199
13834
8371
13338
12940
13284
13555
13276
13944
13623
13734
13058
492
12486
12586
13861
12912
13220
11948
13783
11033
12725
9107
11813
12153
13819
10555
13361
13772
13910
10173
9740
12414
13745
13195
13840
12394
11826
13133
12340
13748
13789
11273
13361
13114
13802
13876
13814
0
14017
13692
12988
13621
13146
10904
14040
13903
8126
13970
13711
9563
12228
11549
13289
12382
12079
12859
10038
13404
13557
12657
12668
6859
0
12442
13798
14001
10330
13805
11909
0
13560
13962
13778
12855
12330
10114
12474
9015
13607
10657
9320
13891
13936
13425
11992
13843
0
5710
12389
9268
13588
13392
13335
14009
13555
12022
13968
13883
13361
10904
13136
13947
8377
8028
13269
13838
14037
13844
13676
12343
12364
13019
13635
14002
12995
12290
12886
0
7391
13706
10800
13264
0
9168
776
13676
13676
13005
10513
7524
13094
13824
13675
13756
13825
13565
13982
12717
8590
12838
9035
6537
13588
13611
10386
13977
12658
5410
13770
12375
14044
13662
13343
12441
11622
10632
14003
550
13826
13867
13834
13405
14007
13857
13109
12197
11468
9591
5384
13591
13866
13219
13294
13083
13775
12568
13177
13556
13676
13283
13967
12384
13670
12612
14034
13147
0
13688
13028
12188
12107
12463
0
13778
10986
13794
13842
13999
13191
13067
13640
13847
13081
10920
13557
13175
12416
13758
13392
14007
12369
11084
11948
12492
10900
13398
12561
13343
14012
5226
13757
13120
13495
13891
11841
13803
12161
13884
0
11736
12423
13886
13944
12440
12738
12040
10808
11765
10464
4342
8128
10890
13496
8719
12389
13005
12873
10291
13875
14034
0
13647
0
12859
14037
13784
13964
13534
13101
13925
12548
12343
13925
13275
10511
5821
13886
13875
13685
13803
13064
8926
13101
9717
13883
13127
0
0
13723
13809
13576
13101
0
11734
13410
13586
13206
12218
13813
11105
13952
0
13710
11768
12140
0
14007
10173
13595
13700
9613
12827
13603
14012
2197
12159
13854
13836
8773
12927
13475
13219
9063
13798
9359
12554
13910
13686
10937
0
13957
13757
13891
962
13101
13848
10700
12156
13017
11426
13361
14002
14030
8648
13423
12392
13030
13915
0
13652
13821
6647
12871
8059
8652
12055
11187
13346
13556
11459
13299
13652
11038
12497
13287
13158
13798
11038
12700
12864
0
13220
13655
11024
11815
13907
3088
13040
11009
6812
13038
13857
11914
12270
14037
13651
11818
13229
13557
13704
13012
2833
13750
11670
13280
13866
13678
0
13435
6481
5054
13757
13725
0
11218
13927
7354
12150
13361
0
8948
0
12115
13878
13932
13170
14001
1611
10891
11010
0
11492
13615
10626
13902
6859
13678
9675
12159
13997
13594
13805
13847
12278
12529
14024
13846
0
13322
12695
6630
13593
13627
11371
5846
13757
13593
13288
13910
13810
0
13803
14040
13740
13086
10595
13594
13736
13120
0
14021
10359
12445
14037
11886
13935
13269
13082
13930
12496
13591
12593
13538
13483
13794
13848
0
13288
13106
9153
13836
12882
11774
3482
13372
13700
13651
11023
13069
13875
13318
13516
13886
13842
6337
11168
13557
7635
0
13035
12446
13850
13964
12703
11281
12815
13569
14034
10359
11875
13334
13998
12724
13685
12047
12013
13269
14021
14030
7019
9027
14037
13560
13762
13988
8393
0
13562
10085
12531
12059
13959
14002
11686
13400
11019
12915
13220
4781
10217
13593
12852
13707
11143
13990
11853
12637
2853
10690
13294
10352
9728
13713
11388
13748
13632
13373
12270
13783
12849
0
13583
13572
13588
8869
12238
11418
13909
13915
14014
12468
13095
13344
13245
13694
13843
13706
12343
11868
13419
11139
13132
0
13465
11056
0
11762
12448
7355
13699
0
12906
12392
0
8101
8886
7137
11797
13766
10815
12766
13344
13665
13211
12684
13949
13353
13890
11063
12236
2270
13749
13510
13946
8505
13885
11059
11354
13652
0
13154
13831
11795
10139
13699
10186
13836
13129
13928
13826
13884
13390
11415
11997
13798
13579
13245
12857
13893
13616
11917
13030
13957
13537
4441
0
13847
12210
5595
13823
7350
0
13383
9879
13658
12525
11620
3888
13170
8491
13763
10764
13871
0
13936
11380
13326
13791
7737
12824
13568
0
13360
13902
13783
11177
10435
13116
10207
13959
13740
13924
12987
13250
12474
13745
13521
13643
13888
12168
13555
13256
12163
12353
10127
13699
13276
13443
13809
0
13154
13257
13893
13893
13303
10959
12909
13784
13728
12307
8309
13031
14004
13891
13773
13944
13782
13707
11651
13050
13839
10370
13368
13825
13844
12716
5557
13610
12641
13877
13835
6374
12906
4412
12219
11842
13775
13057
13842
13509
13963
13686
13598
13457
11569
13014
13219
11973
13930
5937
13791
12939
10631
0
12764
12040
12486
13107
13829
13763
13104
13288
14013
13207
8168
13588
13839
0
13819
9599
10208
11762
13245
0
13927
13646
13771
7039
13288
13631
13283
11551
13003
12906
13467
13791
13541
13377
13935
5922
0
1842
12933
9069
13644
13480
13758
13848
13792
12641
13885
0
13314
13803
14044
13954
12688
13351
0
0
13611
0
11570
13547
13257
13271
13755
13784
12205
13622
13062
13040
13282
13999
12417
11921
13893
13467
13964
13650
13588
11474
13520
13287
13879
10560
13510
12323
13707
11761
0
13067
5898
13661
14002
13196
11767
12702
13870
9265
12988
12826
13139
13947
13823
7294
12577
12594
13196
6472
9661
12289
0
10465
12893
13971
12350
13827
0
6658
8386
10258
12771
12901
13392
13952
9296
13933
12731
7544
12519
13599
7656
10953
13808
13078
13396
13449
13593
0
10393
12188
0
8206
0
12021
13957
13936
7396
13453
13191
7472
9755
7265
2345
13707
11007
12375
13368
13328
11504
8692
14008
13959
13948
0
12988
9873
9430
9808
12132
13798
13241
12761
13592
12992
11759
12488
13368
13859
10528
12609
13927
13160
12987
11311
13171
13962
13696
11950
10164
14012
13886
13694
14000
13733
11517
13757
12978
14005
14019
12634
0
12292
8755
0
8808
8869
13972
13935
0
12704
12358
11382
12095
0
9968
13495
13734
13643
13991
11435
12829
14044
13833
12337
12173
13686
11449
13362
0
13778
0
13984
13822
14001
13801
0
13099
13458
12070
12548
13479
11832
13479
13844
12358
13518
13407
13495
10959
13598
12636
13182
12491
13353
0
12493
13184
13854
13673
13412
13195
8181
13275
12511
13645
13637
12031
0
9795
7037
12842
11239
12419
11462
13540
13803
7823
12941
0
0
13576
13133
8851
10150
14003
11390
13844
12794
13866
13061
9533
9776
13594
13803
2827
0
12782
13856
13299
13440
9383
2502
7032
14001
12672
13813
13681
9649
13103
13795
0
13436
12586
12148
9935
14005
13803
13986
519
13755
10464
13423
13798
9511
13187
13370
13875
0
11399
5872
13954
14000
13541
3535
12361
13784
13829
7433
0
14003
13933
13950
13579
12519
12577
14003
0
12418
10311
13226
13723
13986
0
13803
1453
13058
1038
10075
11998
10273
13169
6876
12129
14022
13886
13495
13174
12636
13157
14014
13820
13207
13749
10660
13588
13707
12521
13795
13778
12911
13933
11477
0
13557
11256
13684
13993
13461
13982
12820
11442
13893
13969
13410
10212
13866
8203
13792
13676
13875
13930
10616
11803
13986
14007
12158
13004
14017
13775
13843
13594
12899
10215
14022
8593
14005
12887
13840
12202
13772
13506
11113
13678
13664
13924
13281
11331
13591
14017
11845
12020
0
13828
13659
12774
11958
14006
13978
13810
13288
13817
12055
13912
13734
8711
13650
13968
13884
12509
13770
13904
13914
13693
13921
14034
13706
13562
13249
13858
12134
13315
12509
12771
0
5144
10349
9911
14012
13205
5574
13879
13118
6261
13443
12323
13267
13259
12738
9842
10617
13336
13980
12648
13317
10528
6111
13864
13794
13601
11660
13469
11488
12783
13281
13777
13621
0
13496
13770
13027
13036
11771
13640
13031
7709
13944
10528
13136
5646
13874
13357
9045
0
14037
13694
13610
11412
2106
13827
12467
13866
10041
14017
14009
9276
13954
13602
13369
0
13427
10512
13668
11874
12135
0
13557
13561
13325
13190
12171
521
14013
8639
13402
12634
13706
12915
8914
13836
12343
14025
13789
8514
14014
13763
14013
13388
13282
13969
12860
1946
10578
13982
12714
13553
13058
13671
13943
9463
0
13700
11308
8976
7589
14034
13045
13414
11625
13766
12128
12767
0
10800
0
13825
13671
12317
5168
8953
13496
10510
10298
13510
0
13170
9620
13798
0
12287
12903
13318
12726
12429
11799
13752
12779
12741
13352
11974
13968
13971
13957
13554
13335
14022
13842
11953
11903
13800
11762
12423
13756
12716
0
13786
12859
4240
13710
14044
0
9383
13740
13102
13726
13798
0
14016
7420
12785
10177
11190
13973
13557
13846
12846
13593
13249
0
13671
13840
13296
13671
13823
13875
7482
13671
8335
12841
13838
12962
0
13819
7672
13513
14022
11767
10244
5766
13538
13229
12267
13924
13895
12165
12165
13964
13313
13810
12292
13864
13028
13631
10575
0
13356
13219
14019
14002
13520
10425
13757
13971
13712
0
10024
0
3503
13740
13672
11141
13698
13998
12325
13990
13542
8601
11452
9389
11734
13356
13683
12030
12508
13838
12270
8916
13947
13293
13517
14034
13505
12236
0
13576
13410
13365
13833
12384
13217
13766
13685
11454
13507
13967
13836
1057
12749
12168
13203
13800
13588
13635
11723
13803
14032
12340
13671
14022
10936
10959
13745
13971
12405
10335
0
12814
13210
8386
12450
13898
13536
12537
13923
0
13836
7336
13343
13933
12918
13174
10393
0
11767
11430
12758
13557
13142
11456
12761
13986
8969
13825
14044
11756
13352
9675
8241
10282
13571
13783
0
13124
13061
13555
12634
12405
14007
13704
8941
8268
13647
13557
0
13104
0
14022
13813
8575
0
0
13547
13286
13361
13847
13720
13246
10206
13543
9036
12916
10749
13025
11614
12845
12418
9623
4152
11832
12641
11064
12528
13813
13886
11183
13936
13950
13817
13961
13357
0
0
13055
14013
13730
3009
6960
13677
13692
10756
9951
11113
13957
12315
11404
12713
0
13149
13332
13970
13336
10305
13798
12528
12102
13675
13562
12279
13171
13645
13757
13642
12004
13842
14012
11707
13675
13672
13476
13189
12551
12991
13390
13890
13271
13784
13137
13215
13476
13766
13135
13412
13586
13556
13947
13957
11716
10693
0
12383
8809
13701
13588
11862
11845
2071
13811
14000
13286
13470
13789
13875
13673
8861
13123
12767
13058
7090
9449
13682
0
6120
11986
13312
14034
13316
14001
8022
0
12342
13476
13841
13838
13865
13256
13280
13933
13410
9115
13661
12033
11668
12347
13810
13875
8163
13359
9874
13795
12747
13479
13778
13727
13352
13236
11194
12782
13665
8326
14043
11223
0
13811
7953
14030
0
13390
13858
12022
13447
13346
13433
4875
13410
5153
9569
13171
13886
6043
10869
13750
13795
13067
13336
13608
12703
13133
13627
12995
2248
13062
12798
13963
13050
13644
13811
13170
13297
11811
12857
9968
0
7172
13935
12375
12271
10077
13429
13798
13763
13352
11887
14022
13833
13613
13591
10904
9210
12637
12633
9027
13915
13940
9329
13917
12472
11994
12527
12847
13125
13706
8872
14023
8034
13268
13916
13217
13746
13870
14034
11788
13972
11774
12646
13723
12325
7497
13273
12392
13930
13984
13995
13237
11929
6991
13104
13825
12095
13984
13762
13955
13892
0
11536
12871
12032
13633
0
14012
11712
13925
12642
10336
14044
14043
13984
13866
13147
13948
13810
13800
14037
13467
0
13354
9021
13953
12091
13275
0
2015
13858
0
12204
13246
13593
13789
13549
13159
4153
13767
13948
0
10806
10549
13563
13973
13851
13632
12765
10474
11488
13023
13957
9369
13668
12893
12860
9112
13101
13720
12850
11218
5528
13491
12528
13952
1569
11659
12986
13532
13875
12782
11956
13368
13135
13836
13743
12639
5267
12703
11643
13282
13924
10476
13957
13392
13964
12738
13593
12004
13916
13447
0
13171
6288
12427
0
10642
12280
7126
9238
13704
3398
12756
13861
14037
12004
13875
12262
13876
11655
10164
8185
13627
13390
13875
13880
7929
13809
13685
13550
12418
11811
13902
13837
12592
3706
13740
12928
10538
13256
11968
13852
12938
9596
0
13757
13510
12453
12965
13859
12717
13133
13959
13181
13917
12934
10447
13701
13601
13266
13883
11144
13939
11326
13460
12649
12383
13867
2277
10592
12342
0
8832
11377
13665
13257
11621
12766
13970
13857
13811
13743
12372
8299
13665
11276
13186
12177
13910
12383
13782
13598
13790
12534
14022
13562
12187
11255
11885
11003
13866
13916
13114
0
12684
11724
13469
13947
11392
13696
13710
6327
6540
13665
13101
0
1538
12761
13800
13943
12878
10689
13957
13957
13521
13493
6068
13809
13957
13491
2716
13919
14007
13135
13706
12044
12375
10087
13917
12147
13178
14043
13747
13833
13902
12315
12236
13031
12875
9613
13756
12203
13332
12360
13205
13002
10330
12894
13691
13939
14036
13694
13878
7354
13991
13740
12982
13867
10021
14011
14017
13906
13971
11961
13679
13320
391
13664
0
13586
13556
13973
13699
13954
13425
0
13873
13555
13992
13859
8835
11619
12926
13273
10426
13002
0
11561
12577
0
4004
13874
7556
13839
10762
12568
12435
13710
13280
13686
11139
12483
10330
13749
11035
12636
0
12871
13694
13980
10587
13025
12594
13791
12887
12481
13888
11176
14044
13647
13352
0
13002
12506
13480
4543
13253
11463
13499
13858
0
12538
11549
13549
13871
0
13343
13871
13543
13886
13565
13129
13791
13996
10317
11063
13643
14011
7481
11815
9507
11488
13839
9437
14001
11407
9322
12780
13750
13476
12981
13910
13895
12387
7278
0
13549
13309
13549
13825
9884
6769
13886
12291
9968
9040
11123
3348
4049
13357
13527
13855
13691
4323
9062
11488
0
13461
13914
13217
9911
10345
13914
0
8977
9031
12916
13795
12712
14007
13294
13844
13081
13124
5513
13926
13357
13996
6234
14017
13520
14014
13757
11849
13700
14022
14043
12298
12260
13284
8181
7190
9338
13902
13865
11849
13711
13701
14013
13018
13957
13614
13726
10590
12232
7369
13661
10524
14008
13619
6114
0
13710
13025
10408
4740
13309
13757
13483
12985
11814
10729
13706
11736
0
13275
10570
13410
11874
9069
11834
13883
13573
11397
13939
13050
13583
1484
10324
13833
13301
13824
0
13848
13610
12955
13723
0
10017
13911
11219
13809
12166
13949
12707
13527
12821
13280
12418
13957
13631
11914
13706
10903
14044
13954
13239
13392
13720
11175
13886
13332
13858
13237
13124
13273
0
10240
13155
13833
13400
13257
13699
6948
11456
2910
13944
13988
13838
4211
13839
13649
13025
13313
13791
13850
13662
12398
12029
13351
13913
13910
13910
13057
10481
13904
13688
0
13250
12296
13538
13740
13114
12994
0
13046
13059
13809
13381
12440
13267
13726
13632
13521
13828
11842
8459
11587
13798
10189
2071
13207
7244
13782
11979
0
13025
13996
10840
12027
13879
11871
13777
13631
14031
5919
9160
12710
0
14001
3568
829
12534
13284
13125
10034
13393
13749
12479
13642
13916
13769
9031
11421
13195
13154
11235
13593
11565
12106
13031
13354
12527
12964
13836
13469
13470
6888
13175
13269
12881
13833
13763
13169
1947
11834
0
13861
0
0
12561
13701
13865
13833
12102
12764
11788
13686
0
6707
13538
13701
11393
10933
13527
13683
13363
0
11849
13992
13170
13861
14004
6649
12199
13967
12842
13994
13392
0
13357
10408
0
13747
13845
13836
13899
13591
13701
13950
13740
0
13743
13545
0
10027
0
12553
14040
10194
5624
12496
12246
13653
12553
12045
6475
13601
13813
0
13798
13608
13297
13028
10581
13788
13771
13810
13373
13627
13598
1769
13628
5332
0
512
13479
12020
12950
13896
13727
13842
14015
13493
7896
8147
8919
13404
12751
13038
0
13353
0
12665
13803
13352
13826
14004
13612
11488
13864
13512
13698
13126
11474
12405
11304
13640
13169
11842
12306
12016
3022
13417
13495
12941
4263
11696
13122
13740
13027
0
13496
13834
0
13835
12885
13301
13254
8236
8697
14044
13652
13477
0
0
7223
13058
12235
14003
3128
4209
12634
12512
13858
14019
13379
13361
3360
14006
0
14012
12290
11897
12004
11373
13099
9599
12509
8678
14024
13561
13749
8971
13160
0
12967
12988
13803
13485
0
7349
13991
13835
11823
13703
13949
14013
12912
13766
9303
13588
13572
0
13628
13352
13596
13970
13949
11524
14017
13433
13654
10830
13810
7707
13287
14012
12650
11194
12722
13513
0
13926
13958
14024
11713
11674
12413
13933
13448
13682
0
13099
12955
8859
12422
11403
14013
6221
11628
14005
13834
11569
12176
2544
13729
0
13843
13784
13914
13650
13895
13342
13650
13768
12879
0
12607
13699
12829
13216
14001
13670
12674
12953
12411
12754
13928
13692
13847
1282
11063
13769
12163
5786
13097
0
13727
13361
11468
12033
13329
13457
13838
10959
14034
13594
11644
13543
13782
13587
8356
13769
13883
9528
14007
13941
10337
13944
13069
12968
11950
0
12898
13002
0
13469
13673
0
220
12863
13798
13802
0
13700
12938
13031
12360
1986
7498
12055
0
13101
13015
0
14021
14020
13999
13771
12553
13758
13571
0
13601
11155
13675
13803
12962
13875
11463
11673
6195
12583
909
13335
13673
6861
13786
13858
13517
13410
13241
7816
12972
2218
13332
13935
13757
12189
13465
12723
13547
13944
13757
12886
12615
13507
11137
10930
13466
0
12698
14013
12938
13635
13091
0
6558
13865
13749
11415
3209
4169
13173
0
13579
13805
13964
0
0
7549
14022
13899
13735
13838
13836
13025
13803
13062
12236
0
13949
11842
13984
13486
14029
12934
13795
13916
9853
13638
11116
10695
12405
6260
12882
13969
13972
13392
8658
12509
11709
1353
13477
11326
13605
10070
13688
13861
12680
2354
13201
13026
13593
13247
13833
13917
13442
0
12573
11102
13561
13901
13971
13288
13102
13671
11667
14013
11371
8151
12962
13840
13365
4868
12323
12541
13835
12163
13930
13822
13947
13861
12101
13713
9405
13332
0
13865
13334
11391
13396
13169
13647
7100
12326
12680
13729
13027
10274
13487
13613
11259
13876
12270
13835
11585
13741
13727
13670
13465
4604
10738
1948
13257
12418
12200
0
8909
13810
0
13924
0
13936
13063
13823
13750
10035
13550
13850
11673
13670
13426
13936
0
13392
13571
13777
13486
13565
13878
13332
3049
12419
386
10656
12551
13856
11456
12397
9600
7790
13640
12448
13593
11796
11153
14001
13270
13891
13061
12270
13351
13720
13480
13937
13952
0
8593
14014
13858
13390
13837
11524
14014
13923
13936
9258
13139
13410
13671
13589
13556
7901
9014
13875
12481
13470
10579
13886
12028
13545
11462
11458
13963
13144
13971
13267
13356
12418
13843
13675
11166
13400
1050
8543
13171
3433
13461
13838
13826
2006
13469
12947
0
13921
13836
13926
13809
14037
13578
13798
10607
12924
0
13963
329
13700
0
13962
10057
9671
13983
13984
13571
13650
13555
8114
13265
0
13092
12707
13029
11655
13645
13701
13288
13145
13723
13999
13095
13858
11535
13215
13757
13776
13410
13659
13848
13215
12778
12975
13875
10607
9707
14023
12355
14007
14005
12049
13961
0
13756
9866
13865
13639
13842
13668
13549
14025
10280
12769
9244
13839
13839
13281
8532
120
13734
11880
13856
11489
14003
13834
12792
13665
7523
0
11526
13914
13895
13161
12043
13972
13495
0
13026
8040
11301
0
9898
12509
4342
11953
13134
9090
13998
10395
13907
11741
13871
12290
13480
12448
3560
12691
13886
13749
11675
14017
14042
13727
13571
13930
11375
8433
13031
14008
0
14030
12085
6657
7492
13841
13858
13576
12487
13933
14007
0
13129
13940
13689
13798
13615
13820
13820
13823
13778
12493
13479
12595
12478
13583
13237
14003
13835
10261
11703
4285
1592
12302
2902
13811
12578
13519
12681
12008
13749
13447
12472
12474
12947
11979
11692
13847
12720
13572
14022
13825
13592
13769
11333
12516
13701
13829
7275
13762
13569
8927
13176
12876
0
13598
11231
13294
11614
11165
13266
12208
13886
13763
7824
13823
12798
12683
12458
13301
12766
11843
12668
5158
0
10043
12634
0
13496
13346
8597
11496
11829
10591
9440
11353
12091
11849
0
11639
13355
11514
9526
10626
13448
12375
12922
12876
13181
11997
9192
13572
13504
1830
12902
12732
13957
13833
13820
6885
13887
13542
13951
11123
13556
10476
13318
13446
11733
12206
13579
13672
13734
13586
13136
14022
12317
12875
13750
14030
12395
0
11260
12879
13817
0
7334
11083
10662
13671
2778
10512
14014
13511
13844
13939
12578
11851
13711
12863
12305
13827
13429
13129
12771
11487
12037
13087
13393
13891
9306
0
13028
13824
13756
13312
13414
13757
9403
13837
11511
13711
12987
6407
13425
11761
13588
13294
13924
12493
13005
9613
3742
13886
11284
7469
12716
14036
13251
13833
13288
14037
12829
13012
12675
11578
12237
10569
12419
0
12305
12826
13603
13476
13466
11540
10016
13242
9471
13621
13792
13944
13568
12356
14030
13529
13512
13916
13081
13865
6283
13270
0
13358
4013
12706
14000
13949
4845
13628
13473
13910
13621
13490
10041
13467
13651
12571
12156
13654
13915
13275
12020
13957
9807
12986
13165
13875
0
12722
13805
10300
10815
10270
9574
13749
13836
14007
13285
13320
0
13299
12766
13642
12641
10570
0
10194
12053
9343
13707
0
13002
1869
13522
13936
5085
12926
11064
14031
11309
14001
13357
12216
0
10071
11138
12091
0
9034
13492
12893
7712
13712
0
13786
13707
0
10410
13933
13745
13591
12845
13063
0
5862
13876
12982
11404
13867
13562
9875
13480
14022
13770
5814
13972
0
11513
6867
0
10833
13798
12083
8770
13949
13160
12684
0
13784
13284
12773
13681
11622
13583
13836
13516
13734
13360
12962
7865
11253
11897
268
13457
13917
12712
1998
11841
13665
13640
13238
11161
13270
12979
13198
0
14022
0
10350
12288
13971
13035
13763
13747
12217
13499
0
13703
13947
13973
12907
11701
11948
13112
13160
10521
12055
13460
13275
0
0
13329
9956
13407
799
0
0
13664
13182
13819
0
13833
13718
10833
13944
13485
0
13499
8654
14012
13318
13676
13809
13846
13971
11486
13838
11331
11054
14030
14028
9171
1401
13628
13998
12568
13706
12008
13267
13238
13415
13984
0
9910
11705
13983
12947
12674
13251
13913
0
12849
8091
13351
11979
13017
11637
8406
0
12760
13108
13556
14038
4669
13520
10597
13010
0
13835
0
13757
12791
6663
12569
13927
12102
11815
12411
13963
13875
11918
0
13999
12906
13961
14003
8896
13809
13623
7014
13933
12280
13314
13467
12912
10330
13250
13480
13335
14016
3348
11194
0
0
11763
13400
11380
13335
11832
12198
13924
14005
13886
13125
13592
12703
13541
13692
13473
11290
14032
12188
12487
13893
11401
13933
13906
12781
13796
12877
12571
13775
13466
1748
13598
5606
12835
6147
11747
0
6569
12389
13619
13998
10986
10110
13015
9935
13543
13281
14043
12872
0
12681
12275
9062
13971
3695
9400
12942
13632
12782
13651
10298
12957
13571
12617
13352
13370
13095
3582
13672
10444
13949
14014
0
9182
13755
391
0
13758
13930
13668
13953
13836
10817
13913
13791
6503
13631
13244
13854
11445
13792
13482
13858
13586
10782
11064
0
13138
13228
13914
13189
13827
13405
2767
11285
12938
13813
13675
13768
11687
13707
13878
9202
13282
13671
13802
0
14044
11798
12331
12677
13089
12897
13758
13955
10806
14003
11368
0
13886
5732
10194
13233
10164
13614
13447
1807
12176
11145
13750
13758
13436
0
10934
13062
13570
13825
12871
13964
14022
13910
12915
6398
13835
13251
13572
13265
8692
13726
13099
0
6723
13858
13932
13799
13149
11415
13715
13486
4015
13747
13933
0
8856
10074
13415
13820
13190
12426
13762
13332
14023
13912
11906
13635
12783
13867
13710
10888
12893
12481
11892
13762
13245
13865
12534
13334
13653
14014
13958
13682
13924
10258
11463
13087
10356
12358
13811
13844
13635
13114
5527
12494
13847
3494
13561
13955
13256
14027
13766
7776
12635
14017
11388
13625
13656
10408
13165
9081
12856
4859
14026
13429
9216
11917
13835
13610
14001
13038
13517
6343
11161
13473
12079
13602
13457
5377
13712
12740
11502
13984
13476
10676
13756
11033
13628
13471
13846
12018
13460
13034
9806
13891
13757
13361
10194
12328
11308
14037
13120
11249
12873
12326
11844
13171
9994
13510
13757
10087
11676
13910
13726
13476
13486
13058
12102
13769
13821
13991
5883
13915
13656
7743
13571
13664
13175
14013
9224
0
6486
13586
13489
8989
12879
13640
13936
12161
10359
13795
13696
13883
13037
13058
11023
13169
13515
8230
11994
13891
13971
13671
13568
13271
13798
11462
5550
4011
13836
13337
10612
13839
13247
6700
12238
13866
13156
13562
2186
13572
13809
13927
13282
3324
13346
14002
13288
11775
0
13964
87
13700
12516
12820
11267
12332
13276
10571
13264
13154
11497
12348
13490
12059
0
13923
11994
11546
11903
13479
1968
10385
12769
13087
12900
13205
11869
10189
13750
13984
12283
13791
13555
13041
13895
13914
13057
13632
12955
13940
0
13973
13359
13593
9600
9819
14007
13711
13484
2404
13560
10497
13699
13886
0
13454
13265
4097
11578
10712
4154
14037
13820
1377
12477
12680
9705
13939
3453
13496
0
12419
11274
13581
11971
13975
8203
0
2553
13826
10537
13710
9224
14005
13757
11258
13294
3293
13495
13949
12020
13963
13701
12420
12577
13792
12995
13429
7357
5354
12928
13858
13776
13805
11420
13944
12501
13681
13726
13799
12392
13778
13273
13766
13320
13198
13609
9130
10419
10225
0
13107
13794
13778
12975
11826
13440
13026
9260
13058
6796
4156
13864
10560
11353
8135
13947
13619
11519
13313
14016
13169
13964
11069
13313
11331
14013
13564
12838
11831
12465
13531
13756
10128
13993
13621
11109
11886
13282
12930
13502
11804
14037
13061
11681
6492
4847
13516
13621
13867
14028
7602
13768
13280
12377
13700
12319
13962
13703
12675
11927
11796
14028
12520
0
13611
13135
13835
13466
0
13250
13862
4734
9912
12216
13109
14022
13002
12981
13701
13257
13979
13933
13564
13611
12934
13974
13479
13968
13810
13496
13541
13924
13756
12915
10920
5183
13754
13845
0
13895
13351
13588
12991
13700
9244
13833
4490
14004
6285
11618
13519
7738
9635
7507
13886
3510
13015
12896
13045
12954
13288
12519
10571
13756
10930
0
9160
13833
13727
9413
10720
12312
9574
14012
13924
13757
11922
13596
14043
11886
14013
13786
13930
13866
12004
11223
13894
14034
5519
12440
14005
13916
13910
0
0
9385
13586
13688
12636
9022
13270
13861
12911
13516
13496
11264
13902
13269
14007
13196
12693
12756
11123
12912
13968
9613
13957
13930
13968
14036
13496
9013
13927
7195
12424
11844
13469
11775
13984
0
11796
12927
3893
6940
13675
11022
12429
8778
11807
13968
12558
11438
0
14004
10346
14004
12634
0
0
13602
0
10831
12192
12458
11747
13883
12520
12493
13565
13735
13714
13409
13651
12680
12880
13886
10955
14021
12968
13815
13800
11035
13467
12858
0
9090
13856
12902
7843
11409
13497
11879
13303
6812
7317
13968
12124
12820
8153
13628
14013
9805
12691
11836
13371
9463
0
13101
14007
13916
13750
9800
11948
13837
7538
13821
12300
8894
12419
13665
12089
11004
0
2246
11790
10597
13974
13990
13930
9224
13028
13826
5080
2706
13865
10591
13856
13974
12013
11901
14030
12779
13621
12458
12695
10512
14034
0
2032
10445
12429
14044
13326
13820
9525
13855
11913
14030
13433
14042
13874
13962
13256
13159
13111
0
12483
11679
12492
5489
12776
8468
13971
12399
11196
5818
13749
8230
11702
276
13473
11285
13811
8252
14003
13524
12615
11726
9662
13212
13355
10484
11584
12467
10673
10478
13718
13956
13861
10909
13269
13495
12726
13682
12520
14005
9206
11035
13365
12561
11038
9999
13610
12353
12633
13910
7196
13261
10112
0
6467
9004
13136
13833
9528
11474
13971
13545
10225
13944
13712
14030
12585
0
11932
12331
13633
0
12899
13865
12664
12359
13050
13565
7513
13125
12150
10849
13015
11138
13699
13256
8341
12912
6288
13798
13795
14014
13839
12193
8154
11670
12771
0
13266
13860
9348
13256
13128
13540
13957
13699
12677
8440
14034
13064
13181
11240
13549
7346
13944
13757
13610
0
13171
12699
12988
8554
12418
14027
13668
13703
13114
13886
11151
5185
13734
13298
13846
13838
6715
13678
13895
13002
12245
11346
3905
0
13969
12735
13991
9444
9911
13084
12906
13888
13332
12435
12880
13946
13782
11958
12751
6486
13941
13913
3478
12594
12315
13676
13576
13844
12611
13280
5470
5741
13803
13809
12717
2708
13860
9541
12218
13840
0
13822
13228
13504
9768
13343
12711
10359
0
10859
10125
11516
13457
10118
13803
0
13917
13603
13791
13440
13769
11565
13545
13964
13750
13456
12290
12057
13858
12465
0
13986
13795
10007
13757
13196
13205
13349
13936
7381
13837
13392
6030
11468
13749
13858
13711
13740
5756
0
0
12478
13685
13800
12896
13344
13273
11249
11465
13157
13417
12994
13788
2064
13928
14044
11569
13672
1823
13723
13915
13186
9329
13583
14017
13847
13782
9840
12249
7743
14036
13749
13589
12403
8442
14037
12225
13022
13359
6998
14021
13884
12148
13046
13182
13068
13651
13877
13886
13087
13948
12964
12941
13673
13276
12419
13312
13898
11282
11958
9437
10999
13766
2518
13589
14014
13821
13485
13496
13721
13101
10240
10087
12519
13734
13957
13447
7965
13858
13549
1756
13915
13687
13208
7934
7887
8360
2432
12746
11488
13196
13949
0
13600
13824
10849
13178
13804
12657
11762
12563
13012
13822
13844
0
14017
11144
0
14017
13256
13998
8771
13880
13351
13124
13447
13919
13757
13784
0
13836
13847
13083
13400
0
13861
13757
13632
13982
13173
13875
10908
12256
13256
12553
11496
12680
13433
12609
13316
4250
13560
13826
13675
12940
10961
13129
11721
8211
13802
13611
12224
13803
14043
13433
13360
0
0
13963
12481
13588
13671
13608
13429
13479
13201
13095
13864
13548
13791
13492
8715
8920
8038
11057
13480
13282
6445
13653
13368
13687
13754
13783
12544
9858
11809
12723
13865
9388
12761
14030
13968
0
12940
10393
13890
13823
13978
0
13282
12693
13356
13857
13178
13822
13181
13499
13534
14044
12276
12125
13927
0
0
13051
9159
13217
13476
13506
13936
0
12729
6046
0
11811
6139
14043
11997
5912
13326
13489
0
12596
12730
9032
13833
12822
13762
13915
12642
13833
13576
12545
6829
13845
12871
12704
11582
13621
11769
0
12147
7086
11509
0
7712
13691
12525
6998
11309
0
9901
13847
12939
13967
0
13547
12315
12971
0
13540
14013
13754
12332
0
12659
12533
12091
13826
11438
13884
14003
12534
13941
0
13325
11016
11836
0
12860
13750
13795
14014
8740
13631
13476
13652
13325
8954
11519
13495
13893
13952
13971
10687
13988
11170
13888
13317
14013
13591
12485
13410
11762
0
13334
8465
13050
11959
13346
13890
12492
13870
12263
13856
13493
13937
13139
14028
13510
13954
13877
13842
11162
0
13782
13219
13986
13846
13788
13856
13061
12934
13607
6032
13358
11546
12915
0
13440
9256
9941
13813
0
13285
13133
12751
13888
10938
10206
12616
13971
12024
0
13180
11815
13937
13067
13135
13768
13495
14040
12893
9979
13710
11567
7766
13861
0
10591
12047
0
13968
12595
13086
14003
10322
6088
12429
13707
12634
13270
0
13346
0
12856
13858
12761
2324
10562
13549
12031
13129
11116
10643
13973
13842
10485
12113
3245
13215
13356
13614
12342
11705
13267
11838
3009
0
12551
13984
13735
10138
13707
11176
13944
12429
12045
11560
12950
13276
13087
9570
13671
13171
13944
13752
14009
13955
13095
13337
13893
14025
14003
2706
13633
13879
13792
