377
1 220
2 155
3 353
4 464
5 137
6 342
7 393
9 273
11 133
12 154
13 226
14 397
15 172
16 110
17 132
18 183
19 290
20 473
21 436
22 32
23 82
24 460
25 218
26 200
27 138
28 79
31 93
32 244
33 215
34 113
36 292
37 152
38 314
39 442
40 317
41 343
43 245
44 313
45 318
46 221
47 428
49 377
50 62
51 481
52 188
53 229
54 150
55 48
56 321
57 266
58 80
59 304
60 46
61 284
62 127
64 376
65 248
66 176
67 274
68 281
69 415
70 482
71 349
73 354
74 267
76 74
77 458
78 454
79 325
80 246
81 6
82 439
85 363
86 315
88 148
89 21
90 264
91 297
93 151
94 289
95 386
96 378
98 241
99 4
102 195
103 445
104 255
105 112
107 65
108 287
109 468
110 1
111 207
112 312
113 339
114 405
115 326
116 498
118 29
119 83
120 219
121 130
123 68
124 351
125 115
127 165
128 95
129 228
130 366
131 470
132 427
133 256
134 198
135 57
137 495
138 124
139 361
141 118
142 472
143 70
144 153
145 271
147 391
148 190
150 187
152 350
154 211
155 114
156 94
157 92
159 97
160 63
161 467
162 453
164 308
167 341
168 362
169 18
170 12
172 10
173 329
174 203
176 67
177 108
178 109
179 111
180 145
182 265
183 491
184 37
185 299
186 485
187 201
188 161
189 72
190 17
191 15
193 131
194 16
195 400
196 411
197 336
199 11
200 373
201 105
202 249
203 240
204 123
205 426
206 169
207 371
208 423
209 392
211 437
212 484
213 106
215 149
216 500
217 129
219 379
220 52
221 407
222 54
223 450
224 368
225 369
226 88
227 202
228 268
229 417
230 51
232 144
234 3
235 103
236 125
237 192
238 13
239 162
240 416
241 295
243 34
244 178
245 206
246 355
247 107
248 465
251 301
252 89
253 78
254 487
255 99
259 208
260 234
261 364
262 279
263 143
264 102
265 157
266 122
267 194
268 205
269 8
271 466
273 167
274 91
275 61
276 28
277 179
279 275
280 53
281 306
282 239
283 309
284 160
287 296
288 463
289 235
290 335
292 42
293 191
294 320
297 44
298 193
300 253
302 345
303 365
305 45
306 49
307 5
309 270
310 175
311 403
313 333
314 58
315 174
316 87
317 429
320 142
321 222
322 86
323 307
324 25
325 406
327 90
328 156
329 251
330 163
331 243
332 438
333 294
334 39
335 413
336 73
337 352
338 35
339 300
341 173
343 212
344 262
345 483
347 456
348 166
350 434
353 217
354 135
357 210
358 254
359 230
360 139
361 147
362 258
363 223
364 237
365 31
368 283
369 402
370 56
371 104
372 182
373 395
374 128
378 282
379 117
380 451
382 126
383 252
385 389
386 232
387 24
389 286
392 259
393 372
398 497
399 328
400 420
401 26
402 189
403 261
405 2
408 367
409 41
410 158
413 449
414 422
416 100
418 479
420 384
421 490
423 280
424 414
425 346
426 344
428 431
430 77
431 233
433 260
434 81
435 75
437 469
440 231
441 250
442 140
444 247
446 36
448 374
449 382
450 170
451 98
452 19
453 387
454 33
456 311
459 480
463 285
466 446
467 213
468 27
469 477
470 338
471 20
474 319
476 214
477 496
479 471
482 356
483 337
485 424
487 238
489 164
490 330
492 440
493 499
494 101
495 476
496 394
499 305
500 441
