500 500 965
1 220
1 343
2 155
2 426
3 314
3 353
3 471
4 77
4 117
4 464
5 137
6 299
6 342
6 350
7 393
7 483
9 273
11 133
11 476
12 127
12 154
12 200
12 472
13 226
14 4
14 37
14 397
14 412
14 440
15 172
15 363
16 110
17 2
17 132
17 377
17 450
18 183
19 42
19 111
19 124
19 203
19 290
20 245
20 473
21 436
22 32
22 173
22 470
23 82
23 137
23 203
24 4
24 460
25 156
25 162
25 218
26 61
26 81
26 200
27 138
28 79
28 141
28 469
29 183
31 93
32 244
33 215
33 300
33 301
33 456
34 113
34 172
34 179
34 308
34 389
34 471
36 292
37 152
38 109
38 148
38 190
38 194
38 314
38 365
39 155
39 426
39 442
39 481
40 317
41 169
41 343
43 132
43 245
43 439
43 480
44 234
44 313
45 318
46 80
46 221
47 428
49 377
49 400
50 62
51 274
51 481
52 188
52 450
53 229
53 294
53 412
53 419
54 150
54 164
55 48
55 247
55 398
56 321
57 155
57 250
57 266
57 287
58 80
59 5
59 304
60 46
60 289
60 333
61 99
61 284
61 454
62 21
62 98
62 127
64 95
64 289
64 376
65 93
65 232
65 248
65 290
66 176
67 131
67 274
67 305
68 3
68 99
68 281
69 149
69 415
70 482
71 349
71 375
71 478
73 354
74 161
74 267
74 376
76 74
76 244
76 350
77 458
78 88
78 454
78 483
79 325
80 53
80 246
80 297
81 6
81 11
81 223
82 105
82 178
82 246
82 439
85 363
86 315
88 148
89 21
89 413
90 138
90 258
90 264
90 350
90 491
91 243
91 297
93 151
93 300
93 404
93 454
94 289
95 386
96 271
96 378
96 454
96 494
98 241
99 4
99 371
99 377
100 152
102 195
103 42
103 292
103 394
103 445
104 125
104 142
104 150
104 255
104 487
105 112
105 188
105 379
105 412
107 65
108 287
108 363
109 468
110 1
110 103
111 207
112 312
113 339
113 436
114 405
114 472
115 326
115 389
116 498
117 176
118 25
118 29
118 145
118 268
118 324
118 375
118 473
119 83
119 232
119 337
120 219
120 498
121 130
123 68
124 111
124 351
124 476
125 115
125 268
125 303
127 129
127 165
127 377
128 95
129 228
129 311
129 373
130 187
130 366
131 352
131 373
131 470
132 25
132 427
133 137
133 256
134 6
134 32
134 198
134 476
135 57
137 115
137 495
138 124
139 231
139 361
140 289
141 118
141 154
141 206
141 400
142 235
142 472
143 70
143 167
144 153
144 359
145 51
145 271
147 391
148 190
150 187
152 122
152 350
154 211
155 114
156 94
156 400
156 462
157 56
157 92
157 256
157 447
159 88
159 97
159 98
160 63
160 197
160 221
161 299
161 355
161 376
161 467
162 34
162 453
164 179
164 308
167 308
167 341
168 253
168 362
168 373
169 18
169 451
170 12
170 400
172 10
173 235
173 329
173 372
174 203
174 264
176 67
176 162
176 356
177 108
177 356
177 422
177 478
178 109
179 111
180 70
180 145
180 171
181 468
182 72
182 265
182 368
183 491
184 37
184 219
185 299
185 439
185 490
186 485
187 201
188 161
188 386
189 24
189 72
189 441
190 17
190 91
190 363
190 373
191 3
191 15
191 202
191 244
193 131
194 16
194 202
194 498
195 400
196 411
197 73
197 336
199 11
199 189
199 313
200 21
200 373
200 423
201 68
201 105
202 191
202 249
203 240
203 283
203 429
204 123
205 426
206 169
206 176
206 296
206 346
207 183
207 371
208 130
208 273
208 362
208 423
209 268
209 392
211 424
211 437
212 290
212 484
213 106
215 18
215 149
216 172
216 500
217 54
217 129
217 149
217 250
218 219
219 198
219 243
219 379
219 405
220 52
221 267
221 314
221 407
222 54
223 274
223 450
224 87
224 89
224 317
224 368
224 447
225 3
225 166
225 369
226 24
226 88
226 131
226 364
227 202
227 354
228 268
228 423
228 498
229 124
229 415
229 417
229 424
230 51
230 256
230 262
231 485
232 144
232 305
234 3
235 103
236 125
237 192
237 406
238 13
238 256
239 162
240 126
240 416
241 156
241 295
242 80
242 241
242 411
243 34
243 283
244 178
245 206
245 373
245 430
246 355
247 107
248 301
248 384
248 465
251 135
251 301
252 89
252 90
252 498
253 54
253 78
253 229
253 294
253 317
254 487
255 99
259 178
259 208
259 212
259 359
259 457
260 157
260 234
260 314
260 437
261 107
261 364
262 46
262 279
262 452
263 143
263 397
264 102
264 118
264 128
265 157
266 122
266 373
267 194
268 61
268 205
268 306
268 337
269 8
271 12
271 237
271 339
271 466
273 167
273 416
274 91
274 93
274 179
274 209
275 12
275 61
275 117
275 217
275 393
275 424
276 28
276 186
276 253
276 347
276 469
277 179
277 182
277 247
277 279
277 363
278 485
279 275
279 498
280 53
280 431
281 26
281 138
281 223
281 306
281 460
282 206
282 239
283 309
283 470
284 160
286 172
287 289
287 296
287 339
288 463
288 492
289 235
289 345
289 454
290 77
290 335
292 42
293 191
293 218
294 228
294 320
297 44
297 280
297 293
297 304
298 151
298 193
300 253
302 296
302 345
303 205
303 365
305 45
305 71
305 163
305 185
305 443
306 49
306 99
306 285
306 315
306 384
306 411
307 5
307 387
309 270
309 320
310 175
310 364
311 403
311 449
313 223
313 333
314 58
315 49
315 174
315 187
316 61
316 87
316 419
317 372
317 429
317 489
320 19
320 32
320 142
320 309
321 164
321 222
322 86
322 332
322 455
323 183
323 241
323 268
323 307
323 499
324 25
324 232
324 411
325 56
325 364
325 406
327 90
328 123
328 156
329 16
329 93
329 251
329 436
330 33
330 58
330 82
330 154
330 163
330 380
330 500
331 243
331 482
332 438
333 294
334 39
334 75
335 413
336 73
336 107
336 218
337 352
337 424
338 35
339 300
340 296
341 106
341 173
343 212
343 214
344 262
344 433
345 53
345 483
346 482
347 132
347 256
347 456
348 128
348 166
350 219
350 423
350 434
352 249
353 217
353 393
354 75
354 135
354 351
357 210
357 221
357 309
357 337
358 254
359 3
359 230
359 400
360 139
360 181
360 224
360 421
361 12
361 147
361 435
362 258
363 223
364 190
364 237
364 257
364 334
365 31
365 287
365 315
367 482
368 81
368 283
368 284
369 402
369 481
370 56
370 99
370 500
371 26
371 104
371 316
371 475
372 112
372 182
373 191
373 395
374 128
376 176
378 118
378 258
378 282
379 117
380 61
380 374
380 451
382 126
383 8
383 252
383 499
384 218
384 468
385 389
386 232
386 416
387 24
387 144
387 343
389 65
389 286
389 406
391 321
392 8
392 254
392 259
392 413
393 363
393 372
397 128
398 497
399 100
399 328
399 417
400 411
400 420
401 26
402 189
402 338
403 261
403 446
405 2
405 34
405 186
405 261
408 114
408 367
408 369
409 41
409 169
410 49
410 158
410 176
410 179
410 185
410 255
411 80
413 99
413 395
413 449
414 61
414 346
414 422
415 73
415 114
415 226
415 434
416 73
416 100
416 484
417 122
418 479
420 10
420 285
420 384
420 387
421 289
421 490
422 95
422 268
423 244
423 280
423 483
424 414
425 346
426 344
426 348
426 368
427 137
428 52
428 431
429 427
430 77
431 67
431 233
431 258
432 273
433 36
433 260
433 277
434 81
434 328
434 421
435 75
435 253
435 487
436 318
437 112
437 469
439 138
440 231
441 250
442 140
444 149
444 247
445 107
445 253
446 36
446 73
447 128
448 98
448 101
448 374
449 382
449 391
450 18
450 170
450 212
450 404
451 53
451 98
451 458
452 19
452 169
452 320
453 387
453 483
454 33
454 62
456 311
458 355
459 480
460 304
460 336
460 366
463 285
464 460
465 125
466 158
466 446
466 485
467 213
467 451
468 27
468 173
468 364
468 476
469 217
469 233
469 477
470 67
470 129
470 338
471 20
471 371
472 376
473 339
474 319
475 41
475 376
476 46
476 53
476 214
477 250
477 496
478 4
479 194
479 471
480 31
480 57
482 356
483 41
483 61
483 182
483 337
484 70
484 482
485 176
485 424
487 238
487 500
488 53
489 13
489 164
489 177
489 210
489 221
489 406
489 489
490 18
490 330
492 124
492 440
493 73
493 125
493 161
493 283
493 499
494 101
494 205
495 476
495 493
496 126
496 345
496 394
497 354
498 280
498 281
499 100
499 305
499 322
499 385
499 401
500 53
500 219
500 441
