384
1 345
2 299
3 426
4 59
5 371
7 44
8 429
9 122
11 296
12 81
13 373
14 485
15 199
16 179
17 319
18 207
19 494
20 241
22 69
23 438
24 392
25 305
26 160
27 365
28 216
29 454
30 259
31 249
32 6
33 99
34 170
35 369
36 3
37 458
38 421
39 24
40 411
41 196
42 33
43 420
44 359
45 309
46 329
47 43
48 153
49 335
50 337
51 141
53 295
54 157
55 91
56 255
57 362
58 394
59 379
60 478
61 349
62 242
64 158
66 469
67 202
68 94
70 118
71 70
72 471
74 11
75 428
76 101
77 15
78 176
79 354
81 149
83 86
84 151
85 10
86 256
87 206
88 234
90 147
92 246
93 152
95 385
96 76
97 73
98 214
99 146
100 370
103 271
104 27
105 253
106 277
108 302
109 231
110 208
112 330
113 230
114 88
115 403
116 229
117 144
118 294
119 184
122 292
125 430
126 129
127 342
128 427
129 100
130 482
131 87
132 42
133 493
134 35
135 449
136 92
137 156
138 260
139 72
140 408
141 52
142 424
144 18
145 366
146 244
147 83
148 307
149 262
150 398
152 384
153 219
154 13
155 338
156 378
157 137
158 279
160 356
162 108
163 189
164 2
165 47
166 405
167 388
168 55
169 488
170 142
171 476
172 376
174 53
175 226
176 301
178 450
180 280
181 46
182 58
183 167
184 333
185 239
186 215
189 480
191 48
193 416
194 185
195 32
196 173
197 178
198 422
199 391
200 410
201 285
202 320
204 183
205 175
206 281
207 120
208 22
209 71
210 218
211 190
212 7
213 95
214 4
215 453
216 275
217 322
218 213
220 78
221 140
222 36
223 317
224 399
225 110
226 316
227 125
228 357
229 227
230 115
233 123
234 397
235 413
236 209
237 252
238 138
239 291
240 102
241 163
242 442
243 492
244 77
246 265
247 105
248 396
249 346
250 245
251 114
252 293
253 315
254 441
255 232
257 192
258 325
259 205
260 51
261 375
262 134
264 60
266 9
267 339
268 461
269 21
272 223
273 224
274 364
275 251
276 98
277 111
278 74
279 272
280 340
283 155
287 135
288 437
290 439
291 165
293 353
294 467
295 119
296 221
297 40
299 154
300 5
301 16
302 247
304 477
306 168
308 31
311 270
313 341
314 62
315 90
318 393
319 34
320 267
321 404
322 193
323 61
325 164
327 323
328 67
330 419
331 237
332 412
333 177
334 332
335 274
336 448
338 162
339 8
340 104
342 290
344 440
345 143
346 487
347 124
348 468
349 484
350 65
351 166
352 377
353 324
357 159
358 75
360 423
364 460
365 417
367 57
368 171
370 116
371 497
372 130
373 39
374 308
375 278
376 311
377 263
378 313
379 498
380 220
381 200
382 54
383 128
385 103
386 41
387 139
388 447
389 56
390 360
391 14
393 303
395 20
396 474
397 133
398 436
400 180
401 431
402 297
403 12
407 222
408 1
410 381
411 372
412 282
413 491
414 456
415 82
417 197
420 343
421 201
422 264
423 79
425 64
426 150
427 26
428 344
429 121
430 283
432 286
433 172
434 50
435 28
437 266
438 93
439 203
440 350
441 462
442 321
443 425
445 382
446 443
448 389
449 126
450 17
451 298
452 387
454 107
456 451
457 68
459 45
460 194
462 390
464 261
466 470
468 475
469 406
470 148
475 66
476 257
479 445
482 238
484 84
485 276
490 117
491 273
492 288
496 289
