500 500 972
1 82
1 317
1 345
2 299
3 206
3 302
3 426
4 59
5 371
7 18
7 44
7 117
7 122
8 172
8 429
9 122
11 156
11 296
12 81
13 373
14 485
15 199
16 179
16 205
17 108
17 319
17 428
18 207
18 229
19 494
20 11
20 241
20 475
20 489
22 69
22 479
23 120
23 438
24 209
24 323
24 392
25 305
26 160
26 489
27 365
27 373
28 216
28 273
28 475
29 129
29 454
30 239
30 259
31 249
32 6
32 15
32 493
33 99
34 170
34 254
35 369
36 3
36 370
37 458
38 71
38 421
39 24
39 385
40 249
40 411
41 196
42 33
42 411
42 441
43 420
44 359
44 368
44 461
45 194
45 196
45 295
45 309
46 329
47 43
47 221
48 11
48 153
48 437
49 1
49 335
49 426
50 337
50 498
51 141
51 260
52 369
53 295
54 16
54 157
55 91
55 159
56 255
56 272
56 277
57 79
57 362
58 394
59 379
60 164
60 478
61 267
61 349
62 242
64 158
64 312
64 347
64 385
64 399
64 456
66 469
67 202
68 94
68 172
68 324
68 464
68 474
70 118
70 154
70 364
71 70
71 404
72 252
72 454
72 471
74 11
75 428
76 22
76 101
77 15
77 222
77 394
78 176
79 157
79 354
81 149
81 253
82 469
83 86
84 151
84 197
85 10
85 133
85 481
86 52
86 133
86 256
87 1
87 206
87 252
88 28
88 84
88 111
88 234
88 305
90 147
90 192
92 13
92 44
92 140
92 246
92 411
92 474
93 152
93 338
95 39
95 357
95 385
95 397
96 76
96 126
97 73
98 214
99 146
99 403
100 150
100 370
102 99
103 271
103 426
104 27
104 36
104 278
104 465
105 253
105 458
106 277
108 62
108 302
108 403
109 231
109 376
110 71
110 208
110 223
112 330
113 18
113 230
114 88
114 146
115 403
116 183
116 229
117 144
118 150
118 294
119 138
119 184
122 265
122 273
122 292
122 308
125 430
125 443
125 485
126 129
126 397
126 431
126 432
127 68
127 218
127 263
127 342
127 381
128 427
129 100
129 289
129 307
130 449
130 482
131 87
132 42
132 51
132 283
132 314
132 318
133 493
134 35
134 106
134 144
134 349
135 202
135 449
136 92
136 192
137 156
138 68
138 260
138 344
139 72
139 364
139 404
140 18
140 144
140 307
140 408
141 52
141 74
141 251
141 409
142 424
144 18
145 134
145 239
145 366
146 244
147 83
147 356
147 466
148 307
149 41
149 262
150 227
150 398
150 427
152 6
152 384
153 28
153 219
154 13
155 239
155 338
156 378
156 464
156 479
157 137
157 271
157 465
158 279
159 59
160 356
160 382
162 108
163 189
164 2
164 462
165 15
165 47
165 120
165 474
166 121
166 405
166 489
167 388
167 414
168 55
169 239
169 267
169 488
170 142
170 158
170 344
170 457
171 128
171 338
171 476
172 232
172 376
173 305
174 53
174 467
175 126
175 206
175 226
175 267
176 301
178 450
180 280
180 367
180 391
180 401
181 46
181 59
181 68
181 169
181 338
182 58
183 167
184 333
185 239
186 139
186 215
187 214
189 28
189 325
189 480
190 371
191 48
191 187
191 229
192 87
193 416
193 474
194 185
194 420
195 27
195 32
195 234
196 41
196 173
197 178
198 422
199 107
199 391
199 457
199 500
200 410
201 285
202 73
202 309
202 320
204 183
205 175
205 296
205 329
206 5
206 184
206 281
207 120
207 255
207 261
208 22
208 74
209 71
209 171
210 1
210 218
211 190
212 7
212 20
212 26
212 259
212 276
213 93
213 95
213 336
214 4
215 453
216 275
216 314
217 322
218 213
218 266
219 422
220 78
220 351
221 12
221 140
221 144
221 491
222 36
223 317
224 390
224 399
225 110
226 4
226 124
226 316
226 355
226 429
227 125
228 116
228 357
229 214
229 227
229 285
230 31
230 115
230 388
233 123
233 189
233 320
233 347
233 396
234 54
234 253
234 397
234 477
235 413
236 102
236 209
237 203
237 252
238 138
238 242
239 70
239 118
239 291
239 400
240 31
240 102
241 135
241 163
242 442
243 147
243 295
243 342
243 492
244 77
246 265
247 105
247 188
247 191
248 283
248 396
248 399
248 448
249 346
250 245
251 114
251 246
251 302
252 14
252 293
252 340
252 428
253 315
253 419
254 76
254 138
254 441
254 469
255 73
255 232
255 301
257 192
257 329
258 289
258 325
258 478
259 205
259 215
259 400
260 51
261 375
262 134
262 500
264 60
264 126
264 211
264 372
264 396
266 9
267 339
267 362
268 44
268 461
269 21
269 180
269 187
270 176
272 223
272 241
272 255
273 224
273 469
274 364
275 82
275 251
275 442
276 98
276 395
277 111
277 278
277 497
278 74
279 272
280 340
283 133
283 155
283 330
287 135
288 437
290 375
290 439
291 165
291 363
291 472
292 13
293 60
293 301
293 353
294 467
295 119
295 262
295 493
296 221
296 245
296 262
297 33
297 40
297 350
299 154
299 345
300 5
301 16
302 114
302 247
302 440
304 249
304 323
304 477
306 168
306 172
306 203
306 344
306 412
308 31
308 102
310 149
310 364
311 270
312 157
313 341
313 475
314 62
315 90
315 92
315 125
315 340
315 346
317 279
318 341
318 344
318 346
318 393
319 34
319 163
319 234
319 378
319 426
319 429
320 267
321 404
322 60
322 193
322 257
322 296
323 61
323 185
324 157
324 184
325 90
325 164
325 419
326 189
326 488
327 323
327 496
328 67
328 136
330 362
330 419
330 475
331 237
331 349
332 70
332 412
332 428
333 177
333 376
333 382
334 272
334 332
335 274
335 367
335 415
336 448
336 458
337 279
337 375
338 99
338 146
338 162
338 350
338 418
339 8
339 155
340 102
340 104
340 293
340 295
342 290
342 302
342 351
342 438
342 494
343 16
343 411
344 440
345 143
345 405
346 4
346 487
347 36
347 124
348 263
348 468
349 164
349 249
349 296
349 440
349 482
349 484
350 65
350 257
351 148
351 166
351 317
352 277
352 377
352 387
353 119
353 206
353 324
353 376
355 207
355 440
357 159
357 394
358 75
358 136
358 146
359 242
360 423
362 18
362 58
363 299
364 460
364 463
364 476
365 279
365 417
367 57
367 154
367 291
368 171
368 450
369 428
370 116
371 199
371 417
371 497
372 130
373 12
373 39
373 437
373 451
374 308
374 415
375 278
376 31
376 311
376 489
377 263
377 412
378 313
379 340
379 424
379 498
380 220
380 397
381 200
381 282
382 54
382 382
382 414
382 457
383 22
383 82
383 128
383 228
385 103
385 182
385 206
386 41
386 422
387 139
387 159
387 429
387 462
388 34
388 218
388 447
389 56
389 200
390 52
390 360
390 376
391 14
391 83
391 177
391 237
391 318
391 348
392 332
393 303
393 333
394 13
394 184
394 237
395 20
395 135
395 222
395 286
395 358
396 474
397 133
398 260
398 436
399 90
400 180
401 263
401 373
401 431
402 216
402 297
402 334
403 12
403 44
403 183
403 394
406 176
407 222
408 1
408 439
409 317
409 333
410 307
410 375
410 381
411 130
411 372
412 282
412 421
413 484
413 491
414 456
415 82
415 342
417 28
417 197
417 272
418 329
419 157
419 416
420 60
420 343
421 167
421 178
421 201
422 264
422 371
423 79
423 203
423 423
425 64
425 181
425 182
425 382
425 387
426 150
426 236
427 26
427 224
427 233
427 409
428 344
428 485
429 99
429 121
429 480
430 283
430 487
430 500
432 41
432 286
432 326
433 70
433 149
433 172
433 428
434 50
435 28
436 175
437 73
437 266
437 439
438 93
438 330
439 189
439 203
439 417
440 350
441 72
441 462
442 5
442 321
443 28
443 425
445 15
445 231
445 382
446 167
446 390
446 443
446 462
447 410
447 469
448 60
448 389
448 411
448 496
449 126
449 321
449 364
450 17
451 298
452 387
454 107
454 364
454 380
455 16
455 442
456 46
456 252
456 451
457 68
457 430
459 45
459 47
459 90
459 128
460 194
461 58
462 390
464 74
464 118
464 147
464 261
465 4
465 152
465 339
466 88
466 239
466 470
467 420
468 249
468 475
469 333
469 406
470 148
470 160
471 357
473 207
473 260
474 266
474 494
475 51
475 66
475 148
476 257
476 377
477 443
479 445
481 382
482 74
482 238
482 250
484 51
484 84
485 276
485 278
485 291
486 278
486 423
487 342
488 65
488 227
489 267
490 117
491 184
491 247
491 273
491 275
492 288
492 365
493 156
494 377
494 381
495 36
495 227
496 196
496 206
496 289
497 53
497 382
498 18
498 91
499 224
499 296
499 423
499 448
