122
1 56
2 60
3 16
4 39
5 22
6 44
7 6
8 76
9 74
10 111
11 65
12 109
14 67
15 106
16 87
17 42
18 103
19 24
20 40
21 105
22 58
23 70
24 34
25 71
26 33
27 79
28 110
29 112
30 46
31 129
32 35
33 122
34 9
35 124
36 12
37 99
38 132
39 45
40 11
41 127
42 69
43 20
44 119
45 41
46 2
47 80
48 37
49 64
50 63
51 104
52 108
54 1
55 36
56 121
58 130
59 23
61 68
62 126
63 117
64 82
65 18
66 135
67 14
68 7
70 96
71 5
72 84
73 48
74 72
75 98
76 97
77 73
78 62
79 8
80 53
81 15
82 19
84 107
85 61
86 116
87 86
88 29
89 66
90 101
91 57
92 3
93 114
94 49
95 26
96 13
97 102
98 120
99 38
100 31
101 83
102 85
103 93
104 118
105 88
106 59
107 89
109 43
113 75
114 54
115 134
117 125
118 25
119 28
120 77
121 4
122 131
123 92
124 21
125 27
126 17
127 50
128 52
129 51
130 32
132 10
134 30
135 47
