135 135 471
1 5
1 56
1 58
1 132
2 60
3 16
4 15
4 17
4 20
4 39
4 67
4 109
5 20
5 22
5 39
5 51
5 92
5 131
6 44
7 6
8 29
8 34
8 43
8 76
8 77
8 117
9 74
9 75
9 119
10 17
10 31
10 75
10 109
10 111
10 112
11 60
11 65
11 103
12 39
12 45
12 109
12 112
12 122
12 131
13 60
14 17
14 67
14 75
14 106
14 121
14 125
15 63
15 72
15 106
15 114
15 116
15 121
16 37
16 58
16 87
16 132
17 28
17 42
17 46
18 103
19 24
20 40
21 37
21 87
21 105
21 127
22 56
22 58
22 87
22 105
23 70
23 101
24 31
24 34
24 43
24 82
24 84
24 111
25 7
25 9
25 71
25 104
25 120
26 33
26 78
26 90
27 60
27 79
27 123
28 21
28 25
28 49
28 110
28 124
29 31
29 84
29 112
29 114
29 116
29 122
30 23
30 41
30 42
30 46
30 83
30 99
30 102
31 129
32 35
33 15
33 31
33 34
33 109
33 117
33 122
34 1
34 7
34 9
34 21
34 49
35 25
35 54
35 57
35 68
35 124
36 12
36 23
37 28
37 46
37 99
38 56
38 87
38 127
38 132
39 45
39 67
39 75
39 77
39 109
39 117
40 11
41 5
41 56
41 105
41 127
42 69
43 15
43 20
43 34
43 51
43 76
43 82
44 119
44 135
45 41
46 2
46 78
46 98
46 113
46 126
46 133
47 80
48 5
48 37
48 58
48 105
49 64
50 51
50 63
50 82
50 84
50 92
50 116
51 9
51 21
51 47
51 104
51 110
52 11
52 24
52 108
52 124
53 24
54 1
54 25
54 49
54 68
54 96
55 36
55 98
56 22
56 39
56 45
56 67
56 72
56 121
57 35
57 41
58 130
59 23
60 44
61 57
61 68
61 71
61 96
61 120
62 126
63 29
63 45
63 72
63 114
63 117
63 122
64 43
64 63
64 76
64 82
64 106
64 125
65 18
65 40
66 40
66 41
66 58
66 98
66 135
67 14
67 40
67 55
67 64
67 81
67 94
67 107
68 7
68 21
68 54
68 104
68 124
69 60
70 1
70 9
70 47
70 71
70 96
71 5
71 37
71 127
71 132
72 10
72 84
72 92
72 111
72 112
72 131
73 48
73 101
74 15
74 39
74 51
74 72
74 116
74 122
75 98
76 61
76 97
76 135
77 53
77 73
78 3
78 62
79 8
79 53
80 53
80 118
81 15
81 67
81 72
81 76
81 106
81 117
82 19
82 88
83 40
84 107
85 16
85 61
86 15
86 17
86 31
86 82
86 106
86 116
87 86
87 88
88 29
88 34
88 51
88 84
88 122
88 131
89 58
89 66
90 101
91 57
91 104
91 110
91 120
91 124
92 3
92 6
92 32
92 62
93 10
93 45
93 75
93 112
93 114
93 121
94 9
94 49
94 96
94 110
94 120
95 26
95 41
95 69
95 80
95 95
95 100
96 13
97 102
98 7
98 49
98 68
98 120
98 124
99 24
99 38
100 31
100 43
100 75
100 106
100 114
100 117
101 83
102 11
102 85
103 11
103 41
103 93
103 129
104 118
105 4
105 41
105 88
105 101
105 115
106 11
106 59
107 13
107 69
107 89
108 44
109 10
109 29
109 43
109 63
109 84
109 114
110 89
111 101
112 44
113 75
114 1
114 7
114 54
114 68
114 71
115 41
115 53
115 60
115 99
115 130
115 134
116 98
117 20
117 22
117 67
117 76
117 77
117 125
118 25
118 47
118 57
118 96
118 110
119 28
119 42
119 99
120 10
120 43
120 75
120 77
120 111
120 125
121 4
122 20
122 34
122 77
122 109
122 111
122 131
123 17
123 39
123 92
123 112
123 116
123 121
124 1
124 21
124 25
124 47
124 54
125 27
125 83
126 17
126 20
126 82
126 92
126 111
126 125
127 11
127 50
127 91
127 128
128 44
128 52
128 60
129 22
129 29
129 51
129 63
129 72
129 76
130 32
130 41
131 35
132 10
132 22
132 29
132 45
132 77
132 131
133 10
133 22
133 63
133 92
133 121
133 125
134 30
134 80
135 47
135 54
135 57
135 71
135 104
