377
1 60
2 179
3 221
4 147
5 107
6 25
7 400
8 2
9 61
11 171
12 324
13 448
14 263
16 77
17 431
18 319
19 145
21 470
22 30
23 497
24 5
25 287
26 460
27 182
28 162
29 125
30 481
31 163
32 24
33 474
34 288
35 55
36 376
37 41
38 216
41 197
42 21
43 146
45 190
47 468
48 114
49 482
50 403
51 331
52 119
53 127
54 373
55 465
56 394
57 254
59 361
60 251
61 270
62 363
64 32
65 183
66 426
67 420
68 241
69 228
70 268
71 424
72 74
73 449
74 364
75 157
76 155
77 87
78 257
79 233
80 11
81 117
83 22
84 379
85 401
86 275
87 79
88 52
90 421
91 343
92 332
93 134
96 499
98 240
99 312
100 475
101 81
102 173
103 4
108 129
109 242
110 180
112 215
114 477
115 269
116 112
117 33
118 249
119 375
121 50
122 384
123 219
125 325
128 106
129 389
130 397
131 445
132 99
133 218
134 19
136 214
137 264
138 278
139 243
140 354
141 362
142 271
143 247
144 291
147 366
148 284
149 252
151 67
153 335
154 45
156 18
157 68
158 289
160 328
161 205
162 201
163 466
164 149
165 428
166 88
167 462
168 207
169 63
170 258
171 338
172 250
173 345
174 411
176 95
177 476
178 194
179 415
180 279
181 359
184 72
185 414
186 327
187 443
188 168
190 98
191 326
192 231
194 496
195 452
196 456
198 296
199 156
201 248
203 308
204 457
207 181
208 283
209 459
211 166
212 266
213 38
214 212
215 329
217 341
218 192
219 262
220 195
221 70
222 226
223 16
224 322
225 473
226 440
227 410
228 334
230 35
232 493
233 164
234 307
235 128
236 344
237 399
238 358
239 222
240 137
241 267
242 293
246 402
247 14
248 423
249 412
250 200
253 36
256 295
257 323
258 467
259 260
260 206
261 85
262 339
263 488
264 309
266 398
267 498
269 357
271 239
272 84
273 3
274 299
275 413
276 132
277 133
278 227
279 447
280 94
282 122
283 282
284 372
285 1
286 352
288 395
289 17
290 64
292 109
293 78
294 318
296 75
297 378
298 261
299 310
300 396
301 480
302 490
304 165
305 90
306 101
307 485
308 370
310 486
311 484
312 429
313 340
314 300
316 202
317 464
318 10
319 236
321 356
322 390
323 392
324 393
325 434
327 298
328 172
329 491
331 489
332 483
333 139
334 160
337 193
339 48
340 34
341 438
342 404
344 409
345 407
346 387
347 290
349 151
351 314
353 311
354 110
356 450
357 348
359 29
360 383
362 140
363 377
364 6
366 444
367 303
368 245
370 31
371 135
372 273
373 406
374 336
376 386
377 150
378 433
380 371
382 418
383 472
386 175
387 96
388 65
389 189
390 294
391 500
393 138
394 436
396 313
397 351
398 56
399 306
401 349
402 130
405 230
406 115
408 350
410 204
411 237
413 353
415 186
419 62
420 495
421 255
422 176
423 47
424 43
425 427
427 234
430 152
432 86
433 220
434 196
436 253
439 374
440 217
441 455
444 235
446 453
447 337
448 272
449 51
450 20
451 439
452 124
454 73
455 280
457 188
458 256
460 158
461 184
462 59
463 136
465 209
467 388
468 286
470 408
473 422
475 301
478 419
479 469
481 28
482 211
484 369
485 391
487 104
489 347
490 368
494 108
495 159
497 37
498 187
499 346
500 281
