500 500 965
500 281
500 158
499 346
499 75
498 187
498 148
498 30
497 424
497 384
497 37
496 364
495 202
495 159
495 151
494 108
494 18
492 228
490 368
490 25
489 374
489 347
489 301
489 29
488 275
487 497
487 464
487 104
487 89
487 61
486 329
486 138
485 391
484 499
484 369
484 124
484 51
483 318
482 459
482 390
482 377
482 298
482 211
481 256
481 28
480 65
479 469
479 328
479 31
478 419
478 364
478 298
477 497
477 41
476 345
476 339
476 283
475 440
475 420
475 301
474 363
473 422
473 360
473 32
472 318
470 408
469 257
468 286
468 201
468 200
468 45
467 388
467 329
467 322
467 193
467 112
467 30
465 209
464 349
463 392
463 353
463 311
463 307
463 187
463 136
462 346
462 75
462 59
462 20
461 184
460 332
460 158
458 369
458 256
458 62
458 21
457 267
457 188
456 183
455 421
455 280
454 73
452 124
452 101
451 439
450 227
450 20
449 313
449 51
448 272
448 207
448 89
448 82
447 351
447 337
446 453
446 254
446 103
445 180
444 346
444 251
444 235
444 214
443 421
442 496
442 197
441 455
441 212
441 168
440 402
440 217
440 47
439 480
439 403
439 374
437 406
437 212
437 125
436 408
436 269
436 253
436 211
435 325
434 370
434 227
434 196
433 498
433 402
433 220
432 352
432 86
431 19
430 152
430 126
430 23
428 147
427 340
427 234
427 125
425 427
425 257
425 151
424 43
423 413
423 47
423 18
422 176
421 448
421 255
421 204
420 495
420 490
420 278
419 396
419 323
419 255
419 62
416 138
415 186
413 353
412 480
412 88
411 363
411 243
411 237
411 151
411 10
410 258
410 204
408 350
408 201
408 97
408 47
407 212
406 115
405 230
405 123
405 47
405 7
403 260
402 497
402 130
402 124
401 349
399 306
398 459
398 209
398 107
398 56
397 376
397 359
397 351
397 246
397 14
396 389
396 313
396 122
396 89
394 436
393 214
393 138
392 33
391 500
391 398
390 294
389 189
388 162
388 65
387 96
387 29
386 175
386 112
385 3
384 325
383 476
383 472
383 356
383 233
383 177
383 126
383 28
382 418
382 269
382 164
381 282
381 3
380 371
378 433
377 390
377 150
377 25
376 386
376 233
376 198
374 372
374 336
374 124
373 406
372 273
372 190
372 128
371 314
371 135
370 149
370 128
370 31
369 476
369 74
368 364
368 245
367 495
367 469
367 303
367 25
366 444
364 386
364 6
363 377
362 270
362 140
361 212
360 383
360 347
360 295
360 101
359 266
359 29
358 431
358 334
357 348
357 142
356 450
356 230
354 110
353 311
351 314
349 379
349 151
347 290
346 387
345 407
345 101
345 39
344 445
344 409
344 245
344 54
342 413
342 404
342 403
341 438
341 304
341 280
340 202
340 146
340 125
340 34
339 467
339 48
337 322
337 193
334 193
334 160
333 248
333 139
333 128
332 483
332 50
331 489
331 101
329 491
328 266
328 172
328 129
327 298
327 237
325 434
325 339
325 145
324 393
324 145
324 79
324 23
323 392
322 390
321 431
321 356
321 330
320 33
319 429
319 236
319 133
318 10
317 464
317 282
316 202
316 62
316 11
315 16
314 300
313 340
313 115
312 477
312 429
312 60
311 484
311 410
311 138
311 128
310 498
310 486
310 299
310 257
308 370
307 485
307 299
307 3
306 101
305 90
304 428
304 165
302 490
302 312
302 188
301 480
301 128
301 78
300 433
300 396
299 310
299 252
298 261
298 218
298 72
297 378
296 75
295 332
295 325
295 205
295 155
294 318
294 130
293 371
293 228
293 139
293 78
292 233
292 109
290 77
290 64
289 211
289 17
288 395
286 483
286 352
285 329
285 1
284 447
284 372
284 352
284 251
283 282
282 303
282 258
282 122
282 96
281 449
280 234
280 187
280 94
279 447
278 227
278 51
277 414
277 412
277 184
277 133
277 54
276 498
276 335
276 132
275 477
275 413
275 370
275 137
274 299
274 147
273 233
273 78
273 3
272 377
272 86
272 84
272 77
271 450
271 245
271 239
270 16
269 357
269 196
267 498
266 398
265 376
264 309
264 95
263 488
263 245
262 339
261 375
261 85
260 345
260 206
259 421
259 260
259 90
258 467
258 218
257 323
256 295
256 128
256 71
255 146
254 394
253 200
253 117
253 36
250 366
250 200
249 412
249 411
249 3
248 447
248 423
248 272
248 207
248 184
247 14
246 402
242 323
242 293
242 289
242 142
242 44
241 344
241 267
241 187
241 64
240 394
240 137
239 455
239 222
239 49
238 358
238 104
237 399
237 383
237 373
236 344
235 379
235 128
234 307
233 440
233 296
233 195
233 164
232 493
230 489
230 264
230 162
230 35
228 334
228 85
227 410
227 408
227 322
227 292
226 489
226 440
226 384
226 284
226 108
226 77
225 473
225 315
225 248
225 154
225 32
224 322
224 319
224 254
224 222
224 138
223 16
222 226
222 3
221 448
221 70
220 475
220 363
220 278
220 195
220 41
219 295
219 262
218 192
218 31
217 341
215 329
214 212
214 205
214 162
213 38
213 9
212 266
212 156
212 47
211 424
211 166
209 459
208 310
208 283
207 273
207 181
204 457
204 221
204 208
204 197
203 350
203 308
201 248
199 205
199 156
198 296
198 136
196 456
196 430
196 338
196 316
196 58
195 452
195 402
195 216
195 186
195 117
195 90
194 496
194 114
192 231
192 181
191 326
191 137
190 98
190 52
188 278
188 168
187 443
186 452
186 327
186 314
185 440
185 414
185 82
184 129
184 72
184 12
181 482
181 469
181 359
181 192
180 337
180 279
179 415
179 169
179 46
178 318
178 260
178 233
178 194
178 2
177 476
177 269
177 90
176 445
176 137
176 95
174 411
173 378
173 345
172 485
172 408
172 250
172 65
171 468
171 443
171 419
171 347
171 338
171 121
171 1
170 258
170 19
169 63
168 207
167 462
167 426
166 88
165 428
165 394
165 283
164 149
164 77
163 466
162 201
161 205
160 395
160 328
158 289
158 287
157 239
157 68
156 448
156 18
155 19
154 369
154 245
154 45
153 373
153 335
151 282
151 78
151 67
149 252
148 284
148 108
147 426
147 366
147 150
144 291
144 280
144 192
144 164
143 247
142 498
142 271
142 101
141 362
141 320
141 277
141 80
140 489
140 354
140 66
139 243
138 278
137 311
137 264
137 244
137 167
136 470
136 214
136 186
134 19
133 420
133 218
133 217
132 99
132 20
131 445
131 402
131 1
130 475
130 397
130 185
130 26
129 389
129 319
128 310
128 106
127 373
125 325
123 383
123 243
123 219
122 384
121 440
121 127
121 50
119 375
118 493
118 249
118 2
117 283
117 33
116 112
115 269
115 85
114 477
114 357
114 158
112 436
112 215
112 95
110 180
109 493
109 247
109 242
109 88
108 138
108 129
104 373
103 4
102 401
102 173
102 84
101 90
101 81
100 475
99 312
99 163
98 240
98 55
96 499
96 467
96 315
96 240
93 387
93 134
93 132
92 460
92 332
91 452
91 343
91 325
91 322
91 316
91 246
90 421
88 402
88 106
88 52
87 440
87 155
87 79
86 428
86 387
86 275
86 67
85 428
85 401
85 17
84 379
83 22
81 491
81 216
81 117
81 114
80 212
80 11
79 406
79 233
78 257
78 221
78 18
77 87
76 155
75 157
75 153
75 133
74 364
73 449
73 70
72 74
71 424
70 434
70 268
70 243
69 228
68 465
68 241
68 224
67 420
67 173
67 80
66 426
66 248
66 14
65 183
64 389
64 32
62 363
61 270
60 251
59 361
57 352
57 254
56 394
56 248
55 465
55 428
54 373
53 403
53 400
53 127
52 119
52 110
51 483
51 331
51 289
51 97
50 448
50 403
50 43
49 482
49 332
49 181
48 114
48 18
47 468
47 439
45 190
43 146
42 21
41 197
41 165
41 135
38 216
37 41
36 376
35 343
35 55
35 16
34 288
34 50
33 474
33 328
33 137
33 25
32 284
32 268
32 24
31 434
31 372
31 163
30 481
30 130
29 125
28 162
27 182
26 460
26 125
25 455
25 448
25 287
24 251
24 5
23 497
22 307
22 30
21 470
21 444
19 145
18 460
18 440
18 319
18 164
17 431
17 19
16 325
16 77
14 263
14 1
13 448
12 488
12 337
12 324
12 291
12 280
12 95
12 12
11 483
11 171
9 377
9 61
8 428
8 376
8 340
8 218
8 2
7 400
7 296
6 25
6 8
5 375
5 156
5 107
4 147
3 221
3 220
2 401
2 196
2 179
2 116
2 100
1 448
1 282
1 60
