120 118 313
1 1
2 2
3 3
4 4
5 5
6 6
7 7
8 8
9 9
10 10
11 11
12 12
13 13
14 14
15 15
16 16
17 17
18 18
19 19
20 20
21 21
22 22
23 23
24 24
25 25
26 26
27 27
28 28
29 29
30 30
31 31
32 32
33 33
34 34
35 35
36 36
37 37
38 38
39 39
40 40
41 41
42 42
43 43
44 44
45 45
46 46
47 47
48 48
49 49
50 50
51 51
52 52
53 53
54 54
55 55
56 56
57 57
58 58
59 59
60 60
61 61
62 62
63 63
64 64
65 65
66 66
67 67
68 68
69 69
70 70
71 71
72 72
73 73
74 74
75 75
76 76
77 77
78 78
3 1
3 2
4 1
4 2
5 3
5 4
6 3
6 4
7 5
7 6
8 5
8 6
9 7
9 8
10 7
10 8
11 9
11 10
12 9
12 10
13 11
13 12
14 11
14 12
15 13
15 14
16 13
16 14
17 15
17 16
18 15
18 16
19 17
19 18
20 17
20 18
21 19
21 20
22 19
22 20
23 21
23 22
24 21
24 22
25 23
25 24
26 23
26 24
27 25
27 26
28 25
28 26
29 27
29 28
30 27
30 28
31 29
31 30
32 29
32 30
33 31
33 32
34 31
34 32
35 33
35 34
36 33
36 34
37 35
37 36
38 35
38 36
39 37
39 38
40 37
40 38
41 39
41 40
42 39
42 40
43 41
43 42
44 41
44 42
45 43
45 44
46 43
46 44
47 45
47 46
48 45
48 46
49 47
49 48
50 47
50 48
51 49
51 50
52 49
52 50
53 51
53 52
54 51
54 52
55 53
55 54
56 53
56 54
57 55
57 56
58 55
58 56
59 57
59 58
60 57
60 58
61 59
61 60
62 59
62 60
63 61
63 62
64 61
64 62
65 63
65 64
66 63
66 64
67 65
67 66
68 65
68 66
69 67
69 68
70 67
70 68
71 69
71 70
72 69
72 70
73 71
73 72
74 71
74 72
75 73
75 74
76 73
76 74
77 75
77 76
78 75
78 76
79 77
79 78
80 77
80 78
81 80
81 79
82 81
82 80
83 82
83 81
84 83
84 82
85 84
85 83
86 85
86 84
87 86
87 85
88 87
88 86
89 88
89 87
90 89
90 88
91 90
91 89
92 91
92 90
93 92
93 91
94 93
94 92
95 94
95 93
96 95
96 94
97 96
97 95
98 97
98 96
99 98
99 97
100 99
100 98
101 100
101 99
102 101
102 100
103 102
103 101
104 103
104 102
105 104
105 103
106 105
106 104
107 106
107 105
108 107
108 106
109 108
109 107
110 109
110 108
111 110
111 109
112 111
112 110
113 112
113 111
114 113
114 112
115 114
115 113
116 115
116 114
117 116
117 115
118 117
118 116
119 118
119 117
120 118
