15 15
13 13 6 5 4 2 9 14 10 11 15 7 3 1 
13 8 5 4 14 2 9 15 3 6 13 1 11 12 
15 7 5 12 8 11 13 10 4 3 6 1 14 9 15 2 
14 13 8 4 7 5 12 3 2 6 14 11 1 10 15 
14 2 13 14 3 4 1 10 5 8 11 15 9 7 6 
12 5 2 14 8 10 6 12 3 1 11 13 9 
13 15 9 6 3 4 12 10 5 2 14 1 7 13 
14 13 8 4 5 2 1 15 6 12 14 10 11 9 7 
15 10 8 7 15 9 5 1 6 14 12 2 3 11 4 13 
15 13 3 7 8 4 6 9 15 11 5 10 1 12 2 14 
15 5 14 11 12 15 10 3 1 8 6 13 4 9 2 7 
13 8 11 13 3 7 15 1 2 6 9 12 10 14 
14 5 2 8 10 11 6 1 4 12 7 9 3 14 15 
13 3 10 5 15 14 9 13 7 6 4 11 2 1 
12 13 1 6 11 2 15 10 5 12 7 8 4 
15 2 14 9 10 11 7 12 3 5 6 8 4 1 15 13 
15 4 3 1 8 11 6 7 14 10 5 15 13 12 9 2 
13 7 2 6 13 1 10 12 11 3 14 5 4 9 
13 15 8 13 1 9 2 7 4 5 10 14 3 11 
14 9 6 15 1 13 11 8 7 4 14 3 10 2 5 
15 8 9 3 14 4 6 7 12 11 13 15 10 1 2 5 
13 7 13 11 8 12 10 3 9 15 14 4 1 5 
12 5 2 11 12 4 6 8 10 15 13 3 9 
13 13 8 12 10 5 11 3 6 2 9 7 14 1 
14 6 10 5 3 14 13 4 8 15 11 12 7 1 9 
14 3 15 8 5 11 13 14 10 2 12 6 1 4 9 
12 12 15 10 3 2 4 6 8 7 9 13 11 
14 10 3 4 14 2 11 5 9 12 15 1 6 8 7 
14 11 12 8 4 7 5 1 2 14 3 10 13 6 9 
14 11 8 10 3 2 12 13 9 14 1 4 15 5 7 
