100 100
97 14 33 52 56 19 87 30 7 90 26 74 68 93 4 96 95 16 40 37 72 89 10 51 24 91 66 36 71 81 9 49 65 58 50 46 38 99 34 53 39 2 70 88 94 69 98 29 11 42 22 100 92 21 80 86 17 79 61 78 59 43 60 82 73 3 45 28 41 32 76 55 57 75 48 54 44 31 5 23 97 12 1 64 13 25 18 63 6 67 15 8 83 27 47 35 84 85 
97 83 9 90 34 58 31 92 18 47 38 71 13 45 82 62 49 16 94 55 20 22 80 69 98 30 19 74 89 81 56 1 5 41 11 33 85 37 12 61 75 27 43 70 97 8 6 57 2 87 59 67 60 93 88 51 100 4 50 72 95 48 32 15 52 64 26 7 91 46 35 3 76 10 86 77 68 73 65 84 42 66 99 17 40 79 23 24 36 39 28 14 29 78 96 25 63 21 
98 43 4 3 45 1 46 28 84 54 24 13 100 85 35 83 71 82 80 38 27 70 44 39 6 94 62 72 16 14 42 92 74 41 29 63 50 34 5 15 21 93 75 60 96 52 23 91 79 30 98 33 51 68 89 77 12 37 90 8 99 97 87 47 76 59 73 61 25 58 78 18 22 95 86 20 66 31 32 9 26 53 67 56 81 48 64 69 49 36 10 7 19 57 17 65 40 2 11 
100 79 57 90 18 68 29 52 77 93 69 41 44 35 95 55 4 38 40 13 43 14 84 36 54 60 70 99 32 25 59 58 86 71 50 61 9 78 27 96 21 23 87 64 63 48 6 75 10 1 24 53 17 62 74 11 15 94 66 67 56 42 98 8 65 28 97 19 85 100 2 39 12 20 45 91 33 30 88 7 76 34 92 49 37 46 81 82 26 31 47 89 83 5 16 22 51 73 72 80 3 
97 78 34 97 36 19 39 31 96 11 15 51 52 69 30 90 66 76 42 72 77 3 29 41 60 85 49 14 13 27 98 6 32 18 28 54 10 17 9 24 40 86 93 21 20 95 46 67 68 70 99 23 64 79 71 16 53 63 45 62 25 47 87 92 26 48 56 8 4 33 58 89 94 61 83 75 50 65 44 100 57 35 88 82 81 80 2 55 38 1 74 43 91 22 73 59 37 5 
99 2 26 76 100 42 48 12 81 49 58 92 46 19 64 80 10 56 15 11 84 3 32 96 63 40 33 36 1 83 28 7 88 27 24 5 77 54 50 34 4 39 60 97 95 70 65 14 52 68 20 73 69 94 29 43 90 62 57 51 16 44 85 35 67 78 91 53 75 18 37 31 61 41 38 55 74 23 47 87 59 30 93 45 71 13 66 21 79 98 99 86 22 6 82 89 25 17 9 8 
97 29 83 71 27 28 32 92 49 55 87 31 79 52 43 90 23 51 24 53 26 68 44 61 67 91 85 15 100 60 30 69 74 54 70 20 77 16 46 84 81 88 62 57 86 50 19 94 40 34 10 38 4 11 12 98 22 48 35 14 63 25 95 75 42 1 78 58 9 21 96 7 97 17 93 89 5 59 33 82 18 37 72 13 76 3 56 45 66 73 99 6 80 2 64 47 65 41 
100 35 28 24 49 44 55 12 34 76 41 93 33 91 98 40 48 88 54 30 19 65 94 81 42 50 58 4 78 8 51 38 82 73 46 64 10 15 23 11 1 92 22 59 27 100 21 57 31 83 70 17 85 95 39 32 62 71 72 56 96 2 80 74 60 53 99 89 43 37 7 13 63 6 20 69 5 87 90 68 25 84 75 16 45 67 29 14 52 77 36 61 86 26 9 3 18 66 97 47 79 
99 15 56 25 59 45 85 70 41 38 44 53 93 16 96 35 14 26 76 88 1 60 63 72 7 20 18 77 64 11 49 83 40 36 98 22 75 34 62 78 6 23 73 86 4 33 80 95 50 32 17 71 58 5 67 79 87 91 94 74 92 52 12 65 55 21 69 82 90 28 43 99 37 30 42 66 47 89 27 100 48 51 97 2 10 46 61 31 39 13 84 57 8 68 9 24 3 19 81 29 
97 21 52 25 43 71 48 20 55 15 49 98 73 47 97 45 85 12 3 91 76 29 50 5 35 93 53 79 75 90 54 23 87 78 39 89 84 74 60 77 41 88 19 70 7 99 46 24 31 94 8 56 14 59 28 33 80 100 37 27 26 10 92 62 4 13 83 1 63 30 16 34 42 82 96 67 17 81 36 6 22 65 40 9 38 58 2 72 51 11 57 64 32 95 69 18 66 68 
100 83 36 70 39 88 100 84 32 96 7 49 18 60 30 28 51 71 33 69 82 93 21 62 66 81 3 11 75 78 35 74 72 79 42 52 25 77 14 2 1 86 59 90 40 53 31 56 8 20 17 16 85 15 95 65 45 91 54 58 43 5 94 61 41 34 97 13 29 37 50 38 63 89 92 64 48 80 57 6 47 22 99 67 4 46 24 98 44 76 12 87 10 68 26 27 73 23 9 55 19 
97 79 35 51 90 19 26 67 8 14 57 65 68 82 66 32 47 34 53 28 89 7 54 18 94 88 38 92 46 76 49 61 25 84 33 96 1 59 2 83 55 40 27 29 11 12 22 4 23 10 64 52 6 48 86 98 72 17 56 81 41 75 100 87 42 37 30 73 69 31 3 16 97 50 99 20 58 93 60 95 39 44 15 24 85 63 80 13 74 71 21 36 78 43 62 5 9 77 
100 49 81 92 7 68 66 62 40 54 45 86 6 8 19 2 55 64 18 44 69 15 3 73 25 56 50 97 83 76 52 51 100 46 38 27 85 53 30 59 10 9 48 35 57 77 24 88 29 17 39 34 94 89 41 43 65 31 13 42 96 95 70 20 36 28 22 11 91 90 99 74 16 72 58 75 82 4 60 33 87 14 84 47 12 80 71 79 21 26 1 61 37 23 63 5 32 98 78 67 93 
100 39 99 98 40 29 34 17 90 23 8 41 97 64 100 49 55 25 27 96 83 14 53 78 77 13 84 86 71 43 30 28 4 74 19 93 79 35 94 21 9 20 45 31 33 10 67 82 69 12 46 58 76 57 36 72 15 42 62 59 37 5 89 44 26 61 88 54 38 6 80 75 85 60 48 56 11 66 24 16 73 91 52 47 7 95 1 92 81 3 68 50 70 87 2 65 63 18 32 51 22 
100 19 20 94 88 13 41 27 96 47 69 62 40 71 85 1 68 91 64 87 34 100 43 44 51 82 61 28 57 48 7 25 8 17 89 50 79 2 74 53 93 29 92 10 23 31 16 3 24 45 56 14 58 52 35 26 49 18 21 30 76 6 33 97 12 22 67 73 65 15 86 90 59 42 32 98 54 63 36 38 66 84 39 95 70 78 55 80 83 60 11 5 75 99 81 37 46 77 4 9 72 
98 42 77 13 52 78 88 53 46 80 10 38 64 59 24 1 26 40 85 65 27 16 3 73 71 5 37 61 74 32 57 81 2 7 91 96 30 18 83 34 75 33 86 47 23 99 35 45 76 98 21 54 72 55 82 17 51 36 66 41 25 48 79 100 87 93 60 20 58 28 15 90 67 95 14 50 49 70 6 31 62 29 4 69 9 68 94 12 89 44 39 19 11 97 84 22 56 63 8 
97 34 96 27 84 48 77 62 68 26 49 22 3 20 83 15 100 60 58 59 89 91 54 57 9 39 53 45 19 65 7 94 86 87 32 74 41 44 67 66 6 40 95 85 2 88 37 13 52 46 33 21 73 11 99 47 31 81 93 79 16 97 36 71 56 28 18 63 8 51 1 30 17 25 38 42 61 35 50 55 10 76 72 4 24 29 43 12 92 80 64 70 90 78 98 75 69 5 
100 28 90 78 1 35 15 16 91 82 30 31 50 95 54 24 85 64 63 62 5 25 84 97 88 33 65 68 93 96 7 59 92 74 51 71 61 20 94 42 81 58 41 12 10 34 29 8 52 39 22 2 55 73 21 44 80 19 38 100 99 60 4 76 66 45 53 32 36 72 26 67 86 49 87 11 69 48 83 57 6 3 79 56 37 13 75 14 23 9 77 27 98 43 17 47 70 18 46 40 89 
97 68 37 41 60 22 89 98 73 48 61 90 30 38 3 15 28 70 35 57 95 94 33 2 42 55 88 50 100 39 63 18 20 12 91 87 82 47 62 51 93 64 31 83 65 54 16 86 26 66 99 11 8 53 14 9 25 92 19 6 97 85 4 75 76 29 74 36 59 13 77 7 44 34 96 46 56 71 24 17 78 81 40 84 23 58 10 67 69 52 43 72 49 1 32 21 45 27 
99 24 79 45 89 62 81 26 58 97 2 78 36 95 73 61 39 13 53 34 5 22 6 86 42 14 16 52 59 15 43 100 25 70 35 71 83 8 10 72 94 64 29 11 54 85 44 23 87 65 98 18 31 46 91 33 48 37 12 38 75 20 47 9 21 49 80 74 63 57 60 41 40 50 19 77 55 92 90 96 4 7 51 82 27 88 69 1 93 3 30 66 56 28 99 17 76 84 68 67 
98 52 62 66 70 76 96 73 84 41 16 6 27 10 30 17 29 20 53 63 5 85 19 58 31 28 92 8 46 2 26 59 35 77 36 9 83 38 87 72 67 90 21 89 91 55 39 40 47 60 51 25 97 99 88 71 50 78 98 74 80 42 23 18 49 12 33 95 1 56 75 86 43 65 24 15 34 45 69 81 94 32 7 22 79 100 3 68 93 57 64 13 82 54 48 44 61 14 4 
99 74 50 17 64 8 95 36 26 19 73 6 14 11 72 24 22 60 65 45 52 70 93 53 99 97 75 41 23 13 79 81 16 32 85 15 47 29 100 18 67 39 86 34 49 77 68 25 94 89 54 42 37 40 82 5 27 58 83 96 57 46 62 30 90 63 84 88 31 91 28 69 71 61 59 51 76 55 3 7 10 43 4 21 12 1 98 35 48 66 38 87 44 2 20 78 92 33 56 80 
97 71 97 70 95 38 92 84 32 99 78 4 100 35 90 74 15 28 69 22 16 21 48 87 68 67 80 61 77 37 20 55 42 6 59 27 25 2 65 63 31 9 26 10 13 82 62 52 17 58 93 44 23 98 91 76 54 85 8 79 40 57 34 18 45 47 1 49 73 24 81 89 7 64 29 43 75 60 72 86 33 53 14 56 46 83 88 51 30 41 3 50 5 19 11 94 12 66 
98 31 3 57 40 9 17 95 36 43 7 24 67 83 22 90 58 50 4 45 53 75 84 48 23 21 15 92 30 20 18 70 8 42 25 96 11 19 72 81 68 14 69 99 98 54 56 78 100 5 47 94 89 13 38 55 52 73 16 93 82 85 33 74 10 88 39 80 34 66 64 27 87 2 65 97 1 37 76 46 63 59 86 32 51 6 60 61 49 41 79 29 35 62 26 12 28 91 44 
97 53 64 86 80 16 27 30 67 45 75 50 32 33 82 49 81 100 42 7 97 68 21 34 28 76 60 54 93 14 91 5 78 39 88 72 48 29 73 77 58 4 99 56 79 85 96 69 89 12 66 19 38 17 40 51 18 20 8 37 55 9 57 92 87 98 84 15 52 70 10 74 63 31 24 95 22 25 35 61 11 23 41 36 6 26 46 71 62 1 83 13 3 90 43 47 94 59 
97 84 69 75 91 15 36 66 12 56 31 73 74 50 90 96 29 72 44 63 17 9 77 99 83 23 34 1 55 81 64 70 51 28 42 54 20 41 87 65 24 13 26 25 79 80 2 71 8 78 40 45 88 60 58 18 22 59 94 21 92 62 32 61 52 43 47 86 33 48 76 67 5 35 19 46 16 100 89 10 37 11 93 7 3 98 68 85 82 38 4 14 30 27 6 39 97 95 
100 29 76 37 52 36 27 5 20 26 45 34 78 54 6 72 69 40 79 82 89 90 19 70 92 16 53 32 15 75 25 13 50 65 74 38 99 10 35 49 62 1 56 81 44 71 64 97 59 31 91 66 47 11 18 42 98 46 57 80 94 4 58 43 83 88 23 24 96 2 21 28 12 17 33 63 84 85 14 86 77 61 41 3 39 9 95 67 87 93 48 73 100 22 51 55 8 68 60 7 30 
98 16 87 30 92 90 27 33 22 5 79 93 76 46 41 52 11 32 71 10 67 14 7 56 47 38 82 19 18 29 100 89 97 26 91 51 25 53 99 54 85 62 70 86 21 9 59 48 36 45 83 37 94 13 39 2 23 63 15 58 1 66 88 98 20 17 77 78 35 61 73 96 81 8 80 12 6 84 95 72 3 31 24 65 64 68 60 34 75 69 50 4 55 57 40 43 74 44 49 
97 58 43 20 2 94 75 38 68 60 82 30 76 1 47 15 9 53 84 96 29 24 25 92 64 55 6 8 7 57 99 85 12 71 11 65 42 52 74 4 27 19 37 28 67 5 33 45 91 10 63 89 87 95 22 98 36 40 61 44 16 93 77 86 21 88 83 79 23 78 17 73 35 49 39 59 62 32 90 56 72 80 13 48 54 81 31 41 51 69 100 66 70 97 34 46 18 14 
97 58 96 1 55 29 68 90 7 80 57 71 36 22 92 64 60 12 63 73 20 33 5 97 100 40 49 78 84 14 30 79 17 61 89 52 67 8 2 38 83 91 65 46 32 51 11 77 26 95 99 69 74 43 16 86 75 50 35 88 72 18 76 37 25 41 59 87 21 42 3 54 82 15 13 62 98 24 85 66 34 23 9 27 48 81 93 94 4 6 19 44 45 10 47 70 28 31 
100 95 38 40 16 93 37 79 71 62 51 48 65 27 96 64 83 67 68 36 12 92 29 70 50 98 53 77 1 28 4 31 15 59 87 20 32 54 9 44 89 41 99 30 58 42 76 69 10 45 35 88 33 13 85 82 100 21 97 26 60 78 24 6 34 56 18 7 47 72 17 3 23 94 2 43 39 46 11 61 73 19 22 90 84 91 81 55 49 5 25 75 14 74 86 80 52 63 57 66 8 
97 64 23 92 51 16 20 2 39 59 27 49 72 78 65 45 9 52 84 66 36 86 43 30 74 42 68 10 7 73 93 87 79 89 70 32 41 71 90 1 55 22 100 82 26 85 6 97 99 80 3 76 24 25 13 60 31 21 62 33 81 61 18 56 47 77 44 11 75 67 34 50 46 95 58 37 29 14 8 94 91 48 19 96 63 98 5 28 88 40 38 17 15 57 12 53 69 83 
99 47 21 50 10 14 7 23 97 18 24 66 25 48 56 75 78 30 13 60 80 63 57 46 85 37 36 28 69 67 39 52 77 11 22 86 73 81 26 15 51 38 65 83 6 90 76 70 88 98 20 53 42 79 58 89 96 64 84 32 27 68 5 59 87 99 82 8 100 31 35 94 49 2 33 45 19 44 71 54 61 72 55 74 95 9 92 12 4 17 16 62 43 3 40 1 93 29 34 91 
99 26 47 94 12 28 13 81 80 61 44 11 10 70 64 86 63 6 66 34 98 2 77 69 57 92 76 20 39 100 60 53 71 82 48 17 43 25 30 4 45 42 89 19 40 9 56 33 7 65 23 59 16 54 58 75 72 1 5 50 22 29 21 46 27 51 3 32 31 97 96 87 15 84 67 62 83 37 73 49 90 52 91 8 41 24 93 36 18 55 78 35 14 95 38 68 79 88 99 74 
99 25 75 93 69 4 38 54 99 83 6 80 17 86 52 71 11 84 33 94 15 95 57 82 5 36 43 60 55 97 51 34 40 63 74 64 37 9 85 30 50 48 27 92 16 78 20 28 79 67 56 53 35 7 62 87 23 58 100 76 2 31 90 14 66 49 98 81 77 47 42 72 91 24 41 21 39 61 32 68 96 19 88 10 73 46 89 12 45 29 70 1 65 26 13 3 44 8 18 22 
97 84 30 32 57 50 68 58 71 25 89 82 93 61 19 99 59 24 52 91 17 21 28 67 2 16 3 95 97 7 23 53 85 1 37 56 38 20 35 45 66 62 34 48 72 74 51 60 65 64 46 8 88 77 79 5 87 14 90 29 15 76 98 75 83 4 80 42 47 40 73 36 10 41 9 44 78 81 86 69 49 70 18 12 22 43 92 55 33 54 6 31 27 39 94 63 100 13 
98 83 68 69 20 97 86 79 26 10 47 38 65 17 70 67 94 34 80 40 15 18 22 3 52 19 98 39 44 62 56 28 59 100 99 45 87 73 64 90 84 1 72 4 43 66 75 92 6 5 71 58 12 32 48 88 49 51 30 2 13 7 95 57 42 31 35 63 46 24 93 54 55 61 82 8 96 60 76 14 37 77 41 23 81 53 74 29 50 9 11 27 85 89 91 36 78 33 21 
98 52 82 13 70 26 94 86 78 20 71 29 93 91 28 44 75 12 36 98 1 65 33 16 5 47 43 11 35 67 87 39 8 23 68 92 25 80 100 2 88 42 56 22 30 41 40 17 73 55 7 10 69 27 74 18 63 66 14 81 72 24 59 57 61 9 90 45 6 19 85 4 58 83 99 32 97 51 31 38 79 37 76 15 34 50 95 48 21 53 3 60 54 96 46 84 62 49 89 
97 9 88 24 60 80 31 42 52 11 47 84 25 29 91 59 6 86 28 76 19 33 16 79 12 35 17 99 5 34 20 10 26 23 100 14 48 21 8 77 36 63 41 62 97 18 2 44 53 67 3 78 54 93 70 57 72 68 32 96 89 4 39 7 65 73 27 30 81 22 94 74 71 49 66 51 15 1 46 43 55 13 61 56 90 58 38 75 50 83 37 95 85 64 69 87 40 45 
98 15 53 16 80 86 62 63 54 34 72 99 92 93 90 89 50 49 9 52 2 22 38 59 42 56 46 41 13 43 73 79 36 31 58 35 84 97 55 57 37 1 18 47 14 7 5 81 71 33 11 61 68 4 77 67 100 75 91 28 20 39 51 88 87 10 98 82 94 32 65 66 74 25 83 8 6 30 24 45 44 69 95 76 17 48 23 19 12 21 64 40 78 70 60 26 85 3 96 
97 24 5 61 88 31 44 30 7 55 40 33 80 70 86 43 47 96 66 71 74 93 14 25 34 53 83 12 89 1 27 79 85 9 21 3 51 97 91 41 10 2 68 26 6 42 37 16 58 20 23 65 22 11 57 77 84 8 59 19 90 46 56 32 67 13 45 69 99 15 62 64 92 29 60 28 35 18 78 54 50 63 82 76 100 39 49 98 38 48 17 52 95 87 72 94 75 4 
98 32 76 63 89 86 51 48 75 1 37 98 35 6 66 4 64 30 91 85 61 11 12 17 42 56 100 70 94 87 39 60 53 95 31 59 62 34 2 99 14 27 54 77 7 25 45 43 3 16 69 71 28 57 23 52 22 46 55 72 40 83 84 38 29 96 49 36 13 24 18 44 93 65 33 78 20 82 88 90 41 8 92 47 50 26 15 81 58 9 21 74 73 97 5 10 68 79 80 
99 30 92 29 46 81 17 96 84 25 43 55 9 44 28 41 100 56 89 61 93 45 1 12 79 3 19 26 51 50 75 48 63 95 64 88 22 21 57 10 54 53 5 97 11 40 82 27 23 6 71 37 13 73 91 90 47 86 59 76 77 60 78 31 66 58 18 36 42 38 35 69 4 7 49 20 14 65 80 99 15 68 8 94 67 24 85 33 70 2 83 72 52 87 34 39 16 98 32 74 
99 42 70 2 39 1 17 9 33 28 64 82 77 92 95 71 96 73 57 21 54 47 55 91 87 62 34 97 76 43 14 27 48 7 23 68 25 8 46 88 61 45 24 50 90 36 66 15 78 86 100 56 19 98 10 20 51 3 38 60 30 80 29 6 79 16 41 18 81 32 53 85 44 83 11 26 40 99 12 65 31 13 75 37 93 5 52 89 84 35 22 59 4 67 74 69 94 58 63 49 
99 79 4 19 24 37 63 92 82 11 61 81 2 50 26 98 57 48 70 69 59 100 25 64 14 67 29 9 20 99 28 8 85 15 35 7 16 74 58 77 5 3 51 41 84 12 72 93 13 88 53 36 68 17 60 43 65 89 31 66 23 54 45 34 97 96 83 32 18 52 90 42 95 22 62 86 44 38 33 27 30 1 87 6 47 94 73 21 76 91 46 40 75 71 10 49 56 39 78 80 
97 34 8 48 58 82 38 71 95 39 75 51 7 84 42 96 70 49 24 15 26 88 14 87 41 29 27 19 97 30 76 35 45 92 85 93 74 6 54 90 43 12 94 2 64 5 78 69 91 25 56 32 46 21 16 80 67 59 83 1 9 63 66 28 36 61 60 53 89 22 47 4 62 18 3 13 44 73 20 52 72 57 50 81 100 23 65 86 33 40 37 11 55 17 79 31 98 68 
99 56 24 12 17 76 69 44 26 48 71 66 95 42 52 54 25 22 13 84 96 67 3 65 87 64 8 34 63 100 39 40 72 55 47 14 18 73 41 29 70 46 32 99 92 98 89 74 88 30 57 61 53 62 23 85 50 36 86 16 27 4 31 78 28 94 21 82 59 58 68 43 93 60 9 19 90 77 97 5 45 38 20 7 10 15 75 79 80 37 83 91 51 49 33 1 81 6 35 2 
97 78 15 19 98 85 72 24 11 96 65 63 37 53 29 79 13 82 67 84 38 68 75 32 95 10 39 66 18 48 44 61 92 70 42 60 76 40 33 21 97 90 87 69 71 17 83 34 47 49 35 26 3 50 64 30 6 41 80 86 100 59 43 20 54 36 7 74 1 25 23 62 51 5 88 73 45 93 16 89 12 31 55 81 99 4 46 28 8 22 56 27 58 57 2 94 9 14 
98 6 93 1 96 31 54 47 30 72 43 67 88 65 90 39 62 45 49 55 21 57 10 61 66 38 97 60 32 22 8 15 85 84 69 95 3 76 50 100 64 35 27 17 83 92 94 29 12 73 46 9 74 63 7 40 53 51 23 82 99 86 2 48 19 44 87 42 52 59 25 89 24 78 13 28 36 91 70 5 56 81 80 58 41 37 98 68 71 33 18 16 11 20 4 34 75 26 14 
97 52 64 4 90 56 45 17 76 8 95 49 77 81 39 47 94 30 16 74 98 57 41 5 12 40 9 66 18 51 54 79 10 6 100 32 60 25 42 46 82 26 86 50 85 21 55 53 75 44 91 36 62 20 43 88 71 93 7 58 37 59 28 63 34 67 68 80 87 65 29 22 83 78 61 70 35 2 92 13 96 15 97 3 48 99 24 31 73 89 19 33 23 1 69 84 14 72 
97 73 91 2 15 65 48 31 47 36 61 54 86 27 37 51 46 25 72 78 59 66 82 75 80 14 24 45 3 57 43 85 23 79 9 81 42 5 87 94 93 33 40 11 19 98 20 89 21 97 55 60 34 69 68 88 6 76 92 96 56 53 12 52 17 35 16 74 95 22 70 8 99 39 26 50 90 64 38 67 29 10 32 13 1 100 41 28 62 83 7 4 18 49 30 84 77 71 
100 51 48 49 95 46 99 40 93 22 27 73 72 63 23 15 18 76 7 25 41 52 61 81 89 67 59 50 38 31 3 68 88 16 71 35 21 9 74 14 96 1 11 5 82 90 34 65 17 83 42 64 47 19 85 80 70 33 13 32 37 12 29 4 57 24 62 55 77 45 98 36 20 78 100 94 10 97 91 56 84 92 66 2 60 79 44 28 54 39 53 8 69 87 6 26 30 58 75 86 43 
99 37 6 62 87 56 48 92 64 84 39 75 8 79 61 97 5 11 89 83 47 67 40 85 74 12 50 20 51 63 45 42 41 2 34 72 36 60 90 57 82 19 26 13 78 10 17 1 49 7 9 98 24 18 35 3 71 77 95 58 14 4 55 31 91 21 44 68 99 80 86 81 23 100 65 73 25 93 76 52 22 59 38 43 15 29 33 94 54 88 53 69 27 96 70 30 28 66 46 16 
99 41 78 84 54 46 65 20 80 30 1 36 67 40 53 17 97 88 6 68 45 99 49 82 93 2 48 66 7 12 9 98 85 35 74 42 44 81 47 34 95 21 57 83 43 51 33 3 14 58 59 38 23 63 70 50 4 94 16 71 100 37 87 8 62 77 24 76 11 60 61 75 91 96 31 72 73 55 27 52 92 10 39 13 19 29 64 32 56 79 28 18 15 5 86 90 22 89 26 69 
97 41 80 74 55 3 85 63 79 100 70 26 30 90 92 44 39 15 82 25 38 28 67 22 34 88 83 68 19 5 89 9 93 4 14 64 10 94 11 56 71 91 59 75 24 51 54 61 29 27 13 35 87 45 53 33 32 46 49 62 1 42 43 23 21 2 7 18 99 58 16 37 47 97 76 20 36 98 31 78 77 52 65 48 17 81 95 12 6 66 50 8 40 60 72 96 86 57 
98 35 53 55 28 23 100 57 12 70 58 36 38 62 99 29 5 48 26 80 4 25 69 64 65 51 9 98 87 20 46 45 84 52 71 78 18 33 40 49 42 1 6 41 94 56 39 76 11 95 82 61 67 63 21 34 66 19 47 15 72 16 86 59 60 10 68 88 81 2 8 3 30 74 31 17 37 73 22 89 27 14 75 96 79 13 43 92 44 90 97 24 83 91 54 93 50 77 7 
97 41 74 71 84 77 90 42 2 49 30 58 64 10 94 9 4 73 27 23 36 12 69 5 21 25 11 75 48 55 89 79 47 24 53 66 67 95 80 88 100 44 50 98 87 83 33 52 70 35 40 54 37 60 65 86 85 14 76 31 96 93 39 91 56 26 18 99 20 46 82 28 16 38 7 17 59 45 3 78 1 57 51 29 97 19 15 92 43 6 62 8 32 13 81 68 72 63 
99 44 94 66 24 31 75 74 9 28 62 35 77 11 32 80 45 61 15 100 16 34 70 72 38 26 82 37 98 49 71 84 29 19 92 55 64 18 50 57 51 13 41 20 43 97 5 17 56 1 63 23 30 33 89 78 93 3 83 76 68 47 99 42 67 14 65 91 88 58 81 85 53 60 95 2 46 22 8 86 4 40 10 27 69 7 36 48 87 79 52 25 39 6 54 96 73 59 12 21 
99 44 90 67 82 58 36 17 30 77 40 27 11 66 70 61 69 57 88 53 45 43 3 80 79 87 34 25 41 63 7 60 68 24 48 21 54 91 12 35 23 4 75 28 18 99 19 86 10 9 29 94 26 97 92 89 73 98 59 13 76 14 65 38 96 100 46 81 8 51 49 22 2 6 74 50 78 20 84 1 62 42 55 64 71 31 47 72 33 5 32 37 52 85 15 93 95 83 56 39 
97 69 62 40 86 2 94 7 91 58 64 22 38 81 17 6 75 82 13 11 43 29 70 19 16 59 61 71 37 39 67 98 9 33 25 96 68 57 56 44 87 31 42 83 48 50 20 15 45 52 97 65 53 76 26 35 21 27 28 89 84 72 99 95 47 34 14 1 18 60 77 92 46 3 78 36 88 90 80 30 54 32 10 51 63 79 41 100 5 74 73 8 49 66 23 24 12 85 
100 62 29 42 5 100 12 32 99 69 47 2 45 26 19 11 10 63 55 64 59 91 1 41 87 96 37 82 30 73 34 31 16 93 50 52 21 65 24 94 7 40 88 84 57 35 66 36 98 70 78 95 44 54 14 3 61 8 39 71 79 58 18 4 56 43 13 76 20 6 9 48 92 80 68 85 46 22 77 83 53 17 23 38 74 90 27 28 72 81 75 89 33 15 49 25 60 67 97 86 51 
97 25 28 77 26 62 96 14 36 58 47 76 38 64 78 97 42 70 43 50 8 68 23 83 41 39 59 21 10 37 31 75 52 89 92 91 80 86 15 20 45 48 2 24 27 5 95 19 60 33 53 57 4 51 72 46 54 74 32 84 49 73 87 81 1 90 56 17 22 66 88 6 61 29 44 65 16 63 11 99 94 93 69 13 98 7 34 12 40 85 67 71 82 100 79 3 9 18 
97 41 2 68 20 4 66 98 55 30 8 25 11 72 40 61 76 42 95 92 79 31 1 90 32 93 22 37 52 43 59 83 10 82 44 33 87 65 80 5 97 3 6 74 23 56 86 73 36 14 71 16 26 24 21 19 51 84 78 70 60 89 99 62 88 9 69 39 58 35 64 47 46 29 96 18 48 17 54 15 50 45 7 27 28 34 94 13 57 12 38 81 53 77 63 75 100 91 
97 14 69 60 50 23 90 34 43 19 44 1 16 63 61 78 20 27 91 7 4 92 72 17 81 96 38 35 94 48 29 5 97 36 33 56 59 2 52 15 99 55 79 68 13 8 3 54 100 98 95 25 18 11 64 26 31 39 62 45 85 53 82 83 51 46 66 77 88 65 89 24 80 93 28 76 12 47 86 57 32 49 21 71 9 70 6 30 73 40 67 74 75 42 87 10 37 84 
97 23 86 81 61 27 15 80 1 30 91 69 67 78 63 4 3 70 8 77 53 90 88 71 98 10 92 9 33 54 95 25 31 7 48 21 68 62 52 44 13 82 6 20 40 39 50 17 100 64 83 45 42 59 84 66 96 60 26 74 76 2 57 55 99 79 97 14 41 29 37 89 12 58 24 65 47 73 94 51 11 35 18 36 32 46 85 38 16 34 72 22 28 43 5 49 19 56 
97 79 29 93 87 32 86 89 37 63 11 68 61 91 39 62 66 43 94 74 22 54 10 6 82 71 15 92 73 25 42 80 83 97 23 16 40 75 14 44 95 60 3 21 69 47 45 17 13 27 51 26 31 85 53 30 48 50 28 88 41 34 77 18 81 76 70 35 67 49 58 12 20 36 33 19 99 56 5 98 9 8 52 4 78 96 7 57 84 24 38 55 64 90 65 46 100 59 
100 92 42 96 64 93 23 3 53 32 22 35 85 86 30 9 74 100 71 6 13 77 73 58 82 16 31 55 27 54 62 44 95 45 80 26 69 17 50 76 24 87 4 40 72 37 33 79 70 5 52 20 61 68 63 19 59 25 36 29 67 88 90 8 11 7 66 46 94 49 51 12 81 34 97 98 14 78 10 18 84 91 1 56 60 48 38 41 28 89 39 65 99 43 47 83 2 75 21 15 57 
100 10 91 37 44 63 95 75 76 7 71 73 99 69 86 70 24 3 50 5 82 1 98 34 35 31 78 26 81 68 72 20 87 15 38 93 66 54 42 56 90 25 64 77 12 58 92 9 84 46 18 60 4 45 52 96 79 49 67 43 100 30 29 62 36 53 19 21 89 61 14 16 17 32 13 65 40 88 27 59 22 94 55 39 2 97 47 85 83 51 41 28 11 8 57 80 6 23 74 48 33 
97 42 27 9 59 20 77 30 57 92 29 12 60 87 63 73 6 17 7 34 23 62 53 80 15 51 61 74 18 72 79 48 33 88 93 91 70 43 55 46 99 39 11 45 96 40 4 89 58 32 36 95 1 98 81 78 65 25 71 24 38 86 76 8 50 68 5 49 13 10 26 100 37 66 84 19 16 3 44 69 75 83 90 41 64 2 82 56 14 21 52 35 31 85 47 97 94 22 
97 23 5 66 64 52 82 26 75 74 89 43 99 97 79 80 9 59 67 76 49 83 13 38 94 47 69 14 77 11 20 70 62 10 33 15 72 27 56 100 53 41 34 22 57 60 87 71 61 1 4 90 39 8 88 98 17 84 46 44 68 65 81 19 58 16 54 91 51 6 12 29 93 78 18 96 73 36 48 30 85 42 40 25 24 3 31 21 95 32 45 63 55 28 2 86 50 37 
97 59 64 70 75 37 73 1 16 96 3 12 66 78 13 46 57 19 52 60 21 99 7 47 58 40 44 48 2 98 56 95 67 63 45 62 28 91 89 14 82 17 38 15 29 61 9 18 84 10 39 88 22 74 35 87 43 79 53 34 25 92 90 71 26 94 4 69 76 65 11 20 54 33 49 27 83 23 50 8 36 85 31 81 30 93 77 51 80 24 86 32 41 68 42 6 72 5 
98 75 81 87 29 94 97 86 59 3 33 60 39 34 69 64 31 79 65 82 42 57 91 90 58 54 1 2 89 22 9 96 88 21 76 18 72 67 25 15 61 20 36 68 13 4 35 37 47 41 70 17 77 71 66 99 40 32 5 84 78 49 100 93 51 7 52 46 85 12 44 6 92 23 11 50 55 19 26 38 24 14 83 30 43 8 53 63 28 27 80 45 56 48 95 62 10 16 74 
100 12 87 30 13 34 96 2 76 79 38 22 94 25 44 59 35 81 49 23 33 73 56 70 41 86 67 5 90 84 99 6 69 85 71 68 82 63 31 89 4 20 77 1 50 29 88 60 21 54 92 19 11 32 16 7 64 58 43 47 10 9 98 14 55 40 51 91 97 72 62 100 95 80 53 46 83 61 17 26 65 15 36 3 42 52 48 78 74 8 27 39 37 57 75 66 24 93 18 28 45 
97 75 78 37 69 1 64 27 35 43 11 21 18 83 51 71 94 42 5 60 70 72 67 52 44 86 92 81 14 30 90 40 6 12 55 22 98 48 33 56 9 47 32 53 89 59 15 80 93 31 7 85 91 97 58 99 3 100 25 74 54 17 77 96 26 20 57 61 29 8 95 19 76 24 4 46 62 2 84 49 88 28 13 66 38 50 87 36 68 39 10 82 41 45 16 79 23 65 
100 16 37 89 67 40 7 20 29 32 84 15 8 23 91 93 6 47 13 19 60 51 34 82 18 74 21 86 95 88 50 14 61 12 59 41 48 96 1 97 38 76 56 85 100 28 79 98 66 52 25 71 39 90 78 31 46 26 5 35 53 11 57 62 9 17 70 73 22 65 64 44 63 33 42 2 55 83 75 68 87 94 24 54 72 4 43 30 69 3 80 58 45 49 99 92 81 36 10 77 27 
100 11 47 87 28 16 31 72 20 7 41 5 18 69 68 40 100 89 86 82 52 50 13 25 98 73 39 42 85 79 9 81 44 53 78 64 55 83 17 4 15 1 33 10 88 62 43 22 2 57 94 45 37 70 30 49 91 56 12 71 63 99 21 35 95 65 96 77 74 29 6 54 76 97 34 48 51 90 46 61 24 36 58 14 66 92 60 23 32 38 84 8 93 3 19 27 80 26 75 67 59 
97 91 15 1 68 67 16 50 90 37 54 98 74 47 79 24 99 66 95 13 25 85 14 7 70 87 89 100 48 92 86 17 96 46 18 40 39 45 88 2 38 31 82 73 56 4 8 5 57 71 26 3 28 63 76 84 59 69 34 64 29 55 30 58 62 78 42 21 32 61 52 60 75 10 35 93 81 41 23 20 94 33 12 44 97 83 65 43 19 6 77 36 49 11 72 9 53 51 
98 28 29 24 86 44 27 20 78 71 56 97 90 7 70 33 74 40 83 48 69 64 19 59 80 37 35 39 68 9 52 5 62 55 85 8 2 42 54 14 100 60 34 45 88 61 4 6 75 84 82 50 79 47 51 72 25 23 95 31 18 11 53 77 73 36 49 63 58 99 43 89 98 10 1 38 81 91 3 13 76 21 87 67 32 94 12 15 26 93 30 17 65 66 41 96 22 57 92 
100 21 96 18 83 12 95 49 81 2 68 73 58 3 93 65 25 5 59 97 56 66 50 13 89 9 88 43 16 46 85 32 70 74 87 29 27 53 61 39 23 24 79 57 67 69 94 42 75 64 30 80 48 4 82 84 35 8 10 76 86 47 31 51 78 71 14 22 20 11 77 41 28 38 40 54 52 72 99 98 91 90 44 63 1 45 55 17 92 34 33 26 37 6 36 100 7 15 19 60 62 
98 29 46 51 60 88 26 76 16 5 77 8 40 82 53 84 11 43 99 37 10 66 25 2 61 86 47 58 42 75 74 9 90 20 31 18 63 52 78 4 15 96 49 44 28 55 30 67 62 54 35 72 24 59 14 48 38 70 41 7 69 85 12 36 87 3 97 13 80 71 27 73 1 95 89 19 17 91 68 21 81 83 50 23 32 98 93 33 79 65 34 56 6 100 57 39 92 64 94 
100 95 59 50 84 24 99 32 5 12 58 29 71 30 22 66 92 47 20 41 10 60 44 31 93 45 36 38 76 74 100 35 33 78 68 49 83 57 18 25 7 15 19 89 13 55 6 70 64 53 80 81 27 56 63 82 26 48 88 52 73 9 8 11 42 67 21 72 54 51 34 85 87 98 62 75 69 86 91 28 46 61 94 37 79 4 39 96 2 23 16 14 43 40 90 65 1 77 17 97 3 
99 29 37 25 59 64 50 18 49 82 66 3 79 45 73 5 35 78 56 20 39 40 97 88 13 1 93 9 72 48 47 17 22 89 42 30 96 23 61 70 44 86 14 75 81 87 90 76 92 69 7 91 6 54 4 94 99 57 58 12 19 31 11 33 46 52 51 38 24 95 77 10 71 100 83 34 85 53 67 55 41 36 68 16 80 84 62 27 65 26 74 8 15 21 32 98 63 2 43 28 
99 73 46 36 78 97 29 59 15 51 1 100 26 49 9 89 41 44 37 77 17 48 39 50 76 13 2 4 71 45 12 56 8 27 14 72 19 79 32 42 20 95 38 5 82 18 58 81 93 99 54 24 83 62 22 33 94 98 52 96 55 84 43 63 6 47 11 91 66 67 30 85 3 10 75 70 53 65 7 87 35 61 23 88 28 74 68 80 21 69 16 64 25 31 40 34 86 57 60 92 
97 20 71 70 75 89 4 30 5 31 10 21 26 55 90 66 76 42 81 23 2 12 85 94 63 91 36 7 18 11 78 68 46 15 16 25 34 84 51 59 44 98 93 24 86 64 96 6 32 38 3 73 60 88 37 100 72 56 28 58 50 82 19 97 53 22 87 45 29 1 39 83 52 77 67 74 54 92 48 80 62 47 33 9 57 69 65 99 49 41 43 95 17 27 79 61 14 8 
97 13 76 98 92 40 82 30 27 67 96 8 20 17 4 78 55 65 77 39 52 62 51 83 47 99 15 37 94 86 10 33 16 50 75 89 64 21 68 90 49 5 57 25 97 46 12 91 71 19 3 31 28 56 79 36 43 70 23 6 45 66 24 42 93 60 95 81 72 63 85 74 34 11 69 38 53 100 44 73 87 1 26 61 59 58 35 14 88 18 80 7 48 84 29 32 9 54 
98 12 67 33 55 43 61 19 25 23 85 6 93 31 84 8 9 53 97 54 86 81 11 64 29 73 79 51 92 10 87 89 50 48 37 100 69 4 66 99 72 42 75 16 21 34 56 13 46 77 32 94 58 20 63 35 88 83 47 40 17 41 62 80 98 45 60 3 91 7 1 26 70 44 59 96 82 57 2 15 95 5 22 90 30 38 78 52 65 49 24 71 76 27 68 39 14 74 28 
100 91 90 70 36 7 26 24 74 68 13 47 83 60 79 67 81 6 42 35 72 19 77 46 34 29 75 20 93 5 9 64 61 50 11 66 86 63 99 12 88 95 96 59 15 85 51 48 30 55 82 17 69 52 92 8 21 28 31 2 41 32 87 98 38 14 44 89 45 39 4 43 37 10 94 62 58 16 100 23 65 54 1 76 78 40 22 71 56 27 49 33 53 84 73 57 80 25 3 97 18 
100 54 36 32 21 39 97 89 12 29 41 63 42 80 46 96 75 14 83 86 43 74 71 44 6 90 40 56 10 52 34 60 51 31 3 57 82 100 87 92 37 26 85 35 84 1 16 18 79 9 72 33 5 19 25 77 78 47 11 20 24 13 22 81 94 50 65 70 17 7 53 59 4 88 99 67 2 68 95 49 93 38 69 45 58 55 62 76 27 8 15 30 98 61 66 23 91 64 28 48 73 
98 70 61 93 40 88 22 53 24 20 11 42 92 39 3 25 100 16 45 10 67 57 13 28 64 44 9 6 59 69 51 32 12 21 54 83 19 85 97 72 71 18 48 74 78 15 87 36 4 81 94 31 33 75 5 82 17 49 35 63 46 38 41 99 77 50 2 65 34 8 68 1 37 62 43 66 60 89 84 73 79 58 7 47 56 96 26 90 55 27 80 29 23 86 98 52 30 91 14 
100 18 26 61 36 90 2 43 19 25 94 42 89 6 55 79 38 86 16 48 64 70 4 67 49 75 40 14 98 60 50 92 20 97 76 39 17 77 35 81 84 37 52 5 78 71 24 85 56 27 87 51 69 63 91 47 68 93 3 59 96 54 30 62 11 83 74 21 65 100 10 53 13 23 12 45 73 66 80 1 82 88 9 95 32 22 46 58 31 33 7 29 99 72 41 57 8 44 28 34 15 
98 62 2 100 19 20 83 9 38 70 94 96 61 84 91 6 15 95 16 54 30 50 51 63 52 58 7 29 59 85 68 47 60 44 66 28 10 27 78 57 92 90 18 40 69 56 17 23 41 73 24 33 89 13 75 98 49 22 65 34 79 32 21 11 14 48 67 93 4 87 8 5 71 42 35 99 1 46 77 39 97 43 76 81 3 88 31 82 26 72 36 25 86 55 45 74 64 53 80 
97 90 12 79 25 64 39 57 28 59 68 21 24 16 77 1 38 33 63 51 65 71 100 81 54 32 58 85 80 34 70 98 88 60 91 8 96 9 53 7 84 75 13 48 62 82 47 5 4 29 6 22 17 72 66 44 36 20 46 40 99 76 37 74 94 56 52 55 27 45 43 95 67 69 50 15 18 10 41 14 93 11 19 73 86 23 35 31 78 97 83 2 3 30 92 61 87 26 
98 39 61 50 86 60 48 5 65 16 41 33 81 69 88 71 68 94 27 53 83 77 13 38 44 59 64 22 12 4 46 20 56 95 85 36 24 11 99 6 87 100 84 57 55 7 2 73 30 72 93 37 96 47 91 26 80 10 25 90 18 32 74 19 82 63 40 92 8 75 28 14 1 78 31 43 79 9 51 17 42 66 52 21 49 23 62 34 45 58 89 98 3 76 35 70 54 67 97 
97 15 31 86 13 28 89 59 10 88 60 47 100 65 27 68 72 58 40 39 67 91 37 94 38 14 45 98 19 87 57 93 50 95 1 25 48 4 5 99 64 92 20 73 23 41 74 54 66 29 75 51 85 53 80 34 49 12 2 56 7 90 24 21 62 9 96 8 33 79 26 52 22 36 32 18 6 69 35 83 76 17 11 71 84 43 30 77 44 61 81 42 46 82 70 63 3 55 
97 55 51 44 72 5 17 21 19 81 36 91 8 25 79 3 39 63 13 68 47 29 34 6 80 24 65 64 73 57 100 40 58 69 61 1 78 56 16 2 14 66 71 41 28 22 23 92 37 11 70 87 53 12 27 96 95 26 48 10 52 76 50 77 98 82 15 46 89 45 43 33 74 54 75 93 84 83 42 4 85 62 31 35 7 32 90 59 94 18 88 9 60 38 30 20 97 49 
98 32 41 37 36 2 76 52 63 94 78 57 84 99 86 18 21 7 75 97 72 61 71 46 5 24 16 1 30 74 9 35 62 59 26 15 45 98 58 20 80 22 33 73 100 44 69 83 4 68 25 88 28 92 65 12 64 27 23 31 91 70 49 48 10 89 67 85 13 19 42 6 95 93 51 56 60 3 39 53 50 96 55 14 90 82 81 38 77 11 40 79 34 54 43 8 17 66 29 
99 4 75 95 1 9 38 17 23 58 100 92 29 35 57 6 80 82 76 13 34 53 42 66 71 84 77 19 25 21 69 5 60 93 20 10 91 88 87 39 43 78 98 74 36 45 72 81 62 86 67 40 26 89 11 83 52 8 48 41 44 12 64 37 31 27 63 47 22 73 24 18 51 54 94 33 65 46 50 56 3 55 85 16 97 61 28 79 90 59 14 7 32 99 96 70 30 15 49 68 
99 76 47 24 65 49 9 5 35 1 99 6 95 52 22 61 77 36 73 93 16 42 81 37 91 64 55 94 4 59 68 80 26 32 11 20 83 13 39 63 79 7 23 82 66 28 33 100 17 60 44 27 51 78 87 29 15 88 89 58 57 92 74 43 62 34 85 8 3 14 56 90 97 70 50 84 69 54 72 25 46 31 71 12 30 53 48 86 38 75 98 67 45 18 19 10 2 21 96 41 
97 70 48 10 33 78 13 20 14 67 12 68 61 76 79 80 65 62 63 46 99 64 41 34 51 90 7 25 29 72 4 3 37 58 66 26 24 96 53 88 6 97 19 38 74 36 49 71 32 30 44 22 85 82 31 81 57 95 17 15 83 54 35 16 100 11 56 28 47 39 77 75 73 8 86 43 23 93 59 69 92 45 89 9 91 55 1 60 42 52 40 27 5 2 94 84 21 98 
98 8 42 15 47 100 78 17 23 91 64 2 63 13 92 9 12 4 98 66 39 97 20 19 75 46 71 84 41 6 83 59 16 30 89 87 77 5 28 61 48 49 68 34 93 51 70 24 62 50 43 53 72 26 1 3 82 36 10 60 7 27 22 88 21 96 76 73 38 14 45 67 74 95 18 33 32 58 94 79 25 85 81 35 99 56 55 80 65 11 86 52 31 37 40 29 54 90 44 
99 84 70 62 33 42 7 28 2 85 20 25 18 93 58 59 12 1 68 6 55 86 83 37 74 45 3 44 17 16 88 51 10 87 54 15 48 81 97 95 30 76 21 41 36 38 47 91 92 46 35 98 89 57 39 4 77 26 9 56 99 63 52 80 82 40 60 19 78 43 24 50 71 22 67 34 65 100 75 53 73 11 14 27 49 5 94 64 90 61 23 72 13 31 96 29 79 8 32 69 
96 17 96 64 4 46 88 21 13 28 49 70 61 26 38 2 16 71 39 35 87 32 14 76 58 19 95 12 41 33 20 90 77 53 29 86 54 65 94 27 56 89 78 55 73 24 80 67 52 37 100 50 93 30 45 59 79 69 99 42 43 3 10 5 81 18 62 44 15 11 34 23 31 22 8 91 92 83 7 84 9 98 36 6 48 40 57 72 74 68 60 75 63 47 1 82 51 
99 55 92 91 87 9 57 95 25 37 89 10 76 62 4 93 67 97 46 44 68 80 71 32 30 16 98 40 82 24 69 84 56 12 5 86 60 96 61 48 94 18 6 7 73 3 64 49 26 79 88 2 21 11 63 22 13 100 53 1 52 59 14 72 99 8 38 39 17 50 42 90 35 85 31 58 27 77 75 34 65 28 23 43 41 83 66 15 81 36 54 33 51 70 20 47 19 45 78 74 
98 12 4 33 70 48 21 40 26 79 77 24 55 14 83 43 81 46 30 76 50 45 88 53 72 73 96 16 86 63 69 11 58 23 1 20 49 74 80 8 54 5 91 65 75 52 51 67 25 36 61 31 15 34 97 66 35 19 87 17 94 68 10 98 29 28 78 27 100 93 38 95 85 13 44 41 59 99 56 18 71 62 37 22 92 42 6 89 9 39 84 57 2 47 3 7 82 64 90 
99 64 68 11 96 98 32 81 56 25 24 14 43 28 22 83 59 94 100 76 26 27 7 35 52 50 63 8 37 60 39 15 31 13 12 17 75 40 90 46 42 6 9 33 34 87 91 4 77 10 30 51 61 3 38 86 41 58 95 69 89 48 84 45 99 97 73 20 92 93 82 62 16 65 85 2 49 71 88 78 74 18 29 55 54 67 70 1 5 23 36 79 44 57 21 80 47 53 66 72 
100 4 32 60 44 2 42 31 82 65 25 3 1 49 19 54 62 21 46 33 96 24 89 29 34 59 45 28 61 22 27 36 8 81 26 5 86 67 43 84 94 99 13 100 90 16 92 83 63 48 87 11 50 37 55 41 77 72 95 17 10 30 78 71 35 14 68 7 64 12 38 6 75 40 85 39 9 97 80 74 15 98 66 73 93 79 20 69 47 52 53 91 70 57 88 76 23 51 56 58 18 
98 14 79 100 97 63 27 85 38 2 6 57 67 93 49 43 65 90 25 54 81 89 62 39 46 18 78 92 24 48 4 64 11 19 77 17 35 60 83 26 37 7 72 68 3 23 33 28 20 69 53 75 55 8 87 76 50 47 1 30 73 15 94 31 82 41 98 12 86 13 10 21 52 9 95 80 42 58 66 74 16 91 29 45 71 59 34 36 44 40 99 61 96 32 22 56 88 84 51 
99 87 88 66 4 23 68 75 13 93 84 8 11 21 38 82 72 5 56 37 71 46 27 81 96 61 17 73 51 92 58 34 65 14 70 20 79 39 6 59 36 10 41 16 64 47 22 35 26 95 30 42 45 29 49 91 89 33 90 2 83 53 80 28 54 94 1 67 63 99 97 60 69 40 24 76 9 52 62 15 32 48 98 86 85 78 25 57 77 31 19 50 55 100 43 3 18 74 44 12 
99 8 15 52 74 16 14 86 75 29 23 33 70 50 96 39 61 56 66 95 71 69 63 7 59 48 51 25 88 67 31 94 60 20 36 2 80 77 13 41 4 99 68 64 55 47 90 44 89 79 21 98 42 30 72 26 93 45 83 73 19 37 97 92 38 10 81 27 91 3 12 58 65 84 24 82 49 76 43 57 53 6 100 1 5 28 9 54 78 35 17 87 18 85 11 62 32 34 40 46 
99 56 98 5 75 83 76 36 79 2 23 41 15 30 25 59 28 74 66 63 86 84 13 87 94 65 31 71 53 55 44 14 24 47 99 64 4 81 42 11 67 32 80 8 22 69 12 88 77 43 49 95 21 89 34 78 48 50 97 26 1 93 18 73 96 29 92 17 58 39 51 6 16 62 61 54 37 40 19 68 100 85 57 72 82 33 38 35 70 10 27 3 9 52 91 7 45 20 90 60 
96 100 67 61 14 45 55 63 53 13 91 2 20 19 78 44 81 82 3 97 80 58 12 92 65 88 69 35 5 30 40 23 29 94 43 95 51 48 99 71 62 39 93 41 73 1 27 25 86 66 83 18 70 16 28 96 85 64 31 9 32 84 15 8 37 38 90 49 7 60 72 54 52 76 11 24 56 59 34 74 89 26 46 57 6 79 4 22 87 33 77 42 68 17 98 75 10 
98 8 75 93 99 38 58 20 47 56 37 19 31 29 97 70 79 12 21 96 48 42 35 23 24 26 76 28 65 67 95 15 32 87 89 45 43 81 2 68 39 1 98 83 90 34 52 33 78 73 71 46 49 69 6 63 88 18 16 94 92 36 4 30 14 41 50 77 82 72 53 13 51 40 25 9 10 64 17 85 74 61 84 62 22 3 66 44 55 11 80 27 54 59 86 57 60 7 100 
99 39 65 80 96 13 47 70 92 71 97 4 61 57 86 36 78 7 91 5 18 82 76 63 90 2 100 25 50 77 54 64 31 24 30 67 53 75 28 35 74 14 46 48 73 19 42 60 20 89 98 59 58 16 11 51 62 27 6 44 9 94 68 43 83 23 55 22 95 1 88 41 85 21 38 32 49 87 37 52 56 8 99 10 66 33 17 72 3 26 34 12 29 69 15 45 79 40 93 81 
99 10 84 55 73 30 49 11 28 31 72 52 79 65 8 34 57 23 77 16 21 15 60 20 83 2 69 5 39 71 98 9 46 35 6 48 99 100 33 19 47 40 1 81 14 88 70 53 80 42 76 78 95 27 87 59 97 36 93 66 68 85 24 58 41 22 82 29 3 43 26 37 38 25 86 67 51 96 50 63 44 12 4 32 62 7 74 92 90 45 61 54 13 94 18 91 56 64 75 89 
99 26 13 42 19 44 68 2 46 97 59 5 65 20 62 30 72 58 22 38 77 69 24 29 33 35 94 34 25 80 81 32 51 64 57 15 8 54 83 7 56 10 82 6 55 52 91 16 74 49 92 79 3 98 60 36 73 87 4 78 89 45 47 95 70 71 31 14 100 96 1 23 76 37 61 17 66 11 84 85 18 28 75 50 12 9 40 88 63 48 27 99 39 53 90 41 43 86 67 21 
96 9 95 20 22 38 60 66 46 16 70 50 72 85 43 83 80 79 89 53 23 4 93 39 68 36 41 62 87 51 45 92 24 27 33 71 17 29 86 100 14 18 19 52 15 49 11 74 5 6 88 3 42 10 61 97 57 54 35 55 65 77 21 75 26 31 76 99 67 90 73 44 63 40 64 30 34 82 8 25 32 28 84 98 48 56 96 1 47 2 91 7 81 12 13 69 58 
100 51 36 91 100 47 16 70 99 37 63 48 52 80 98 46 32 5 89 96 12 35 6 78 50 68 71 61 24 27 42 77 7 1 55 21 62 44 79 64 41 15 43 26 81 28 25 34 23 8 3 86 9 29 45 73 74 83 56 92 94 40 65 54 19 20 93 90 14 69 49 67 30 60 2 87 95 17 88 39 13 84 31 11 4 10 53 97 66 38 72 18 22 58 85 59 57 76 33 75 82 
98 4 71 92 47 64 94 56 32 13 50 65 63 19 70 2 16 67 81 48 17 30 69 51 8 45 29 40 39 42 6 91 58 97 15 74 3 5 82 79 84 72 53 90 66 46 18 85 54 22 37 75 57 77 43 100 20 12 96 73 1 61 26 36 89 95 10 41 44 76 60 87 28 24 49 7 80 27 11 21 52 31 93 38 83 23 25 98 78 55 35 14 9 68 88 34 62 33 59 
99 39 94 98 92 69 61 6 23 26 1 16 11 62 90 85 40 18 24 89 82 31 65 46 2 73 97 43 8 93 59 21 88 54 35 14 87 63 78 9 20 72 49 68 48 36 80 15 5 22 99 33 55 60 13 79 74 83 17 32 96 81 57 4 45 19 66 76 84 10 12 100 41 47 91 86 25 95 28 67 50 75 34 44 29 37 53 71 64 3 7 38 70 58 52 56 30 51 77 27 
99 30 2 68 83 29 3 20 63 28 55 18 60 89 5 4 8 78 42 14 86 37 92 31 22 7 100 95 35 19 49 54 99 77 40 13 24 36 61 67 9 76 52 34 43 59 97 79 65 64 38 25 39 71 70 21 94 56 33 74 98 6 72 62 46 57 32 51 75 12 26 47 73 84 96 48 10 50 23 90 58 91 69 80 45 53 93 85 16 88 17 87 82 66 41 11 44 15 27 81 
100 10 1 97 38 86 79 69 81 91 87 7 98 100 5 24 3 84 75 53 34 37 17 2 64 26 50 90 95 68 55 27 4 18 33 59 62 40 6 73 96 71 20 35 65 15 92 99 80 89 11 48 44 8 13 29 32 82 83 58 88 41 70 23 72 43 19 49 42 63 66 14 39 61 67 94 60 22 12 46 47 57 28 77 74 9 45 16 36 31 93 85 30 54 56 51 78 25 21 76 52 
95 58 82 75 65 25 71 87 92 19 61 91 31 39 93 34 32 35 8 73 95 49 86 81 2 28 46 90 45 15 17 50 89 37 99 52 3 10 30 16 6 24 69 94 20 67 4 21 98 13 29 60 74 62 59 23 38 22 56 26 100 36 97 7 12 96 11 53 55 18 83 76 63 47 84 1 27 41 40 9 42 68 5 54 66 44 43 48 14 72 33 88 78 70 51 79 
99 23 59 98 53 55 16 54 10 56 43 86 72 25 87 83 57 11 74 51 64 12 40 35 100 14 61 77 31 28 78 3 5 66 20 32 82 99 79 76 65 37 34 48 27 6 97 52 96 69 39 4 36 68 90 33 91 63 80 93 94 42 70 88 38 67 47 84 75 41 24 49 58 13 46 62 95 19 21 85 18 22 9 29 71 8 81 30 26 89 2 45 1 73 44 15 60 50 7 92 
100 48 29 25 39 87 86 57 83 50 11 82 22 4 55 61 28 95 44 99 27 93 98 41 23 88 58 20 60 9 71 19 67 65 14 49 24 38 66 100 76 91 69 62 85 17 3 33 52 92 89 53 37 21 94 84 8 47 12 32 6 34 42 51 40 5 80 1 73 54 79 74 7 70 15 30 26 78 96 36 45 46 77 56 35 2 63 97 64 18 75 90 13 10 68 43 31 16 59 72 81 
98 10 8 100 4 36 19 6 46 48 32 86 61 30 21 68 15 44 97 56 80 79 64 98 9 45 55 74 7 93 24 3 29 31 41 42 22 23 49 57 83 11 50 87 66 43 88 18 59 77 5 28 53 40 99 47 62 34 27 14 89 84 51 76 13 20 39 81 16 71 72 73 82 58 92 38 60 35 85 90 96 33 69 17 94 78 25 95 12 1 65 26 91 67 63 2 52 70 75 
98 98 89 44 34 61 96 66 88 43 77 67 72 24 80 70 35 68 8 48 17 50 100 12 59 42 60 54 38 75 13 11 55 76 62 64 28 20 40 53 74 52 92 19 90 56 93 32 46 21 85 94 9 51 18 84 14 79 73 25 2 41 65 31 7 45 91 69 83 71 37 1 27 86 39 6 57 23 87 63 58 5 30 15 4 78 16 82 3 22 26 49 95 99 81 33 97 10 47 
97 100 60 71 90 52 19 21 48 54 36 67 15 22 97 69 58 29 38 72 59 7 44 80 92 83 5 93 43 85 78 88 63 81 27 41 2 9 14 17 16 68 65 37 31 66 56 86 12 84 10 8 76 26 98 20 89 39 75 30 18 99 23 74 64 42 1 55 46 51 3 47 32 11 96 62 61 79 57 73 6 28 49 45 24 35 95 34 94 91 13 70 33 4 25 82 53 87 
98 27 17 71 36 20 22 95 14 54 100 25 81 53 84 43 98 65 70 79 51 11 5 6 46 66 37 97 39 3 4 63 48 68 2 91 55 21 41 60 64 59 76 26 30 87 89 40 49 34 77 73 32 83 90 18 52 8 88 74 44 1 78 56 45 72 75 96 86 93 57 7 67 61 10 9 80 42 13 50 47 82 29 15 62 12 38 58 85 33 16 35 31 19 24 23 99 94 92 
98 51 52 19 95 4 6 7 1 45 43 80 56 99 39 58 81 90 57 87 15 31 8 33 98 92 25 60 11 67 41 53 91 69 83 72 46 88 54 2 96 37 78 73 35 28 20 14 16 62 74 59 17 85 55 89 5 38 86 68 82 32 79 42 84 23 22 30 97 66 77 70 100 47 13 18 48 36 10 64 65 27 24 3 26 76 50 71 44 61 9 21 12 63 34 75 94 49 29 
99 63 45 93 57 2 67 39 76 73 49 29 65 21 56 16 89 37 15 4 40 64 85 35 60 98 55 75 1 36 24 74 87 12 13 31 81 11 30 9 20 66 88 91 17 92 83 38 68 59 28 79 10 32 22 46 94 100 52 51 50 25 7 14 3 26 80 18 58 70 47 41 84 72 69 78 71 34 95 44 97 99 27 5 96 23 54 53 8 43 82 86 61 90 19 33 48 42 6 77 
100 10 93 48 42 86 31 89 90 81 76 20 43 55 51 82 19 22 3 61 39 65 38 75 67 92 21 29 2 66 83 36 91 70 14 69 95 56 6 80 53 52 26 68 16 100 41 97 57 1 35 74 44 23 98 64 85 72 84 47 11 60 62 99 63 8 40 79 7 27 45 9 49 18 34 4 54 24 58 30 78 25 12 32 15 17 94 33 37 13 88 50 71 5 46 96 73 77 59 87 28 
97 42 91 80 55 46 25 92 44 68 19 54 8 74 16 64 57 77 10 63 40 86 21 98 4 6 33 87 65 47 37 9 22 34 90 94 84 51 85 70 76 31 18 62 75 32 12 15 79 72 78 58 26 36 24 3 60 43 14 45 81 41 83 5 39 97 59 30 69 11 67 2 73 27 29 52 99 71 89 49 1 7 93 23 50 95 48 38 35 88 66 100 82 17 61 28 96 13 
100 67 26 59 24 65 81 52 39 35 75 73 30 12 23 7 40 13 51 19 20 86 18 80 34 85 98 89 68 82 3 5 31 33 60 44 76 54 36 1 27 91 22 66 29 69 28 15 38 77 2 99 63 88 9 17 79 74 70 25 58 4 6 8 57 61 94 71 42 87 56 53 45 90 43 41 62 21 48 46 64 95 50 55 96 47 97 72 83 37 93 32 78 16 92 10 11 49 14 84 100 
98 6 20 82 55 66 27 3 17 49 52 59 69 41 71 44 84 28 81 46 51 24 65 2 68 9 54 96 30 10 62 11 61 60 5 43 16 83 80 7 76 77 26 15 32 35 12 100 31 99 87 1 73 36 92 8 18 95 97 21 70 85 63 34 67 25 79 90 86 23 91 33 72 93 64 40 19 42 37 47 45 75 48 38 22 4 98 56 53 50 58 88 39 14 78 89 94 13 29 
96 6 90 72 5 96 55 47 75 33 19 26 22 16 59 7 41 88 38 4 20 83 81 49 30 27 35 23 34 89 94 78 8 64 74 98 92 29 91 71 9 11 67 40 56 76 43 54 14 87 61 82 12 85 3 66 24 86 18 53 45 44 65 2 37 39 57 69 50 63 25 21 48 51 95 42 100 46 93 68 13 10 79 58 99 28 52 80 73 60 17 97 31 36 1 77 15 
96 18 96 36 71 11 43 58 64 98 2 47 40 3 52 63 30 74 53 90 88 8 55 42 16 62 84 6 59 69 66 24 49 35 99 39 22 28 82 38 26 45 32 21 29 76 48 81 65 57 78 95 1 80 17 77 89 25 46 54 94 51 68 13 15 4 50 31 83 67 12 61 87 73 60 92 100 91 75 33 14 97 5 19 37 10 27 72 44 85 79 34 56 70 93 9 20 
98 71 28 74 38 35 98 51 78 39 56 96 45 6 69 5 99 63 48 95 87 24 8 62 14 25 11 23 42 90 43 1 53 50 27 100 76 75 94 36 67 73 40 4 61 72 15 65 60 10 22 17 7 59 18 3 37 29 20 16 33 52 49 88 26 44 89 70 86 77 46 57 83 97 12 47 54 92 9 82 19 80 68 34 84 66 41 64 32 30 31 13 93 85 58 79 55 2 81 
99 97 47 87 58 61 81 73 89 15 13 69 22 33 27 42 24 18 99 92 11 29 35 68 88 98 66 65 46 95 86 5 14 19 54 44 83 9 30 25 64 26 8 32 55 70 56 71 36 100 3 43 17 6 62 74 67 1 51 76 49 52 7 31 80 82 60 75 96 34 59 37 4 38 91 63 16 39 53 79 41 45 28 78 12 72 84 77 21 85 93 10 40 23 2 94 48 20 90 57 
97 24 6 15 58 2 49 73 95 13 54 71 38 92 53 93 48 32 81 87 66 22 34 52 19 27 36 96 43 3 99 67 37 85 14 98 17 25 88 35 74 20 83 77 16 42 79 31 5 39 56 21 94 70 55 18 59 78 82 29 57 69 76 65 41 8 12 61 60 45 62 9 11 72 26 68 97 51 84 44 86 50 100 63 46 40 80 90 91 33 28 89 10 1 75 4 47 64 
98 2 76 64 73 18 55 23 93 27 87 39 34 29 99 46 44 58 4 78 24 20 75 49 96 82 47 100 67 41 92 21 15 32 11 70 3 66 86 19 77 9 48 83 81 68 37 53 85 52 16 35 97 6 60 10 56 8 50 25 31 72 51 95 28 79 94 74 7 45 71 80 38 14 91 57 54 89 43 22 1 62 42 5 65 33 17 88 63 40 13 59 36 90 61 30 26 12 69 
97 34 86 71 59 78 57 44 50 45 30 82 51 58 80 19 75 97 72 27 53 48 25 28 88 14 11 84 66 47 3 36 60 77 46 40 32 92 17 18 87 24 81 94 10 61 90 29 16 22 41 73 91 54 69 12 100 70 63 1 74 2 37 68 96 76 79 55 42 6 98 20 21 95 35 39 15 4 52 67 56 38 13 99 65 31 5 23 83 89 9 26 49 7 93 43 8 62 
98 46 23 37 10 7 54 2 16 65 15 57 51 59 31 60 5 41 96 91 32 26 99 47 66 55 4 68 81 42 97 22 74 48 69 9 38 12 35 86 33 61 71 40 36 73 78 21 62 52 18 1 3 43 82 100 64 63 13 17 19 29 79 8 27 67 76 77 70 56 75 34 87 85 84 49 90 83 14 72 93 80 39 24 11 20 88 44 25 58 6 94 45 98 95 53 30 50 89 
99 73 19 33 63 27 86 58 91 49 65 44 76 57 83 51 96 74 28 54 43 84 41 46 48 21 53 66 95 15 8 55 98 40 93 3 38 78 47 42 67 50 99 79 75 52 85 89 1 45 29 31 61 2 97 87 32 69 88 68 71 9 59 34 17 24 80 60 13 100 39 11 56 90 81 5 25 36 6 64 92 30 23 10 14 70 20 26 37 72 94 35 82 7 12 4 62 22 77 18 
96 59 7 12 60 53 11 99 35 100 79 33 73 17 87 81 26 74 70 44 96 78 34 97 22 50 69 76 65 39 58 66 86 89 31 57 52 24 61 54 5 3 90 93 19 8 71 77 29 28 68 92 13 56 84 18 41 45 16 42 21 15 85 75 27 80 88 40 46 20 36 98 55 1 72 91 62 48 23 83 6 43 9 95 94 4 14 47 30 49 32 37 82 67 63 38 64 
98 68 88 84 5 61 29 60 72 54 97 37 22 8 98 4 39 71 93 79 9 75 34 69 45 19 78 57 95 41 51 20 14 87 77 43 6 49 21 63 10 85 30 48 7 2 3 16 23 26 50 52 74 94 55 32 25 82 70 91 44 17 100 99 73 89 65 96 28 1 62 59 81 35 92 24 18 58 46 13 27 83 36 67 11 33 38 53 90 42 56 31 66 64 47 15 40 86 76 
99 99 35 87 48 69 74 59 8 40 13 44 27 85 12 21 42 92 97 9 26 18 51 72 89 2 54 3 75 24 62 39 82 70 50 71 81 7 67 96 37 36 52 66 94 31 90 34 45 49 53 60 98 79 64 30 6 47 20 58 91 88 23 83 28 38 100 80 57 43 84 17 11 5 73 32 46 86 55 56 25 93 61 29 16 19 95 1 41 77 65 4 33 68 15 14 10 22 63 76 
99 51 74 53 39 29 42 78 63 52 75 11 81 20 50 64 9 36 47 58 79 4 56 21 66 7 13 44 40 14 98 5 37 72 99 18 68 6 45 100 73 67 12 10 46 76 61 25 41 91 38 59 24 62 22 55 97 23 35 69 30 43 77 60 71 15 16 88 70 19 49 33 17 82 87 95 92 85 86 27 32 8 57 48 84 65 90 2 3 93 80 31 1 28 89 26 83 54 94 34 
100 71 37 28 19 75 87 3 73 16 86 10 93 54 77 89 59 40 34 15 2 39 46 7 96 29 30 50 44 45 51 53 56 35 13 6 64 26 12 83 27 94 84 98 80 76 61 52 95 8 92 65 70 33 31 43 78 5 25 72 20 58 90 55 11 17 9 67 41 36 60 48 62 88 21 69 18 49 47 79 38 66 85 14 91 99 1 24 68 42 4 74 22 57 32 82 97 100 81 23 63 
97 53 99 35 34 38 15 6 60 73 67 5 84 45 66 3 39 19 76 14 54 30 56 49 90 41 89 16 71 100 24 64 10 44 28 93 4 85 55 95 18 82 21 91 47 17 78 88 48 58 25 68 98 2 72 50 36 97 46 43 61 12 62 59 27 1 69 23 51 33 57 75 70 13 29 96 65 31 11 9 22 86 32 42 40 52 83 79 20 37 94 80 7 81 77 87 8 74 
98 87 91 38 34 76 27 57 21 82 58 25 43 95 69 54 83 94 23 84 45 59 35 49 79 72 41 6 85 33 88 56 97 11 70 100 37 5 22 36 16 14 26 75 61 8 2 80 10 81 7 31 73 15 17 62 50 74 12 42 44 52 98 9 65 78 71 32 28 89 1 92 90 63 60 66 53 4 86 93 3 68 24 48 20 67 40 46 13 39 19 55 77 47 51 96 64 18 30 
100 57 95 5 45 47 31 7 36 96 38 55 39 13 29 22 69 82 20 17 59 67 71 3 53 9 77 21 64 56 50 66 68 87 98 54 97 41 83 11 80 89 12 19 49 46 16 33 6 15 51 23 14 60 58 62 94 44 8 85 4 18 70 30 61 25 91 40 48 26 24 42 1 81 99 65 75 88 78 28 84 10 52 79 90 86 35 74 76 73 100 63 93 72 2 34 32 43 37 92 27 
99 72 1 57 24 18 67 91 43 28 50 90 13 7 84 95 82 41 47 22 58 38 15 10 44 29 36 20 59 89 4 63 60 31 2 96 74 42 12 53 14 99 56 66 30 39 86 23 92 83 85 40 17 94 79 70 75 62 21 34 8 93 52 51 76 54 19 98 71 46 3 55 6 27 35 78 97 81 61 26 87 64 32 100 65 37 11 68 49 77 80 33 5 88 25 9 73 45 16 69 
97 75 47 16 3 44 60 74 86 46 11 70 98 52 45 39 19 7 66 56 27 68 71 57 65 21 54 58 35 8 12 24 62 90 4 42 53 1 95 84 13 67 88 80 40 96 31 32 61 72 77 94 29 55 37 87 50 73 9 10 85 99 51 36 28 91 25 18 48 89 20 92 79 23 78 14 100 64 38 6 83 5 34 15 59 41 63 81 49 93 69 33 76 97 43 22 17 82 
96 96 20 51 34 76 31 36 49 82 87 13 22 12 25 89 91 33 18 79 40 83 68 30 70 77 97 10 7 8 27 63 99 61 92 84 73 28 93 59 85 38 57 48 4 44 14 52 60 98 5 58 53 47 80 75 67 42 3 100 86 23 11 1 55 81 26 65 6 43 62 37 35 66 64 45 17 50 19 39 16 90 95 46 24 21 71 54 72 56 41 78 29 74 15 88 94 
95 46 76 90 77 87 82 25 7 83 94 34 36 47 84 80 98 55 48 26 13 73 92 19 89 57 27 28 68 30 17 63 65 39 32 9 50 52 97 31 35 22 29 81 93 24 4 16 43 38 64 41 85 59 33 11 1 75 61 70 66 51 72 12 14 88 99 8 6 44 23 37 67 42 5 79 69 10 96 15 18 40 58 21 95 53 2 78 74 91 20 56 49 86 100 54 
99 48 22 71 69 11 36 83 80 25 12 20 78 38 79 41 43 26 51 66 52 5 46 14 76 2 7 44 68 67 63 93 64 34 29 31 9 49 45 8 24 54 98 37 15 65 16 32 28 17 72 39 1 35 47 81 3 58 61 94 95 56 92 62 59 19 82 60 89 21 33 99 13 73 50 86 6 87 70 88 53 74 75 90 96 18 100 97 23 10 77 85 57 42 27 4 55 84 91 40 
98 35 13 66 73 65 64 22 89 83 72 16 41 21 12 24 6 87 90 80 49 86 50 4 27 15 34 68 36 60 11 78 10 20 70 47 7 14 94 61 19 76 46 97 71 55 43 2 45 54 30 1 48 51 56 85 88 38 69 99 82 63 96 29 67 37 93 62 57 77 3 42 79 52 23 84 31 8 9 81 98 17 95 28 58 74 53 32 5 40 59 25 18 91 92 39 33 44 75 
98 93 84 60 36 20 87 27 76 35 49 72 43 86 45 97 22 79 66 28 65 73 13 18 68 37 70 71 41 89 23 56 62 46 38 95 6 53 98 25 50 24 4 9 2 52 16 44 78 40 29 59 85 74 88 61 39 34 96 15 11 32 55 48 80 92 77 10 30 5 82 7 100 17 94 1 8 19 90 58 57 12 14 99 83 81 3 33 21 63 69 54 91 26 31 42 75 67 47 
99 95 7 30 36 5 88 94 48 38 83 43 3 54 18 69 39 40 28 24 84 44 89 75 74 58 72 9 63 92 21 8 10 62 82 86 34 12 47 53 78 49 25 27 70 29 80 60 81 79 2 16 56 42 1 65 41 22 52 100 45 23 59 14 91 76 73 99 33 20 4 15 57 61 90 31 77 13 46 66 32 64 71 55 96 93 11 85 19 17 87 51 6 97 68 50 98 26 37 67 
99 19 30 48 89 21 97 90 16 83 31 85 69 40 1 45 79 52 86 34 100 51 91 38 66 72 96 37 5 68 27 20 23 55 88 75 74 93 62 18 60 47 59 78 33 17 9 25 42 50 94 84 28 35 44 7 63 54 70 10 56 71 13 99 39 57 65 67 49 53 76 2 6 3 14 61 77 92 98 12 22 36 11 29 26 58 43 4 46 73 87 64 24 15 81 95 80 32 8 41 
98 26 77 91 85 7 13 28 59 33 72 23 6 97 1 36 29 44 42 27 80 49 19 45 98 94 17 14 89 46 63 90 65 30 24 3 86 32 78 41 84 96 15 60 55 18 62 66 51 53 25 99 31 61 37 95 70 100 47 5 9 67 88 82 74 35 56 43 87 20 40 73 11 48 8 93 79 50 34 81 68 76 69 39 4 12 38 16 64 52 54 58 71 2 21 75 83 92 22 
98 24 9 7 86 53 57 17 27 13 38 81 60 25 3 98 6 16 83 49 76 21 84 62 34 87 68 59 88 18 69 26 32 45 37 35 28 5 46 44 90 75 93 72 96 80 14 2 67 77 97 54 82 74 41 52 47 100 71 79 66 89 4 10 56 11 64 31 61 65 51 29 36 99 85 91 58 8 94 55 78 22 40 50 20 12 23 48 19 95 73 42 70 63 39 30 92 15 33 
98 16 15 72 90 88 54 42 59 85 92 99 52 35 57 39 2 49 82 94 41 83 96 86 3 55 26 17 93 6 70 23 40 75 9 28 58 43 91 61 44 21 79 22 29 69 4 25 37 77 89 98 97 31 47 50 45 81 64 53 8 76 10 33 87 66 34 27 30 60 1 18 73 38 78 95 65 20 68 67 71 56 14 84 63 24 36 62 32 46 11 100 48 5 7 13 80 12 19 
99 100 85 90 71 27 62 54 28 49 43 20 61 29 12 45 50 84 25 30 75 24 7 60 41 15 81 77 35 99 76 79 72 68 83 33 42 23 64 73 26 55 4 17 8 5 32 88 21 66 95 11 82 98 40 31 87 69 3 57 44 56 86 47 22 2 97 74 1 80 67 13 39 51 6 19 53 58 91 10 52 14 96 9 48 59 70 16 63 89 65 36 34 92 46 18 37 94 78 93 
99 93 32 34 73 59 91 3 97 61 48 56 38 39 62 51 19 17 42 45 63 92 29 23 20 41 87 49 35 78 7 60 90 96 66 36 43 21 46 14 77 69 64 15 70 11 74 89 57 4 18 79 6 76 65 27 52 22 31 85 1 58 10 33 80 13 53 16 55 81 94 2 8 40 98 9 50 37 30 82 84 5 44 54 68 26 24 71 83 88 47 12 95 75 99 86 67 100 72 28 
100 60 66 52 50 25 42 64 58 53 75 98 84 99 18 37 100 77 39 38 63 27 96 55 36 8 69 9 40 23 43 48 34 47 94 45 24 33 74 71 35 6 87 62 46 21 4 17 15 82 20 16 93 91 31 1 22 26 57 29 61 14 76 95 79 86 30 80 70 3 78 56 41 90 11 85 49 32 68 97 12 88 28 73 10 59 13 65 81 19 44 7 51 92 72 54 2 83 67 5 89 
96 26 10 35 25 83 51 89 80 93 71 84 23 87 88 61 76 8 30 92 12 24 82 46 40 72 97 19 99 47 79 96 64 31 28 70 59 18 43 22 11 27 13 37 38 9 58 65 77 56 48 50 16 68 91 62 21 7 90 14 39 2 36 3 73 67 100 57 17 54 78 49 41 1 34 32 60 55 4 53 98 44 15 81 74 45 52 86 6 5 85 94 29 66 33 75 20 
100 86 17 16 50 70 42 9 45 47 31 40 62 67 21 23 52 74 96 81 91 8 53 36 18 5 10 100 99 79 35 82 54 51 57 87 88 61 95 84 46 43 66 1 48 49 68 41 98 44 15 60 71 38 69 30 63 58 75 59 97 7 72 93 39 76 25 24 32 92 14 85 33 27 28 34 19 11 37 64 2 80 90 56 26 78 20 6 89 55 12 22 3 83 77 65 73 13 4 94 29 
98 68 18 35 77 17 58 83 25 19 47 6 20 67 56 89 36 75 80 81 27 15 53 45 29 39 38 12 40 9 34 87 98 7 28 95 96 44 5 63 10 62 23 76 85 84 57 42 64 82 99 66 59 71 79 11 22 94 70 86 97 1 61 21 50 4 69 60 24 49 72 30 37 2 90 32 74 3 46 92 51 41 52 88 73 13 16 31 26 93 33 91 48 54 14 65 43 78 8 
99 98 56 52 89 32 54 50 6 60 38 90 22 75 99 19 35 65 61 69 72 71 25 82 80 4 36 88 95 48 43 15 66 44 39 63 34 77 33 5 9 59 3 40 96 79 14 62 68 11 84 67 49 85 76 92 37 10 18 23 51 2 100 45 20 1 42 87 8 7 31 57 55 17 29 94 58 41 53 74 27 30 70 13 81 26 91 83 21 64 86 46 93 28 24 47 78 97 16 73 
99 5 15 70 86 4 55 65 96 14 18 56 98 100 99 88 29 32 23 94 43 28 48 46 33 68 44 57 82 51 7 91 84 85 39 42 1 21 83 26 71 6 20 3 79 59 90 69 77 16 67 52 22 17 53 92 87 50 9 11 41 76 12 63 58 81 60 89 2 30 54 38 47 27 37 80 8 49 78 45 74 95 97 62 61 73 19 75 40 93 64 72 36 10 31 34 25 66 13 35 
97 89 85 41 67 48 46 54 81 100 1 19 51 78 10 65 23 97 74 72 16 96 76 12 71 99 91 59 56 83 37 90 31 92 94 11 42 80 2 4 52 14 25 98 75 22 45 87 36 35 40 43 17 57 49 58 20 60 18 5 61 13 32 27 79 93 50 68 34 26 64 53 62 55 7 70 24 28 63 82 33 47 3 30 84 8 95 86 15 77 29 39 88 69 9 21 73 38 
96 71 20 84 21 9 1 68 65 52 19 29 16 70 38 76 15 85 83 26 34 60 95 28 54 69 2 50 32 97 8 39 44 57 17 13 82 91 30 89 80 6 63 22 62 42 79 78 40 14 35 86 75 64 45 98 43 48 96 47 27 4 24 81 5 93 23 61 67 10 90 87 88 51 94 100 77 73 53 18 7 12 99 49 33 58 3 25 11 46 36 66 56 37 31 59 92 
100 20 43 85 2 28 1 27 7 63 67 11 36 65 79 94 31 6 75 32 60 87 92 3 77 5 53 91 33 93 8 16 55 52 24 21 86 59 10 81 39 82 12 61 42 37 90 35 84 100 48 66 68 70 47 73 14 62 80 74 78 64 19 72 51 41 54 97 23 69 49 13 56 50 34 17 25 98 18 83 9 22 99 57 29 40 71 38 30 44 46 58 45 26 89 4 96 15 95 76 88 
99 40 85 88 14 11 24 26 45 10 53 87 41 66 68 23 92 71 28 76 16 60 69 95 22 79 17 57 100 72 48 37 47 25 96 61 1 83 98 75 80 38 62 93 21 63 44 35 51 3 7 36 8 18 86 84 56 77 82 39 49 42 32 73 91 59 30 67 31 33 81 46 12 34 20 27 90 97 70 74 9 6 54 29 64 89 19 52 58 50 15 4 78 13 55 2 43 5 94 99 
99 88 29 62 99 72 36 76 57 48 75 64 33 18 3 35 26 1 78 77 56 6 17 55 79 46 91 96 7 52 9 42 5 30 31 80 41 87 39 95 97 11 43 59 45 8 61 68 98 60 24 94 53 83 37 92 93 27 22 44 14 32 69 12 81 38 28 10 74 82 71 49 21 86 65 58 23 67 40 19 15 20 84 54 13 4 25 85 34 2 51 66 50 47 70 100 16 90 73 63 
94 68 89 16 93 51 82 52 65 60 99 53 94 86 13 62 2 17 69 40 20 75 9 34 19 76 3 14 74 18 7 90 32 66 59 26 95 8 42 45 64 44 22 35 31 30 87 39 12 57 79 85 80 97 56 33 78 11 92 5 4 25 73 83 29 47 98 81 43 23 71 84 58 72 27 15 61 54 91 96 37 6 70 41 77 28 100 36 50 67 21 10 63 88 55 
99 97 79 4 73 44 75 10 39 90 63 78 8 11 98 20 96 34 56 29 71 89 69 5 21 85 55 19 24 36 52 54 38 14 53 42 86 92 1 43 7 68 47 46 23 60 31 88 91 50 76 62 9 67 64 82 58 37 30 87 65 80 15 84 12 81 6 95 70 35 22 51 2 61 77 18 16 3 40 25 27 93 49 33 66 59 28 32 83 26 100 48 99 45 17 57 13 74 72 41 
98 41 89 43 67 27 44 61 2 70 33 14 52 13 6 1 65 91 40 8 93 51 83 64 97 39 57 72 94 16 38 36 96 90 28 88 69 5 37 17 62 45 100 15 9 68 85 21 76 54 81 53 22 30 78 59 29 87 92 82 74 18 34 3 50 12 55 11 26 23 98 46 71 56 25 84 66 75 99 4 24 10 32 79 48 47 86 31 7 42 35 20 80 95 58 60 77 63 73 
98 35 5 58 84 34 21 95 14 54 60 49 97 39 94 78 30 91 37 82 53 8 50 51 38 43 75 83 41 70 42 11 47 15 99 26 31 9 33 96 62 48 63 46 65 76 17 85 92 28 64 68 90 1 72 73 36 74 13 67 81 10 22 80 66 3 12 79 69 57 100 56 29 40 25 88 7 86 45 23 87 27 93 98 55 89 4 18 61 24 52 20 2 6 71 16 44 59 32 
99 67 34 78 63 68 84 58 69 31 52 51 33 16 40 81 94 35 6 62 42 3 48 99 25 20 15 65 24 76 87 23 85 82 83 1 61 75 28 59 47 14 86 7 36 73 56 9 2 18 26 80 70 27 21 53 54 22 79 95 91 89 43 71 13 49 19 10 38 64 98 77 92 30 39 66 57 88 5 90 29 8 55 50 72 60 11 96 37 45 32 17 12 4 46 93 44 74 100 97 
98 9 22 84 40 29 74 10 28 68 86 77 45 60 96 14 62 93 18 21 80 19 51 47 81 5 35 26 32 78 46 54 82 56 31 34 58 71 99 38 97 4 53 27 91 79 23 64 92 100 52 95 85 83 48 7 1 89 36 3 50 37 90 11 41 44 55 15 75 6 65 98 12 57 16 25 42 87 20 2 66 76 30 63 33 13 24 8 61 59 88 67 94 49 73 43 69 70 72 
100 24 28 70 31 93 53 8 73 25 77 16 81 1 44 3 7 95 65 90 99 78 10 87 33 19 49 71 17 35 97 59 67 5 41 74 92 12 85 4 84 29 46 75 100 50 96 18 52 61 37 38 55 30 76 22 62 56 15 91 23 82 94 48 69 26 83 43 98 72 68 32 20 6 63 51 58 36 66 13 54 11 86 2 21 40 47 9 60 79 27 39 64 14 88 42 80 57 45 34 89 
98 62 37 39 25 32 31 8 93 70 24 98 1 26 10 88 84 43 7 15 58 69 61 92 57 27 38 34 99 23 90 60 35 29 22 89 56 67 72 36 54 40 63 78 17 30 47 86 20 52 4 18 51 96 19 73 87 9 71 48 85 77 6 74 12 13 59 79 41 44 45 46 75 42 80 94 49 21 65 76 33 91 64 66 16 11 100 28 82 68 2 83 97 3 95 53 50 81 14 
97 87 53 82 1 79 22 51 4 19 18 39 81 20 27 38 45 7 91 96 48 67 43 85 28 84 47 9 83 50 10 2 93 72 90 44 14 92 58 88 29 52 3 68 76 94 21 33 70 6 15 59 54 49 86 78 95 25 32 12 75 60 41 71 61 42 65 62 98 73 69 64 31 24 36 46 80 97 35 66 55 100 74 16 26 5 30 17 40 11 77 13 89 57 8 37 99 23 
98 22 48 4 90 84 51 89 57 80 54 17 31 12 78 60 68 81 82 35 43 42 5 32 30 83 63 24 70 8 100 47 97 7 64 3 19 77 93 52 15 73 65 79 99 28 41 49 46 76 34 69 20 14 26 40 55 38 62 98 59 86 66 27 56 18 25 74 75 96 39 72 11 91 92 21 6 37 1 33 45 87 50 88 23 58 94 67 71 16 53 85 44 2 29 13 9 61 36 
97 57 44 22 29 39 100 63 72 7 17 67 56 36 58 41 2 20 60 14 84 40 66 54 83 3 11 51 27 82 90 8 88 87 76 21 12 55 46 93 37 89 23 34 15 25 48 49 9 24 26 32 62 42 38 5 43 80 1 64 92 78 31 86 95 85 91 61 73 19 70 18 97 71 45 98 77 75 28 81 59 13 68 33 69 94 10 16 35 79 52 74 4 50 6 30 47 53 
99 4 24 28 51 79 96 90 77 87 19 55 49 29 7 97 80 50 10 30 1 63 53 6 65 75 88 64 68 86 76 16 9 22 2 42 15 54 71 33 95 17 81 72 93 44 26 82 85 73 36 45 39 83 92 35 98 20 52 41 66 43 34 47 91 11 58 27 59 61 100 31 13 5 57 37 8 78 99 32 56 18 46 48 62 12 23 21 60 25 84 89 38 69 94 74 67 14 40 70 
99 27 56 75 35 41 7 4 67 14 69 97 15 31 73 33 84 80 64 100 38 61 24 98 34 72 17 53 82 70 11 55 42 50 13 85 57 45 39 95 29 58 93 63 19 10 96 60 9 25 76 54 36 87 37 23 68 28 21 91 94 86 66 59 30 49 77 52 16 32 51 89 12 18 20 8 74 78 2 65 5 26 40 48 47 1 83 90 88 22 79 43 44 46 71 6 99 62 81 3 
98 94 8 35 4 6 77 78 7 88 12 27 47 64 100 57 60 26 5 52 98 10 9 44 74 42 19 56 62 66 41 93 76 17 71 63 95 48 31 14 39 90 29 70 15 82 72 55 91 85 43 87 23 50 59 25 36 49 65 1 20 75 61 37 79 68 92 13 97 51 2 54 28 33 11 86 53 34 30 24 18 99 84 73 80 38 69 46 16 3 32 89 21 81 96 22 40 67 45 
98 90 21 65 80 16 61 69 20 10 40 8 46 83 6 38 53 86 28 70 17 72 75 71 34 13 76 30 26 91 78 41 15 50 57 18 77 7 39 89 95 49 64 29 59 87 43 45 47 44 85 63 96 99 24 62 52 4 55 94 37 9 68 79 74 11 3 31 81 100 98 1 92 54 19 22 97 23 66 32 56 33 58 51 93 25 82 88 73 35 27 60 84 67 14 36 2 5 42 
97 97 91 36 78 77 15 40 50 17 56 46 33 94 19 61 72 92 25 75 35 30 79 74 59 68 2 89 6 69 13 10 54 82 55 52 43 5 66 53 8 12 58 95 85 45 41 98 38 81 80 42 9 88 27 71 11 37 24 96 7 83 64 73 99 48 29 84 44 65 49 34 3 86 57 23 63 32 1 21 87 100 51 76 18 60 62 28 47 14 22 26 93 4 67 20 31 90 
98 15 81 100 8 93 70 38 56 73 55 68 3 43 36 33 12 64 2 53 76 40 17 45 63 88 97 96 26 28 75 13 94 9 92 21 42 82 10 67 72 18 31 35 74 14 54 66 83 59 51 41 61 16 69 27 44 7 4 84 47 90 6 85 11 49 86 30 39 71 89 22 25 79 78 77 50 87 20 48 29 99 1 5 80 32 98 52 91 24 95 57 58 62 37 23 19 46 34 
100 86 40 27 5 10 65 90 87 69 95 71 28 6 58 74 81 76 42 51 41 31 100 46 45 1 12 9 83 4 85 64 75 44 2 20 67 88 66 3 60 32 8 61 52 97 22 96 26 23 39 89 17 7 91 43 48 19 16 78 99 82 68 24 18 29 77 56 72 59 30 15 34 37 73 36 47 84 14 80 33 25 54 49 11 38 93 55 70 94 13 98 63 62 35 21 53 57 50 79 92 
99 77 15 59 50 82 23 19 71 44 70 31 29 42 16 95 84 26 65 34 73 85 17 8 76 1 69 12 36 27 61 90 68 97 62 56 22 100 43 99 33 48 52 20 3 64 45 78 66 86 38 25 46 51 18 32 87 83 96 9 28 35 7 93 4 5 47 10 58 63 80 94 37 2 14 41 98 75 88 11 6 72 67 30 54 91 13 40 57 92 55 81 74 49 39 60 24 79 21 53 
98 58 100 76 96 3 90 29 28 46 67 42 54 6 24 2 63 82 53 33 72 84 98 97 14 93 77 83 38 40 62 5 73 17 41 47 37 32 30 60 26 95 13 91 65 85 43 87 31 55 39 59 69 79 4 94 74 1 61 8 52 11 70 12 10 27 44 92 22 7 78 45 48 49 89 71 80 75 68 21 57 50 51 66 16 64 86 18 35 19 9 99 56 81 34 15 88 25 20 
98 29 13 59 45 57 47 6 67 62 78 79 97 63 84 33 64 56 17 76 98 32 53 52 21 65 50 24 43 11 41 99 91 70 44 19 20 77 31 9 69 8 14 16 49 12 42 18 90 75 2 34 22 86 23 39 4 28 60 58 36 68 10 72 5 26 15 61 48 30 73 83 51 37 74 54 27 1 38 80 92 3 85 96 82 35 7 89 46 66 95 40 100 93 88 55 87 81 25 
98 41 22 14 34 96 93 76 66 1 2 86 50 42 79 98 26 23 55 61 17 91 25 92 73 82 33 27 9 21 12 74 67 6 97 57 43 36 83 48 62 70 75 95 46 64 58 28 8 49 15 68 18 44 51 20 84 3 87 52 77 10 71 38 88 89 90 65 29 99 4 60 94 40 59 24 31 47 81 78 80 69 16 7 32 35 19 45 37 13 53 54 30 11 63 5 100 56 85 
98 92 21 74 86 66 27 60 62 22 48 53 100 29 65 89 52 16 97 32 25 38 93 19 33 69 50 4 43 11 75 45 68 79 7 23 49 99 34 67 72 76 31 15 54 55 90 14 98 91 1 81 10 85 2 78 3 77 35 5 83 39 28 12 56 8 30 73 24 64 9 80 57 47 17 13 61 20 58 42 88 36 6 18 82 40 26 87 84 44 59 71 41 51 37 63 96 70 94 
99 3 56 68 26 6 90 50 94 81 34 92 79 64 49 5 91 57 32 61 2 48 1 46 7 10 22 77 29 74 47 59 13 75 99 93 18 27 84 33 21 23 37 4 28 69 16 41 83 31 17 72 39 8 44 60 38 67 11 36 86 82 98 78 30 66 20 42 12 89 88 51 65 14 85 58 52 45 53 15 100 70 97 73 43 25 19 54 80 87 55 24 95 35 76 62 40 96 9 63 
