37
20
43
8
46
0
105
0
16
12
75
10
185
77
0
13
9
45
0
11
0
11
36
21
38
45
35
37
0
23
24
38
2
77
41
18
0
19
25
53
54
29
50
20
14
5
15
45
29
33
47
10
44
0
22
36
0
25
9
37
37
19
7
0
0
161
42
5
125
29
29
1
0
62
7
22
22
192
8
29
5
130
34
92
0
1
76
45
25
11
19
5
39
110
17
5
0
41
16
83
67
54
34
125
26
54
0
25
28
88
13
72
0
43
36
77
18
114
1
0
10
26
14
112
69
2
26
19
10
15
6
0
7
8
38
25
14
6
0
24
50
0
1
23
0
39
8
10
3
78
19
21
132
9
13
74
20
53
19
0
0
42
0
77
29
58
49
3
11
105
0
62
56
11
18
6
27
12
9
24
6
47
25
53
7
4
17
4
61
40
52
0
86
33
104
9
102
44
104
41
22
19
6
0
69
75
0
7
53
7
0
0
0
27
19
21
0
41
173
152
11
8
70
22
12
14
15
47
33
30
4
52
5
0
12
38
36
98
3
47
30
29
14
1
6
7
0
32
1
24
15
12
33
55
0
109
22
119
6
65
19
75
18
55
82
111
25
10
0
4
52
13
0
7
15
61
41
38
32
14
32
2
27
43
2
56
6
79
44
2
67
110
10
88
98
21
22
29
80
150
11
23
0
6
100
23
70
3
19
30
0
8
0
115
12
54
40
65
4
0
7
25
40
46
25
10
2
27
15
20
21
6
17
86
26
1
26
23
0
6
10
4
14
54
0
10
0
0
39
66
18
29
48
4
0
26
5
78
32
71
86
53
44
7
80
0
3
9
28
7
158
29
143
61
0
39
57
6
21
0
0
34
27
0
78
22
49
11
99
28
10
8
10
73
6
135
36
7
100
0
