44
95
301
227
101
94
70
0
445
83
72
289
5
265
329
297
74
282
65
19
68
75
142
32
335
36
3
28
167
95
895
168
226
487
55
107
57
32
136
181
83
236
286
198
1180
270
0
39
367
433
117
16
73
24
226
69
25
22
9
0
429
53
45
0
0
242
145
2
19
127
265
201
170
357
400
584
317
316
24
292
980
746
447
110
173
62
64
42
232
329
220
255
133
257
132
3
156
148
277
6
62
176
494
49
100
169
17
93
87
110
336
3
29
0
516
39
2
364
230
258
100
26
719
20
38
310
329
346
542
848
31
40
97
387
113
709
54
53
45
361
274
121
52
106
395
71
559
697
210
758
172
198
110
192
339
535
498
125
14
222
236
229
243
0
1014
383
108
348
284
348
81
58
642
55
278
514
0
470
483
576
494
332
290
906
22
78
97
146
221
83
36
408
30
300
126
1230
644
54
146
182
5
0
1128
93
211
8
21
384
549
438
135
61
103
27
33
228
561
537
116
0
8
648
93
52
26
24
3
689
119
304
378
650
0
5
53
279
12
55
7
11
293
335
12
123
310
5
170
8
161
466
233
288
602
115
0
195
41
0
39
283
108
149
131
1088
18
65
238
312
225
387
117
125
0
84
816
591
353
26
435
112
97
479
24
0
252
99
293
40
94
51
725
69
231
68
0
128
39
354
110
27
172
54
41
17
118
346
103
290
396
65
209
419
224
382
173
5
223
208
378
16
60
236
120
104
130
20
439
354
74
0
0
42
205
179
76
48
212
49
88
152
260
336
107
72
227
270
335
102
17
63
29
226
1
385
300
98
365
142
307
171
100
188
11
80
7
28
30
125
214
34
131
146
247
38
5
249
15
344
287
156
92
0
172
0
0
392
21
96
3
56
91
425
19
98
166
34
545
172
249
376
49
365
334
3
224
296
82
230
0
0
183
154
202
28
236
609
198
240
43
594
25
9
351
186
144
29
43
90
0
148
463
160
10
51
9
15
127
193
54
889
316
36
0
167
519
381
21
0
28
45
190
25
144
330
119
185
146
205
463
98
76
18
271
115
29
277
347
242
20
88
329
278
636
127
27
251
53
115
119
586
709
286
148
120
124
343
12
56
239
78
85
280
182
762
87
123
46
119
343
225
19
0
211
0
0
104
175
278
21
167
738
352
0
258
75
35
468
18
486
546
53
545
166
249
305
0
198
98
283
23
41
109
0
211
104
35
29
0
174
567
20
349
256
251
153
72
160
259
33
41
471
2
95
456
445
81
166
229
339
0
512
0
23
54
5
163
52
177
7
199
5
36
241
26
1122
213
52
66
110
135
166
259
316
303
150
91
132
112
46
25
530
258
78
605
260
85
31
106
236
797
159
402
135
145
387
195
618
113
502
193
153
63
2
418
0
177
149
0
0
242
385
248
148
114
32
21
198
15
88
724
48
200
208
100
16
44
263
272
123
99
108
100
17
710
11
132
124
24
144
9
53
16
155
15
159
30
0
454
44
405
129
0
0
126
109
26
141
318
112
394
289
234
20
296
195
265
18
61
258
187
0
153
76
94
198
119
878
377
83
712
349
33
188
0
103
5
460
6
123
42
0
35
35
213
322
345
0
766
85
380
121
328
0
176
99
72
46
133
29
247
168
147
47
428
67
216
23
204
135
73
485
418
293
26
10
386
0
103
0
411
320
113
109
12
410
52
1012
0
678
103
200
0
7
0
54
172
143
398
204
123
26
207
38
41
71
89
269
173
527
236
48
235
0
623
429
772
190
23
519
37
99
48
42
176
75
2
61
28
74
510
47
144
948
13
68
739
189
92
102
167
259
91
6
109
103
113
495
237
18
89
45
72
414
222
370
45
356
54
4
79
37
92
0
332
8
399
261
44
46
47
151
437
0
187
70
816
124
124
892
131
10
87
941
22
358
699
36
49
160
396
753
683
26
77
566
240
358
209
30
96
74
262
153
178
678
0
191
50
47
14
161
78
115
102
10
510
68
110
56
273
748
998
27
240
297
60
404
235
166
148
34
88
0
171
0
152
308
152
32
2
544
49
2
499
14
399
361
44
143
360
1
243
148
152
300
146
224
4
338
127
77
195
4
23
281
22
127
97
104
0
1147
143
161
102
328
41
314
253
0
11
34
302
0
33
632
224
80
337
243
23
78
244
9
33
550
134
544
266
50
13
206
5
259
409
32
39
94
201
289
102
74
13
406
24
4
93
205
450
29
78
104
14
585
470
423
119
0
101
531
86
120
207
0
0
67
93
244
0
121
99
72
118
462
8
760
434
47
51
201
428
398
141
991
276
0
59
15
171
208
73
39
148
244
156
314
484
61
216
17
296
40
75
179
105
181
129
112
96
78
150
722
87
82
13
339
176
241
67
163
117
1522
108
0
75
190
344
218
49
0
208
73
642
30
206
206
481
147
25
33
94
393
186
316
217
299
246
505
103
271
148
253
431
45
240
287
9
52
151
26
41
55
236
77
366
460
142
159
73
91
347
78
353
0
203
626
75
159
4
113
123
304
712
160
89
496
157
224
308
217
81
164
122
30
61
411
0
163
44
464
12
498
12
87
462
502
216
275
51
187
460
42
10
0
0
705
0
522
43
374
369
670
166
325
166
428
93
104
89
109
103
54
2
196
155
20
46
17
103
149
98
174
76
274
88
95
43
30
498
286
118
220
47
186
181
492
276
42
28
60
16
236
691
144
377
257
62
0
333
242
414
19
160
181
1217
424
215
392
105
26
123
108
63
370
396
16
43
39
200
56
109
63
121
80
12
419
27
157
616
425
77
32
136
30
131
17
141
157
54
203
197
402
132
144
100
180
206
139
497
91
215
499
298
393
268
974
602
172
53
212
51
172
358
101
31
102
451
119
359
20
209
650
2
21
232
137
13
138
265
722
550
298
79
307
43
271
1028
3
181
0
612
111
25
18
225
66
30
98
357
90
660
262
240
730
192
471
355
894
474
149
812
11
115
133
1
167
0
106
46
3
79
0
320
407
0
0
107
725
150
160
169
1
220
195
0
65
0
78
776
0
110
66
140
19
186
6
1
171
85
314
23
89
16
17
377
220
160
51
48
42
369
45
315
438
441
114
61
82
251
496
59
64
419
181
0
192
129
273
173
123
305
82
41
255
104
70
212
134
88
81
689
0
143
114
207
291
76
23
105
127
346
6
185
6
0
0
115
1077
46
65
408
301
756
143
281
174
36
98
297
22
180
36
155
170
0
11
147
197
94
44
0
454
0
37
204
187
89
42
63
346
205
832
289
232
397
281
348
262
330
91
78
18
348
422
74
180
9
114
16
601
59
359
111
52
19
460
469
9
131
171
32
184
174
67
31
163
228
250
201
192
1290
302
2
403
64
20
16
94
87
707
252
209
64
363
385
27
211
112
163
323
480
136
203
313
103
11
43
35
367
46
823
213
46
26
301
0
745
13
123
553
151
137
1
314
868
99
57
55
196
183
150
91
79
215
0
512
567
95
26
6
100
193
115
18
773
7
330
63
0
5
441
29
55
141
26
454
48
198
193
90
218
294
53
25
13
146
258
88
1274
32
111
268
1
136
0
306
384
219
230
389
309
182
38
63
662
226
181
13
451
81
202
228
53
23
310
100
0
550
18
21
1
94
1
92
275
35
234
409
2
0
136
57
116
1
36
171
165
205
237
138
768
35
502
139
159
142
192
152
172
137
3
27
150
259
1
0
151
397
293
74
626
194
3
300
436
296
16
243
109
0
52
197
80
256
299
0
443
311
149
340
218
0
25
427
88
106
62
136
45
0
50
573
373
61
116
289
52
783
355
397
164
74
205
444
39
73
76
106
37
233
78
12
90
406
68
120
199
12
31
35
56
144
200
28
18
71
0
141
520
97
142
254
178
0
480
2
255
94
28
53
22
297
656
7
83
0
291
71
244
308
275
313
46
0
0
7
52
0
64
333
56
732
122
218
31
95
9
87
938
426
469
25
747
797
0
64
397
119
51
21
692
249
146
11
126
81
0
381
111
413
11
456
412
345
27
150
209
169
80
217
0
77
143
431
105
220
268
274
239
128
7
396
821
236
312
64
93
64
148
0
504
166
1018
294
63
149
85
77
0
179
53
19
165
1
18
330
77
121
142
404
78
46
0
45
152
156
586
81
152
304
7
20
115
36
77
337
360
243
26
31
67
157
27
84
420
68
159
78
275
25
159
16
532
197
44
17
0
76
88
38
73
138
766
399
74
272
13
11
163
842
5
70
109
109
968
145
316
86
0
50
93
407
443
119
226
837
211
33
541
64
639
226
377
282
242
63
23
76
129
672
115
226
529
239
53
0
0
169
210
175
6
278
0
134
13
292
13
0
2
152
166
29
239
15
207
183
139
187
243
1
289
320
412
138
279
94
11
171
377
466
61
1
619
14
84
42
27
0
0
144
57
575
18
178
16
764
595
0
185
25
3
70
655
41
2
219
37
505
702
585
0
67
67
7
563
498
120
49
119
205
432
128
278
135
0
439
710
219
365
536
37
0
17
478
0
58
28
10
68
679
37
11
10
25
22
191
76
60
175
29
49
467
34
10
89
153
23
195
120
125
24
35
217
43
165
37
171
16
0
111
29
187
42
40
75
315
102
16
194
122
60
144
475
484
152
47
162
172
109
2
209
6
428
348
197
22
29
171
200
198
177
126
33
5
165
150
96
375
57
29
0
5
0
47
88
241
72
0
62
0
113
158
240
21
232
0
0
64
105
80
6
141
103
9
122
50
22
277
6
68
320
175
108
80
45
452
35
70
150
304
206
0
71
35
297
14
89
129
77
26
370
457
94
136
21
1
0
282
209
90
10
258
87
98
31
337
38
0
0
214
132
35
50
70
196
37
256
15
12
136
58
7
67
49
407
60
116
21
31
110
407
302
131
157
36
18
2
44
326
502
0
73
5
40
191
123
130
93
20
68
12
15
197
47
28
6
35
314
43
76
189
378
44
97
47
0
171
95
156
158
161
95
0
82
41
121
25
109
45
84
25
156
221
3
72
0
33
164
105
122
189
208
18
52
13
113
21
14
104
79
135
259
28
712
124
269
65
40
36
25
283
10
150
120
105
78
32
327
10
77
126
1
108
277
350
132
0
30
0
96
357
131
159
0
73
55
90
61
241
210
89
76
8
63
52
374
272
314
354
88
4
32
71
244
286
81
18
3
191
0
33
102
425
67
194
136
18
7
32
422
10
0
102
59
35
165
261
81
34
81
8
384
68
137
415
102
11
0
238
38
187
169
9
159
27
15
146
64
65
983
11
108
217
46
52
20
225
16
0
487
90
30
19
34
0
66
90
305
434
152
201
239
111
85
341
18
109
32
79
121
300
92
76
385
166
42
18
118
152
0
85
105
0
38
93
65
11
83
43
101
239
83
234
194
83
120
665
41
218
19
13
10
30
159
3
305
0
72
410
313
21
63
34
116
29
1
58
0
469
52
0
92
0
3
144
17
222
761
32
1623
157
189
175
108
156
45
336
17
93
8
111
280
0
135
229
6
45
693
0
157
155
54
172
2
202
43
46
204
142
313
37
0
294
1
158
37
368
226
35
187
0
214
1
279
47
31
291
651
46
257
84
12
310
0
50
342
315
69
157
244
23
537
2
85
97
83
232
407
107
495
272
62
226
105
21
4
8
86
203
123
128
27
92
72
35
327
214
150
143
244
172
23
64
4
331
94
208
12
249
2
159
166
333
57
1
6
73
245
78
38
11
75
29
41
112
259
199
8
1103
92
12
237
34
0
132
37
6
1
247
68
1398
210
70
87
0
66
0
19
113
130
40
10
129
104
29
254
320
176
25
5
145
378
155
286
147
10
53
110
0
50
312
55
21
170
89
211
136
483
70
155
225
19
15
117
58
0
88
115
332
125
59
79
182
13
1
217
436
146
127
309
0
145
72
30
110
18
215
69
319
20
554
72
90
160
67
210
82
71
144
62
276
83
82
9
3
133
126
124
162
53
42
50
110
141
5
23
173
229
95
523
107
4
131
148
825
75
331
44
38
65
347
5
25
25
211
6
494
142
0
2
120
162
0
54
105
359
2
69
5
116
125
24
1
35
58
43
32
1
306
130
47
19
438
288
198
122
242
353
137
279
22
61
67
60
16
257
61
121
440
43
30
322
326
74
181
273
146
129
40
220
214
0
0
12
49
176
59
361
20
0
89
120
290
133
114
1
306
16
74
204
136
4
54
10
39
201
81
0
22
3
45
95
25
60
203
187
49
36
107
6
34
199
110
122
53
15
80
0
75
180
82
33
474
164
282
68
72
300
1008
218
49
67
16
29
88
0
150
304
126
154
62
57
13
0
102
66
0
120
141
456
12
0
101
37
76
183
110
63
69
206
73
411
52
0
299
208
35
54
24
138
69
155
395
110
141
163
80
101
0
218
143
608
1
232
99
112
31
39
76
1403
351
0
136
92
137
251
243
84
49
114
104
182
222
22
227
78
63
0
0
311
53
0
9
70
258
0
42
379
41
93
7
4
90
59
21
6
627
140
53
14
0
0
53
1
140
384
37
10
56
38
152
95
497
31
99
60
292
71
174
71
370
180
700
17
191
113
505
0
294
333
243
269
44
316
64
233
28
33
64
4
0
2
32
84
97
322
178
19
0
70
53
78
0
51
231
0
28
1
51
57
0
285
32
27
173
242
11
18
308
252
45
117
23
112
20
104
32
113
92
216
151
39
13
50
137
110
131
31
292
36
13
264
501
13
219
171
14
47
384
8
32
109
139
118
55
321
67
174
39
91
399
143
104
325
0
8
193
65
79
94
142
142
0
305
53
28
19
195
306
226
0
43
106
212
663
241
446
7
19
1
96
92
216
35
17
13
82
40
214
3
208
245
209
25
0
122
331
38
356
106
167
87
50
39
32
233
0
62
33
465
157
127
117
140
83
489
107
109
158
55
0
3
63
228
453
451
113
209
203
88
5
14
292
76
141
28
13
59
230
93
38
151
184
91
316
502
267
17
79
297
110
760
144
0
62
666
49
41
5
47
29
28
40
0
20
20
165
72
7
357
312
0
23
398
209
314
161
15
0
272
5
47
93
331
83
78
5
120
35
8
53
193
1
0
217
169
1
82
56
209
37
7
129
0
116
41
73
454
201
78
68
150
26
181
24
55
3
162
601
142
169
96
40
6
342
95
86
117
22
74
36
61
199
102
164
440
4
0
143
18
159
121
97
21
0
88
57
167
8
50
47
61
342
56
109
54
175
401
208
522
47
0
78
73
26
50
73
37
200
144
94
372
90
129
239
121
0
431
178
126
20
228
103
93
131
51
27
117
172
82
132
107
101
63
626
138
158
45
0
93
255
291
108
65
280
49
58
3
137
9
117
9
24
315
83
46
0
226
104
36
46
203
14
156
96
257
60
538
95
0
31
71
157
554
185
6
17
109
81
269
163
32
94
23
117
105
4
7
90
61
161
15
241
127
8
157
93
153
194
6
88
466
96
7
7
72
236
168
0
65
108
212
376
579
362
0
5
33
78
236
142
29
165
48
171
408
73
253
165
30
34
49
210
10
72
126
45
34
20
11
28
23
323
35
187
6
227
72
413
45
157
6
15
311
15
163
122
43
386
144
108
71
401
134
0
0
39
326
131
264
41
308
121
105
0
13
22
9
317
0
51
8
100
147
222
425
23
45
339
371
91
344
121
207
51
257
76
200
31
29
0
33
133
256
57
29
40
0
38
15
102
26
98
296
0
172
176
44
110
54
314
0
92
0
345
97
149
4
25
42
154
56
4
809
146
12
61
17
64
151
0
47
71
19
84
73
5
27
69
144
61
1
238
308
150
7
26
35
26
154
192
33
189
103
29
66
8
63
214
146
83
17
31
52
91
44
56
20
85
32
36
468
193
149
12
29
51
0
202
163
53
178
91
35
304
18
79
249
5
144
37
524
198
166
322
68
810
37
104
259
218
56
124
54
493
382
19
202
101
75
50
100
13
89
38
30
24
185
98
24
28
29
83
0
51
170
189
84
348
99
203
27
123
94
195
35
138
167
13
125
2
145
561
65
114
0
56
188
166
172
10
58
26
66
45
131
160
24
203
49
96
47
117
121
106
280
80
272
86
62
171
138
61
246
447
65
231
353
252
403
121
38
7
91
300
2
148
48
55
65
65
53
18
53
178
409
62
0
141
124
271
32
117
6
24
70
224
171
37
145
106
309
214
164
198
80
59
69
8
113
136
375
46
148
92
0
47
162
62
0
295
243
105
21
17
210
481
147
54
322
560
16
196
65
54
52
5
186
442
42
139
374
51
0
299
186
109
0
73
452
36
152
24
25
140
69
45
31
29
0
15
104
182
8
50
157
160
56
437
210
357
47
134
40
0
0
237
13
114
211
192
4
85
62
0
157
35
334
12
390
94
101
120
5
81
186
115
211
357
26
209
219
248
256
64
174
16
190
201
14
76
142
136
196
146
15
309
104
130
33
348
245
64
3
1
0
252
138
585
44
154
2
99
244
308
0
127
203
7
635
29
208
34
473
297
0
72
46
149
57
139
27
183
90
80
24
94
101
11
161
117
77
64
127
153
62
349
33
33
21
8
124
30
177
212
334
220
97
295
5
118
135
144
139
241
181
44
40
7
525
241
167
26
72
468
66
364
376
4
631
396
206
162
196
9
33
608
139
186
238
0
63
64
0
2
40
142
263
35
248
171
110
129
94
104
252
4
0
18
444
53
99
260
264
236
77
20
61
315
3
134
469
571
0
2
10
40
123
337
102
140
182
188
40
48
167
67
213
51
0
109
36
16
38
308
261
223
267
20
165
238
198
199
0
3
100
12
169
399
82
23
14
149
286
117
63
133
117
489
18
16
77
119
72
13
222
121
257
59
526
200
60
16
3
162
18
270
26
0
117
32
109
182
71
192
127
77
49
168
159
25
15
267
56
282
90
23
22
0
7
378
37
32
74
143
62
179
291
243
47
20
4
9
136
152
81
130
212
132
15
2
105
100
163
0
0
99
196
0
297
32
100
85
55
91
14
352
93
44
262
41
201
262
140
29
112
43
58
97
11
0
