100 100
100 1 2 3 4 5 6 7 8 9 10 11 12 13 14 15 16 17 18 19 20 21 22 23 24 25 26 27 28 29 30 31 32 33 34 35 36 37 38 39 40 41 42 43 44 45 46 47 48 49 50 51 52 53 54 55 56 57 58 59 60 61 62 63 64 65 66 67 68 69 70 71 72 73 74 75 76 77 78 79 80 81 82 83 84 85 86 87 88 89 90 91 92 93 94 95 96 97 98 99 100 
100 1 2 3 4 5 6 7 8 9 10 11 12 13 14 15 16 17 18 19 20 21 22 23 24 25 26 27 28 29 30 31 32 33 34 35 36 37 38 39 40 41 42 43 44 45 46 47 48 49 50 51 52 53 54 55 56 57 58 59 60 61 62 63 64 65 66 67 68 69 70 71 72 73 74 75 76 77 78 79 80 81 82 83 84 85 86 87 88 89 90 91 92 93 94 95 96 97 98 99 100 
100 1 2 3 4 5 6 7 8 9 10 11 12 13 14 15 16 17 18 19 20 21 22 23 24 25 26 27 28 29 30 31 32 33 34 35 36 37 38 39 40 41 42 43 44 45 46 47 48 49 50 51 52 53 54 55 56 57 58 59 60 61 62 63 64 65 66 67 68 69 70 71 72 73 74 75 76 77 78 79 80 81 82 83 84 85 86 87 88 89 90 91 92 93 94 95 96 97 98 99 100 
100 1 2 3 4 5 6 7 8 9 10 11 12 13 14 15 16 17 18 19 20 21 22 23 24 25 26 27 28 29 30 31 32 33 34 35 36 37 38 39 40 41 42 43 44 45 46 47 48 49 50 51 52 53 54 55 56 57 58 59 60 61 62 63 64 65 66 67 68 69 70 71 72 73 74 75 76 77 78 79 80 81 82 83 84 85 86 87 88 89 90 91 92 93 94 95 96 97 98 99 100 
100 1 2 3 4 5 6 7 8 9 10 11 12 13 14 15 16 17 18 19 20 21 22 23 24 25 26 27 28 29 30 31 32 33 34 35 36 37 38 39 40 41 42 43 44 45 46 47 48 49 50 51 52 53 54 55 56 57 58 59 60 61 62 63 64 65 66 67 68 69 70 71 72 73 74 75 76 77 78 79 80 81 82 83 84 85 86 87 88 89 90 91 92 93 94 95 96 97 98 99 100 
100 1 2 3 4 5 6 7 8 9 10 11 12 13 14 15 16 17 18 19 20 21 22 23 24 25 26 27 28 29 30 31 32 33 34 35 36 37 38 39 40 41 42 43 44 45 46 47 48 49 50 51 52 53 54 55 56 57 58 59 60 61 62 63 64 65 66 67 68 69 70 71 72 73 74 75 76 77 78 79 80 81 82 83 84 85 86 87 88 89 90 91 92 93 94 95 96 97 98 99 100 
100 1 2 3 4 5 6 7 8 9 10 11 12 13 14 15 16 17 18 19 20 21 22 23 24 25 26 27 28 29 30 31 32 33 34 35 36 37 38 39 40 41 42 43 44 45 46 47 48 49 50 51 52 53 54 55 56 57 58 59 60 61 62 63 64 65 66 67 68 69 70 71 72 73 74 75 76 77 78 79 80 81 82 83 84 85 86 87 88 89 90 91 92 93 94 95 96 97 98 99 100 
100 1 2 3 4 5 6 7 8 9 10 11 12 13 14 15 16 17 18 19 20 21 22 23 24 25 26 27 28 29 30 31 32 33 34 35 36 37 38 39 40 41 42 43 44 45 46 47 48 49 50 51 52 53 54 55 56 57 58 59 60 61 62 63 64 65 66 67 68 69 70 71 72 73 74 75 76 77 78 79 80 81 82 83 84 85 86 87 88 89 90 91 92 93 94 95 96 97 98 99 100 
100 1 2 3 4 5 6 7 8 9 10 11 12 13 14 15 16 17 18 19 20 21 22 23 24 25 26 27 28 29 30 31 32 33 34 35 36 37 38 39 40 41 42 43 44 45 46 47 48 49 50 51 52 53 54 55 56 57 58 59 60 61 62 63 64 65 66 67 68 69 70 71 72 73 74 75 76 77 78 79 80 81 82 83 84 85 86 87 88 89 90 91 92 93 94 95 96 97 98 99 100 
100 1 2 3 4 5 6 7 8 9 10 11 12 13 14 15 16 17 18 19 20 21 22 23 24 25 26 27 28 29 30 31 32 33 34 35 36 37 38 39 40 41 42 43 44 45 46 47 48 49 50 51 52 53 54 55 56 57 58 59 60 61 62 63 64 65 66 67 68 69 70 71 72 73 74 75 76 77 78 79 80 81 82 83 84 85 86 87 88 89 90 91 92 93 94 95 96 97 98 99 100 
100 1 2 3 4 5 6 7 8 9 10 11 12 13 14 15 16 17 18 19 20 21 22 23 24 25 26 27 28 29 30 31 32 33 34 35 36 37 38 39 40 41 42 43 44 45 46 47 48 49 50 51 52 53 54 55 56 57 58 59 60 61 62 63 64 65 66 67 68 69 70 71 72 73 74 75 76 77 78 79 80 81 82 83 84 85 86 87 88 89 90 91 92 93 94 95 96 97 98 99 100 
100 1 2 3 4 5 6 7 8 9 10 11 12 13 14 15 16 17 18 19 20 21 22 23 24 25 26 27 28 29 30 31 32 33 34 35 36 37 38 39 40 41 42 43 44 45 46 47 48 49 50 51 52 53 54 55 56 57 58 59 60 61 62 63 64 65 66 67 68 69 70 71 72 73 74 75 76 77 78 79 80 81 82 83 84 85 86 87 88 89 90 91 92 93 94 95 96 97 98 99 100 
100 1 2 3 4 5 6 7 8 9 10 11 12 13 14 15 16 17 18 19 20 21 22 23 24 25 26 27 28 29 30 31 32 33 34 35 36 37 38 39 40 41 42 43 44 45 46 47 48 49 50 51 52 53 54 55 56 57 58 59 60 61 62 63 64 65 66 67 68 69 70 71 72 73 74 75 76 77 78 79 80 81 82 83 84 85 86 87 88 89 90 91 92 93 94 95 96 97 98 99 100 
100 1 2 3 4 5 6 7 8 9 10 11 12 13 14 15 16 17 18 19 20 21 22 23 24 25 26 27 28 29 30 31 32 33 34 35 36 37 38 39 40 41 42 43 44 45 46 47 48 49 50 51 52 53 54 55 56 57 58 59 60 61 62 63 64 65 66 67 68 69 70 71 72 73 74 75 76 77 78 79 80 81 82 83 84 85 86 87 88 89 90 91 92 93 94 95 96 97 98 99 100 
100 1 2 3 4 5 6 7 8 9 10 11 12 13 14 15 16 17 18 19 20 21 22 23 24 25 26 27 28 29 30 31 32 33 34 35 36 37 38 39 40 41 42 43 44 45 46 47 48 49 50 51 52 53 54 55 56 57 58 59 60 61 62 63 64 65 66 67 68 69 70 71 72 73 74 75 76 77 78 79 80 81 82 83 84 85 86 87 88 89 90 91 92 93 94 95 96 97 98 99 100 
100 1 2 3 4 5 6 7 8 9 10 11 12 13 14 15 16 17 18 19 20 21 22 23 24 25 26 27 28 29 30 31 32 33 34 35 36 37 38 39 40 41 42 43 44 45 46 47 48 49 50 51 52 53 54 55 56 57 58 59 60 61 62 63 64 65 66 67 68 69 70 71 72 73 74 75 76 77 78 79 80 81 82 83 84 85 86 87 88 89 90 91 92 93 94 95 96 97 98 99 100 
100 1 2 3 4 5 6 7 8 9 10 11 12 13 14 15 16 17 18 19 20 21 22 23 24 25 26 27 28 29 30 31 32 33 34 35 36 37 38 39 40 41 42 43 44 45 46 47 48 49 50 51 52 53 54 55 56 57 58 59 60 61 62 63 64 65 66 67 68 69 70 71 72 73 74 75 76 77 78 79 80 81 82 83 84 85 86 87 88 89 90 91 92 93 94 95 96 97 98 99 100 
100 1 2 3 4 5 6 7 8 9 10 11 12 13 14 15 16 17 18 19 20 21 22 23 24 25 26 27 28 29 30 31 32 33 34 35 36 37 38 39 40 41 42 43 44 45 46 47 48 49 50 51 52 53 54 55 56 57 58 59 60 61 62 63 64 65 66 67 68 69 70 71 72 73 74 75 76 77 78 79 80 81 82 83 84 85 86 87 88 89 90 91 92 93 94 95 96 97 98 99 100 
100 1 2 3 4 5 6 7 8 9 10 11 12 13 14 15 16 17 18 19 20 21 22 23 24 25 26 27 28 29 30 31 32 33 34 35 36 37 38 39 40 41 42 43 44 45 46 47 48 49 50 51 52 53 54 55 56 57 58 59 60 61 62 63 64 65 66 67 68 69 70 71 72 73 74 75 76 77 78 79 80 81 82 83 84 85 86 87 88 89 90 91 92 93 94 95 96 97 98 99 100 
100 1 2 3 4 5 6 7 8 9 10 11 12 13 14 15 16 17 18 19 20 21 22 23 24 25 26 27 28 29 30 31 32 33 34 35 36 37 38 39 40 41 42 43 44 45 46 47 48 49 50 51 52 53 54 55 56 57 58 59 60 61 62 63 64 65 66 67 68 69 70 71 72 73 74 75 76 77 78 79 80 81 82 83 84 85 86 87 88 89 90 91 92 93 94 95 96 97 98 99 100 
100 1 2 3 4 5 6 7 8 9 10 11 12 13 14 15 16 17 18 19 20 21 22 23 24 25 26 27 28 29 30 31 32 33 34 35 36 37 38 39 40 41 42 43 44 45 46 47 48 49 50 51 52 53 54 55 56 57 58 59 60 61 62 63 64 65 66 67 68 69 70 71 72 73 74 75 76 77 78 79 80 81 82 83 84 85 86 87 88 89 90 91 92 93 94 95 96 97 98 99 100 
100 1 2 3 4 5 6 7 8 9 10 11 12 13 14 15 16 17 18 19 20 21 22 23 24 25 26 27 28 29 30 31 32 33 34 35 36 37 38 39 40 41 42 43 44 45 46 47 48 49 50 51 52 53 54 55 56 57 58 59 60 61 62 63 64 65 66 67 68 69 70 71 72 73 74 75 76 77 78 79 80 81 82 83 84 85 86 87 88 89 90 91 92 93 94 95 96 97 98 99 100 
100 1 2 3 4 5 6 7 8 9 10 11 12 13 14 15 16 17 18 19 20 21 22 23 24 25 26 27 28 29 30 31 32 33 34 35 36 37 38 39 40 41 42 43 44 45 46 47 48 49 50 51 52 53 54 55 56 57 58 59 60 61 62 63 64 65 66 67 68 69 70 71 72 73 74 75 76 77 78 79 80 81 82 83 84 85 86 87 88 89 90 91 92 93 94 95 96 97 98 99 100 
100 1 2 3 4 5 6 7 8 9 10 11 12 13 14 15 16 17 18 19 20 21 22 23 24 25 26 27 28 29 30 31 32 33 34 35 36 37 38 39 40 41 42 43 44 45 46 47 48 49 50 51 52 53 54 55 56 57 58 59 60 61 62 63 64 65 66 67 68 69 70 71 72 73 74 75 76 77 78 79 80 81 82 83 84 85 86 87 88 89 90 91 92 93 94 95 96 97 98 99 100 
100 1 2 3 4 5 6 7 8 9 10 11 12 13 14 15 16 17 18 19 20 21 22 23 24 25 26 27 28 29 30 31 32 33 34 35 36 37 38 39 40 41 42 43 44 45 46 47 48 49 50 51 52 53 54 55 56 57 58 59 60 61 62 63 64 65 66 67 68 69 70 71 72 73 74 75 76 77 78 79 80 81 82 83 84 85 86 87 88 89 90 91 92 93 94 95 96 97 98 99 100 
100 1 2 3 4 5 6 7 8 9 10 11 12 13 14 15 16 17 18 19 20 21 22 23 24 25 26 27 28 29 30 31 32 33 34 35 36 37 38 39 40 41 42 43 44 45 46 47 48 49 50 51 52 53 54 55 56 57 58 59 60 61 62 63 64 65 66 67 68 69 70 71 72 73 74 75 76 77 78 79 80 81 82 83 84 85 86 87 88 89 90 91 92 93 94 95 96 97 98 99 100 
100 1 2 3 4 5 6 7 8 9 10 11 12 13 14 15 16 17 18 19 20 21 22 23 24 25 26 27 28 29 30 31 32 33 34 35 36 37 38 39 40 41 42 43 44 45 46 47 48 49 50 51 52 53 54 55 56 57 58 59 60 61 62 63 64 65 66 67 68 69 70 71 72 73 74 75 76 77 78 79 80 81 82 83 84 85 86 87 88 89 90 91 92 93 94 95 96 97 98 99 100 
100 1 2 3 4 5 6 7 8 9 10 11 12 13 14 15 16 17 18 19 20 21 22 23 24 25 26 27 28 29 30 31 32 33 34 35 36 37 38 39 40 41 42 43 44 45 46 47 48 49 50 51 52 53 54 55 56 57 58 59 60 61 62 63 64 65 66 67 68 69 70 71 72 73 74 75 76 77 78 79 80 81 82 83 84 85 86 87 88 89 90 91 92 93 94 95 96 97 98 99 100 
100 1 2 3 4 5 6 7 8 9 10 11 12 13 14 15 16 17 18 19 20 21 22 23 24 25 26 27 28 29 30 31 32 33 34 35 36 37 38 39 40 41 42 43 44 45 46 47 48 49 50 51 52 53 54 55 56 57 58 59 60 61 62 63 64 65 66 67 68 69 70 71 72 73 74 75 76 77 78 79 80 81 82 83 84 85 86 87 88 89 90 91 92 93 94 95 96 97 98 99 100 
100 1 2 3 4 5 6 7 8 9 10 11 12 13 14 15 16 17 18 19 20 21 22 23 24 25 26 27 28 29 30 31 32 33 34 35 36 37 38 39 40 41 42 43 44 45 46 47 48 49 50 51 52 53 54 55 56 57 58 59 60 61 62 63 64 65 66 67 68 69 70 71 72 73 74 75 76 77 78 79 80 81 82 83 84 85 86 87 88 89 90 91 92 93 94 95 96 97 98 99 100 
100 1 2 3 4 5 6 7 8 9 10 11 12 13 14 15 16 17 18 19 20 21 22 23 24 25 26 27 28 29 30 31 32 33 34 35 36 37 38 39 40 41 42 43 44 45 46 47 48 49 50 51 52 53 54 55 56 57 58 59 60 61 62 63 64 65 66 67 68 69 70 71 72 73 74 75 76 77 78 79 80 81 82 83 84 85 86 87 88 89 90 91 92 93 94 95 96 97 98 99 100 
100 1 2 3 4 5 6 7 8 9 10 11 12 13 14 15 16 17 18 19 20 21 22 23 24 25 26 27 28 29 30 31 32 33 34 35 36 37 38 39 40 41 42 43 44 45 46 47 48 49 50 51 52 53 54 55 56 57 58 59 60 61 62 63 64 65 66 67 68 69 70 71 72 73 74 75 76 77 78 79 80 81 82 83 84 85 86 87 88 89 90 91 92 93 94 95 96 97 98 99 100 
100 1 2 3 4 5 6 7 8 9 10 11 12 13 14 15 16 17 18 19 20 21 22 23 24 25 26 27 28 29 30 31 32 33 34 35 36 37 38 39 40 41 42 43 44 45 46 47 48 49 50 51 52 53 54 55 56 57 58 59 60 61 62 63 64 65 66 67 68 69 70 71 72 73 74 75 76 77 78 79 80 81 82 83 84 85 86 87 88 89 90 91 92 93 94 95 96 97 98 99 100 
100 1 2 3 4 5 6 7 8 9 10 11 12 13 14 15 16 17 18 19 20 21 22 23 24 25 26 27 28 29 30 31 32 33 34 35 36 37 38 39 40 41 42 43 44 45 46 47 48 49 50 51 52 53 54 55 56 57 58 59 60 61 62 63 64 65 66 67 68 69 70 71 72 73 74 75 76 77 78 79 80 81 82 83 84 85 86 87 88 89 90 91 92 93 94 95 96 97 98 99 100 
100 1 2 3 4 5 6 7 8 9 10 11 12 13 14 15 16 17 18 19 20 21 22 23 24 25 26 27 28 29 30 31 32 33 34 35 36 37 38 39 40 41 42 43 44 45 46 47 48 49 50 51 52 53 54 55 56 57 58 59 60 61 62 63 64 65 66 67 68 69 70 71 72 73 74 75 76 77 78 79 80 81 82 83 84 85 86 87 88 89 90 91 92 93 94 95 96 97 98 99 100 
100 1 2 3 4 5 6 7 8 9 10 11 12 13 14 15 16 17 18 19 20 21 22 23 24 25 26 27 28 29 30 31 32 33 34 35 36 37 38 39 40 41 42 43 44 45 46 47 48 49 50 51 52 53 54 55 56 57 58 59 60 61 62 63 64 65 66 67 68 69 70 71 72 73 74 75 76 77 78 79 80 81 82 83 84 85 86 87 88 89 90 91 92 93 94 95 96 97 98 99 100 
100 1 2 3 4 5 6 7 8 9 10 11 12 13 14 15 16 17 18 19 20 21 22 23 24 25 26 27 28 29 30 31 32 33 34 35 36 37 38 39 40 41 42 43 44 45 46 47 48 49 50 51 52 53 54 55 56 57 58 59 60 61 62 63 64 65 66 67 68 69 70 71 72 73 74 75 76 77 78 79 80 81 82 83 84 85 86 87 88 89 90 91 92 93 94 95 96 97 98 99 100 
100 1 2 3 4 5 6 7 8 9 10 11 12 13 14 15 16 17 18 19 20 21 22 23 24 25 26 27 28 29 30 31 32 33 34 35 36 37 38 39 40 41 42 43 44 45 46 47 48 49 50 51 52 53 54 55 56 57 58 59 60 61 62 63 64 65 66 67 68 69 70 71 72 73 74 75 76 77 78 79 80 81 82 83 84 85 86 87 88 89 90 91 92 93 94 95 96 97 98 99 100 
100 1 2 3 4 5 6 7 8 9 10 11 12 13 14 15 16 17 18 19 20 21 22 23 24 25 26 27 28 29 30 31 32 33 34 35 36 37 38 39 40 41 42 43 44 45 46 47 48 49 50 51 52 53 54 55 56 57 58 59 60 61 62 63 64 65 66 67 68 69 70 71 72 73 74 75 76 77 78 79 80 81 82 83 84 85 86 87 88 89 90 91 92 93 94 95 96 97 98 99 100 
100 1 2 3 4 5 6 7 8 9 10 11 12 13 14 15 16 17 18 19 20 21 22 23 24 25 26 27 28 29 30 31 32 33 34 35 36 37 38 39 40 41 42 43 44 45 46 47 48 49 50 51 52 53 54 55 56 57 58 59 60 61 62 63 64 65 66 67 68 69 70 71 72 73 74 75 76 77 78 79 80 81 82 83 84 85 86 87 88 89 90 91 92 93 94 95 96 97 98 99 100 
100 1 2 3 4 5 6 7 8 9 10 11 12 13 14 15 16 17 18 19 20 21 22 23 24 25 26 27 28 29 30 31 32 33 34 35 36 37 38 39 40 41 42 43 44 45 46 47 48 49 50 51 52 53 54 55 56 57 58 59 60 61 62 63 64 65 66 67 68 69 70 71 72 73 74 75 76 77 78 79 80 81 82 83 84 85 86 87 88 89 90 91 92 93 94 95 96 97 98 99 100 
100 1 2 3 4 5 6 7 8 9 10 11 12 13 14 15 16 17 18 19 20 21 22 23 24 25 26 27 28 29 30 31 32 33 34 35 36 37 38 39 40 41 42 43 44 45 46 47 48 49 50 51 52 53 54 55 56 57 58 59 60 61 62 63 64 65 66 67 68 69 70 71 72 73 74 75 76 77 78 79 80 81 82 83 84 85 86 87 88 89 90 91 92 93 94 95 96 97 98 99 100 
100 1 2 3 4 5 6 7 8 9 10 11 12 13 14 15 16 17 18 19 20 21 22 23 24 25 26 27 28 29 30 31 32 33 34 35 36 37 38 39 40 41 42 43 44 45 46 47 48 49 50 51 52 53 54 55 56 57 58 59 60 61 62 63 64 65 66 67 68 69 70 71 72 73 74 75 76 77 78 79 80 81 82 83 84 85 86 87 88 89 90 91 92 93 94 95 96 97 98 99 100 
100 1 2 3 4 5 6 7 8 9 10 11 12 13 14 15 16 17 18 19 20 21 22 23 24 25 26 27 28 29 30 31 32 33 34 35 36 37 38 39 40 41 42 43 44 45 46 47 48 49 50 51 52 53 54 55 56 57 58 59 60 61 62 63 64 65 66 67 68 69 70 71 72 73 74 75 76 77 78 79 80 81 82 83 84 85 86 87 88 89 90 91 92 93 94 95 96 97 98 99 100 
100 1 2 3 4 5 6 7 8 9 10 11 12 13 14 15 16 17 18 19 20 21 22 23 24 25 26 27 28 29 30 31 32 33 34 35 36 37 38 39 40 41 42 43 44 45 46 47 48 49 50 51 52 53 54 55 56 57 58 59 60 61 62 63 64 65 66 67 68 69 70 71 72 73 74 75 76 77 78 79 80 81 82 83 84 85 86 87 88 89 90 91 92 93 94 95 96 97 98 99 100 
100 1 2 3 4 5 6 7 8 9 10 11 12 13 14 15 16 17 18 19 20 21 22 23 24 25 26 27 28 29 30 31 32 33 34 35 36 37 38 39 40 41 42 43 44 45 46 47 48 49 50 51 52 53 54 55 56 57 58 59 60 61 62 63 64 65 66 67 68 69 70 71 72 73 74 75 76 77 78 79 80 81 82 83 84 85 86 87 88 89 90 91 92 93 94 95 96 97 98 99 100 
100 1 2 3 4 5 6 7 8 9 10 11 12 13 14 15 16 17 18 19 20 21 22 23 24 25 26 27 28 29 30 31 32 33 34 35 36 37 38 39 40 41 42 43 44 45 46 47 48 49 50 51 52 53 54 55 56 57 58 59 60 61 62 63 64 65 66 67 68 69 70 71 72 73 74 75 76 77 78 79 80 81 82 83 84 85 86 87 88 89 90 91 92 93 94 95 96 97 98 99 100 
100 1 2 3 4 5 6 7 8 9 10 11 12 13 14 15 16 17 18 19 20 21 22 23 24 25 26 27 28 29 30 31 32 33 34 35 36 37 38 39 40 41 42 43 44 45 46 47 48 49 50 51 52 53 54 55 56 57 58 59 60 61 62 63 64 65 66 67 68 69 70 71 72 73 74 75 76 77 78 79 80 81 82 83 84 85 86 87 88 89 90 91 92 93 94 95 96 97 98 99 100 
100 1 2 3 4 5 6 7 8 9 10 11 12 13 14 15 16 17 18 19 20 21 22 23 24 25 26 27 28 29 30 31 32 33 34 35 36 37 38 39 40 41 42 43 44 45 46 47 48 49 50 51 52 53 54 55 56 57 58 59 60 61 62 63 64 65 66 67 68 69 70 71 72 73 74 75 76 77 78 79 80 81 82 83 84 85 86 87 88 89 90 91 92 93 94 95 96 97 98 99 100 
100 1 2 3 4 5 6 7 8 9 10 11 12 13 14 15 16 17 18 19 20 21 22 23 24 25 26 27 28 29 30 31 32 33 34 35 36 37 38 39 40 41 42 43 44 45 46 47 48 49 50 51 52 53 54 55 56 57 58 59 60 61 62 63 64 65 66 67 68 69 70 71 72 73 74 75 76 77 78 79 80 81 82 83 84 85 86 87 88 89 90 91 92 93 94 95 96 97 98 99 100 
100 1 2 3 4 5 6 7 8 9 10 11 12 13 14 15 16 17 18 19 20 21 22 23 24 25 26 27 28 29 30 31 32 33 34 35 36 37 38 39 40 41 42 43 44 45 46 47 48 49 50 51 52 53 54 55 56 57 58 59 60 61 62 63 64 65 66 67 68 69 70 71 72 73 74 75 76 77 78 79 80 81 82 83 84 85 86 87 88 89 90 91 92 93 94 95 96 97 98 99 100 
100 1 2 3 4 5 6 7 8 9 10 11 12 13 14 15 16 17 18 19 20 21 22 23 24 25 26 27 28 29 30 31 32 33 34 35 36 37 38 39 40 41 42 43 44 45 46 47 48 49 50 51 52 53 54 55 56 57 58 59 60 61 62 63 64 65 66 67 68 69 70 71 72 73 74 75 76 77 78 79 80 81 82 83 84 85 86 87 88 89 90 91 92 93 94 95 96 97 98 99 100 
100 1 2 3 4 5 6 7 8 9 10 11 12 13 14 15 16 17 18 19 20 21 22 23 24 25 26 27 28 29 30 31 32 33 34 35 36 37 38 39 40 41 42 43 44 45 46 47 48 49 50 51 52 53 54 55 56 57 58 59 60 61 62 63 64 65 66 67 68 69 70 71 72 73 74 75 76 77 78 79 80 81 82 83 84 85 86 87 88 89 90 91 92 93 94 95 96 97 98 99 100 
100 1 2 3 4 5 6 7 8 9 10 11 12 13 14 15 16 17 18 19 20 21 22 23 24 25 26 27 28 29 30 31 32 33 34 35 36 37 38 39 40 41 42 43 44 45 46 47 48 49 50 51 52 53 54 55 56 57 58 59 60 61 62 63 64 65 66 67 68 69 70 71 72 73 74 75 76 77 78 79 80 81 82 83 84 85 86 87 88 89 90 91 92 93 94 95 96 97 98 99 100 
100 1 2 3 4 5 6 7 8 9 10 11 12 13 14 15 16 17 18 19 20 21 22 23 24 25 26 27 28 29 30 31 32 33 34 35 36 37 38 39 40 41 42 43 44 45 46 47 48 49 50 51 52 53 54 55 56 57 58 59 60 61 62 63 64 65 66 67 68 69 70 71 72 73 74 75 76 77 78 79 80 81 82 83 84 85 86 87 88 89 90 91 92 93 94 95 96 97 98 99 100 
100 1 2 3 4 5 6 7 8 9 10 11 12 13 14 15 16 17 18 19 20 21 22 23 24 25 26 27 28 29 30 31 32 33 34 35 36 37 38 39 40 41 42 43 44 45 46 47 48 49 50 51 52 53 54 55 56 57 58 59 60 61 62 63 64 65 66 67 68 69 70 71 72 73 74 75 76 77 78 79 80 81 82 83 84 85 86 87 88 89 90 91 92 93 94 95 96 97 98 99 100 
100 1 2 3 4 5 6 7 8 9 10 11 12 13 14 15 16 17 18 19 20 21 22 23 24 25 26 27 28 29 30 31 32 33 34 35 36 37 38 39 40 41 42 43 44 45 46 47 48 49 50 51 52 53 54 55 56 57 58 59 60 61 62 63 64 65 66 67 68 69 70 71 72 73 74 75 76 77 78 79 80 81 82 83 84 85 86 87 88 89 90 91 92 93 94 95 96 97 98 99 100 
100 1 2 3 4 5 6 7 8 9 10 11 12 13 14 15 16 17 18 19 20 21 22 23 24 25 26 27 28 29 30 31 32 33 34 35 36 37 38 39 40 41 42 43 44 45 46 47 48 49 50 51 52 53 54 55 56 57 58 59 60 61 62 63 64 65 66 67 68 69 70 71 72 73 74 75 76 77 78 79 80 81 82 83 84 85 86 87 88 89 90 91 92 93 94 95 96 97 98 99 100 
100 1 2 3 4 5 6 7 8 9 10 11 12 13 14 15 16 17 18 19 20 21 22 23 24 25 26 27 28 29 30 31 32 33 34 35 36 37 38 39 40 41 42 43 44 45 46 47 48 49 50 51 52 53 54 55 56 57 58 59 60 61 62 63 64 65 66 67 68 69 70 71 72 73 74 75 76 77 78 79 80 81 82 83 84 85 86 87 88 89 90 91 92 93 94 95 96 97 98 99 100 
100 1 2 3 4 5 6 7 8 9 10 11 12 13 14 15 16 17 18 19 20 21 22 23 24 25 26 27 28 29 30 31 32 33 34 35 36 37 38 39 40 41 42 43 44 45 46 47 48 49 50 51 52 53 54 55 56 57 58 59 60 61 62 63 64 65 66 67 68 69 70 71 72 73 74 75 76 77 78 79 80 81 82 83 84 85 86 87 88 89 90 91 92 93 94 95 96 97 98 99 100 
100 1 2 3 4 5 6 7 8 9 10 11 12 13 14 15 16 17 18 19 20 21 22 23 24 25 26 27 28 29 30 31 32 33 34 35 36 37 38 39 40 41 42 43 44 45 46 47 48 49 50 51 52 53 54 55 56 57 58 59 60 61 62 63 64 65 66 67 68 69 70 71 72 73 74 75 76 77 78 79 80 81 82 83 84 85 86 87 88 89 90 91 92 93 94 95 96 97 98 99 100 
100 1 2 3 4 5 6 7 8 9 10 11 12 13 14 15 16 17 18 19 20 21 22 23 24 25 26 27 28 29 30 31 32 33 34 35 36 37 38 39 40 41 42 43 44 45 46 47 48 49 50 51 52 53 54 55 56 57 58 59 60 61 62 63 64 65 66 67 68 69 70 71 72 73 74 75 76 77 78 79 80 81 82 83 84 85 86 87 88 89 90 91 92 93 94 95 96 97 98 99 100 
100 1 2 3 4 5 6 7 8 9 10 11 12 13 14 15 16 17 18 19 20 21 22 23 24 25 26 27 28 29 30 31 32 33 34 35 36 37 38 39 40 41 42 43 44 45 46 47 48 49 50 51 52 53 54 55 56 57 58 59 60 61 62 63 64 65 66 67 68 69 70 71 72 73 74 75 76 77 78 79 80 81 82 83 84 85 86 87 88 89 90 91 92 93 94 95 96 97 98 99 100 
100 1 2 3 4 5 6 7 8 9 10 11 12 13 14 15 16 17 18 19 20 21 22 23 24 25 26 27 28 29 30 31 32 33 34 35 36 37 38 39 40 41 42 43 44 45 46 47 48 49 50 51 52 53 54 55 56 57 58 59 60 61 62 63 64 65 66 67 68 69 70 71 72 73 74 75 76 77 78 79 80 81 82 83 84 85 86 87 88 89 90 91 92 93 94 95 96 97 98 99 100 
100 1 2 3 4 5 6 7 8 9 10 11 12 13 14 15 16 17 18 19 20 21 22 23 24 25 26 27 28 29 30 31 32 33 34 35 36 37 38 39 40 41 42 43 44 45 46 47 48 49 50 51 52 53 54 55 56 57 58 59 60 61 62 63 64 65 66 67 68 69 70 71 72 73 74 75 76 77 78 79 80 81 82 83 84 85 86 87 88 89 90 91 92 93 94 95 96 97 98 99 100 
100 1 2 3 4 5 6 7 8 9 10 11 12 13 14 15 16 17 18 19 20 21 22 23 24 25 26 27 28 29 30 31 32 33 34 35 36 37 38 39 40 41 42 43 44 45 46 47 48 49 50 51 52 53 54 55 56 57 58 59 60 61 62 63 64 65 66 67 68 69 70 71 72 73 74 75 76 77 78 79 80 81 82 83 84 85 86 87 88 89 90 91 92 93 94 95 96 97 98 99 100 
100 1 2 3 4 5 6 7 8 9 10 11 12 13 14 15 16 17 18 19 20 21 22 23 24 25 26 27 28 29 30 31 32 33 34 35 36 37 38 39 40 41 42 43 44 45 46 47 48 49 50 51 52 53 54 55 56 57 58 59 60 61 62 63 64 65 66 67 68 69 70 71 72 73 74 75 76 77 78 79 80 81 82 83 84 85 86 87 88 89 90 91 92 93 94 95 96 97 98 99 100 
100 1 2 3 4 5 6 7 8 9 10 11 12 13 14 15 16 17 18 19 20 21 22 23 24 25 26 27 28 29 30 31 32 33 34 35 36 37 38 39 40 41 42 43 44 45 46 47 48 49 50 51 52 53 54 55 56 57 58 59 60 61 62 63 64 65 66 67 68 69 70 71 72 73 74 75 76 77 78 79 80 81 82 83 84 85 86 87 88 89 90 91 92 93 94 95 96 97 98 99 100 
100 1 2 3 4 5 6 7 8 9 10 11 12 13 14 15 16 17 18 19 20 21 22 23 24 25 26 27 28 29 30 31 32 33 34 35 36 37 38 39 40 41 42 43 44 45 46 47 48 49 50 51 52 53 54 55 56 57 58 59 60 61 62 63 64 65 66 67 68 69 70 71 72 73 74 75 76 77 78 79 80 81 82 83 84 85 86 87 88 89 90 91 92 93 94 95 96 97 98 99 100 
100 1 2 3 4 5 6 7 8 9 10 11 12 13 14 15 16 17 18 19 20 21 22 23 24 25 26 27 28 29 30 31 32 33 34 35 36 37 38 39 40 41 42 43 44 45 46 47 48 49 50 51 52 53 54 55 56 57 58 59 60 61 62 63 64 65 66 67 68 69 70 71 72 73 74 75 76 77 78 79 80 81 82 83 84 85 86 87 88 89 90 91 92 93 94 95 96 97 98 99 100 
100 1 2 3 4 5 6 7 8 9 10 11 12 13 14 15 16 17 18 19 20 21 22 23 24 25 26 27 28 29 30 31 32 33 34 35 36 37 38 39 40 41 42 43 44 45 46 47 48 49 50 51 52 53 54 55 56 57 58 59 60 61 62 63 64 65 66 67 68 69 70 71 72 73 74 75 76 77 78 79 80 81 82 83 84 85 86 87 88 89 90 91 92 93 94 95 96 97 98 99 100 
100 1 2 3 4 5 6 7 8 9 10 11 12 13 14 15 16 17 18 19 20 21 22 23 24 25 26 27 28 29 30 31 32 33 34 35 36 37 38 39 40 41 42 43 44 45 46 47 48 49 50 51 52 53 54 55 56 57 58 59 60 61 62 63 64 65 66 67 68 69 70 71 72 73 74 75 76 77 78 79 80 81 82 83 84 85 86 87 88 89 90 91 92 93 94 95 96 97 98 99 100 
100 1 2 3 4 5 6 7 8 9 10 11 12 13 14 15 16 17 18 19 20 21 22 23 24 25 26 27 28 29 30 31 32 33 34 35 36 37 38 39 40 41 42 43 44 45 46 47 48 49 50 51 52 53 54 55 56 57 58 59 60 61 62 63 64 65 66 67 68 69 70 71 72 73 74 75 76 77 78 79 80 81 82 83 84 85 86 87 88 89 90 91 92 93 94 95 96 97 98 99 100 
100 1 2 3 4 5 6 7 8 9 10 11 12 13 14 15 16 17 18 19 20 21 22 23 24 25 26 27 28 29 30 31 32 33 34 35 36 37 38 39 40 41 42 43 44 45 46 47 48 49 50 51 52 53 54 55 56 57 58 59 60 61 62 63 64 65 66 67 68 69 70 71 72 73 74 75 76 77 78 79 80 81 82 83 84 85 86 87 88 89 90 91 92 93 94 95 96 97 98 99 100 
100 1 2 3 4 5 6 7 8 9 10 11 12 13 14 15 16 17 18 19 20 21 22 23 24 25 26 27 28 29 30 31 32 33 34 35 36 37 38 39 40 41 42 43 44 45 46 47 48 49 50 51 52 53 54 55 56 57 58 59 60 61 62 63 64 65 66 67 68 69 70 71 72 73 74 75 76 77 78 79 80 81 82 83 84 85 86 87 88 89 90 91 92 93 94 95 96 97 98 99 100 
100 1 2 3 4 5 6 7 8 9 10 11 12 13 14 15 16 17 18 19 20 21 22 23 24 25 26 27 28 29 30 31 32 33 34 35 36 37 38 39 40 41 42 43 44 45 46 47 48 49 50 51 52 53 54 55 56 57 58 59 60 61 62 63 64 65 66 67 68 69 70 71 72 73 74 75 76 77 78 79 80 81 82 83 84 85 86 87 88 89 90 91 92 93 94 95 96 97 98 99 100 
100 1 2 3 4 5 6 7 8 9 10 11 12 13 14 15 16 17 18 19 20 21 22 23 24 25 26 27 28 29 30 31 32 33 34 35 36 37 38 39 40 41 42 43 44 45 46 47 48 49 50 51 52 53 54 55 56 57 58 59 60 61 62 63 64 65 66 67 68 69 70 71 72 73 74 75 76 77 78 79 80 81 82 83 84 85 86 87 88 89 90 91 92 93 94 95 96 97 98 99 100 
100 1 2 3 4 5 6 7 8 9 10 11 12 13 14 15 16 17 18 19 20 21 22 23 24 25 26 27 28 29 30 31 32 33 34 35 36 37 38 39 40 41 42 43 44 45 46 47 48 49 50 51 52 53 54 55 56 57 58 59 60 61 62 63 64 65 66 67 68 69 70 71 72 73 74 75 76 77 78 79 80 81 82 83 84 85 86 87 88 89 90 91 92 93 94 95 96 97 98 99 100 
100 1 2 3 4 5 6 7 8 9 10 11 12 13 14 15 16 17 18 19 20 21 22 23 24 25 26 27 28 29 30 31 32 33 34 35 36 37 38 39 40 41 42 43 44 45 46 47 48 49 50 51 52 53 54 55 56 57 58 59 60 61 62 63 64 65 66 67 68 69 70 71 72 73 74 75 76 77 78 79 80 81 82 83 84 85 86 87 88 89 90 91 92 93 94 95 96 97 98 99 100 
100 1 2 3 4 5 6 7 8 9 10 11 12 13 14 15 16 17 18 19 20 21 22 23 24 25 26 27 28 29 30 31 32 33 34 35 36 37 38 39 40 41 42 43 44 45 46 47 48 49 50 51 52 53 54 55 56 57 58 59 60 61 62 63 64 65 66 67 68 69 70 71 72 73 74 75 76 77 78 79 80 81 82 83 84 85 86 87 88 89 90 91 92 93 94 95 96 97 98 99 100 
100 1 2 3 4 5 6 7 8 9 10 11 12 13 14 15 16 17 18 19 20 21 22 23 24 25 26 27 28 29 30 31 32 33 34 35 36 37 38 39 40 41 42 43 44 45 46 47 48 49 50 51 52 53 54 55 56 57 58 59 60 61 62 63 64 65 66 67 68 69 70 71 72 73 74 75 76 77 78 79 80 81 82 83 84 85 86 87 88 89 90 91 92 93 94 95 96 97 98 99 100 
100 1 2 3 4 5 6 7 8 9 10 11 12 13 14 15 16 17 18 19 20 21 22 23 24 25 26 27 28 29 30 31 32 33 34 35 36 37 38 39 40 41 42 43 44 45 46 47 48 49 50 51 52 53 54 55 56 57 58 59 60 61 62 63 64 65 66 67 68 69 70 71 72 73 74 75 76 77 78 79 80 81 82 83 84 85 86 87 88 89 90 91 92 93 94 95 96 97 98 99 100 
100 1 2 3 4 5 6 7 8 9 10 11 12 13 14 15 16 17 18 19 20 21 22 23 24 25 26 27 28 29 30 31 32 33 34 35 36 37 38 39 40 41 42 43 44 45 46 47 48 49 50 51 52 53 54 55 56 57 58 59 60 61 62 63 64 65 66 67 68 69 70 71 72 73 74 75 76 77 78 79 80 81 82 83 84 85 86 87 88 89 90 91 92 93 94 95 96 97 98 99 100 
100 1 2 3 4 5 6 7 8 9 10 11 12 13 14 15 16 17 18 19 20 21 22 23 24 25 26 27 28 29 30 31 32 33 34 35 36 37 38 39 40 41 42 43 44 45 46 47 48 49 50 51 52 53 54 55 56 57 58 59 60 61 62 63 64 65 66 67 68 69 70 71 72 73 74 75 76 77 78 79 80 81 82 83 84 85 86 87 88 89 90 91 92 93 94 95 96 97 98 99 100 
100 1 2 3 4 5 6 7 8 9 10 11 12 13 14 15 16 17 18 19 20 21 22 23 24 25 26 27 28 29 30 31 32 33 34 35 36 37 38 39 40 41 42 43 44 45 46 47 48 49 50 51 52 53 54 55 56 57 58 59 60 61 62 63 64 65 66 67 68 69 70 71 72 73 74 75 76 77 78 79 80 81 82 83 84 85 86 87 88 89 90 91 92 93 94 95 96 97 98 99 100 
100 1 2 3 4 5 6 7 8 9 10 11 12 13 14 15 16 17 18 19 20 21 22 23 24 25 26 27 28 29 30 31 32 33 34 35 36 37 38 39 40 41 42 43 44 45 46 47 48 49 50 51 52 53 54 55 56 57 58 59 60 61 62 63 64 65 66 67 68 69 70 71 72 73 74 75 76 77 78 79 80 81 82 83 84 85 86 87 88 89 90 91 92 93 94 95 96 97 98 99 100 
100 1 2 3 4 5 6 7 8 9 10 11 12 13 14 15 16 17 18 19 20 21 22 23 24 25 26 27 28 29 30 31 32 33 34 35 36 37 38 39 40 41 42 43 44 45 46 47 48 49 50 51 52 53 54 55 56 57 58 59 60 61 62 63 64 65 66 67 68 69 70 71 72 73 74 75 76 77 78 79 80 81 82 83 84 85 86 87 88 89 90 91 92 93 94 95 96 97 98 99 100 
100 1 2 3 4 5 6 7 8 9 10 11 12 13 14 15 16 17 18 19 20 21 22 23 24 25 26 27 28 29 30 31 32 33 34 35 36 37 38 39 40 41 42 43 44 45 46 47 48 49 50 51 52 53 54 55 56 57 58 59 60 61 62 63 64 65 66 67 68 69 70 71 72 73 74 75 76 77 78 79 80 81 82 83 84 85 86 87 88 89 90 91 92 93 94 95 96 97 98 99 100 
100 1 2 3 4 5 6 7 8 9 10 11 12 13 14 15 16 17 18 19 20 21 22 23 24 25 26 27 28 29 30 31 32 33 34 35 36 37 38 39 40 41 42 43 44 45 46 47 48 49 50 51 52 53 54 55 56 57 58 59 60 61 62 63 64 65 66 67 68 69 70 71 72 73 74 75 76 77 78 79 80 81 82 83 84 85 86 87 88 89 90 91 92 93 94 95 96 97 98 99 100 
100 1 2 3 4 5 6 7 8 9 10 11 12 13 14 15 16 17 18 19 20 21 22 23 24 25 26 27 28 29 30 31 32 33 34 35 36 37 38 39 40 41 42 43 44 45 46 47 48 49 50 51 52 53 54 55 56 57 58 59 60 61 62 63 64 65 66 67 68 69 70 71 72 73 74 75 76 77 78 79 80 81 82 83 84 85 86 87 88 89 90 91 92 93 94 95 96 97 98 99 100 
100 1 2 3 4 5 6 7 8 9 10 11 12 13 14 15 16 17 18 19 20 21 22 23 24 25 26 27 28 29 30 31 32 33 34 35 36 37 38 39 40 41 42 43 44 45 46 47 48 49 50 51 52 53 54 55 56 57 58 59 60 61 62 63 64 65 66 67 68 69 70 71 72 73 74 75 76 77 78 79 80 81 82 83 84 85 86 87 88 89 90 91 92 93 94 95 96 97 98 99 100 
100 1 2 3 4 5 6 7 8 9 10 11 12 13 14 15 16 17 18 19 20 21 22 23 24 25 26 27 28 29 30 31 32 33 34 35 36 37 38 39 40 41 42 43 44 45 46 47 48 49 50 51 52 53 54 55 56 57 58 59 60 61 62 63 64 65 66 67 68 69 70 71 72 73 74 75 76 77 78 79 80 81 82 83 84 85 86 87 88 89 90 91 92 93 94 95 96 97 98 99 100 
100 1 2 3 4 5 6 7 8 9 10 11 12 13 14 15 16 17 18 19 20 21 22 23 24 25 26 27 28 29 30 31 32 33 34 35 36 37 38 39 40 41 42 43 44 45 46 47 48 49 50 51 52 53 54 55 56 57 58 59 60 61 62 63 64 65 66 67 68 69 70 71 72 73 74 75 76 77 78 79 80 81 82 83 84 85 86 87 88 89 90 91 92 93 94 95 96 97 98 99 100 
100 1 2 3 4 5 6 7 8 9 10 11 12 13 14 15 16 17 18 19 20 21 22 23 24 25 26 27 28 29 30 31 32 33 34 35 36 37 38 39 40 41 42 43 44 45 46 47 48 49 50 51 52 53 54 55 56 57 58 59 60 61 62 63 64 65 66 67 68 69 70 71 72 73 74 75 76 77 78 79 80 81 82 83 84 85 86 87 88 89 90 91 92 93 94 95 96 97 98 99 100 
100 1 2 3 4 5 6 7 8 9 10 11 12 13 14 15 16 17 18 19 20 21 22 23 24 25 26 27 28 29 30 31 32 33 34 35 36 37 38 39 40 41 42 43 44 45 46 47 48 49 50 51 52 53 54 55 56 57 58 59 60 61 62 63 64 65 66 67 68 69 70 71 72 73 74 75 76 77 78 79 80 81 82 83 84 85 86 87 88 89 90 91 92 93 94 95 96 97 98 99 100 
100 1 2 3 4 5 6 7 8 9 10 11 12 13 14 15 16 17 18 19 20 21 22 23 24 25 26 27 28 29 30 31 32 33 34 35 36 37 38 39 40 41 42 43 44 45 46 47 48 49 50 51 52 53 54 55 56 57 58 59 60 61 62 63 64 65 66 67 68 69 70 71 72 73 74 75 76 77 78 79 80 81 82 83 84 85 86 87 88 89 90 91 92 93 94 95 96 97 98 99 100 
100 1 2 3 4 5 6 7 8 9 10 11 12 13 14 15 16 17 18 19 20 21 22 23 24 25 26 27 28 29 30 31 32 33 34 35 36 37 38 39 40 41 42 43 44 45 46 47 48 49 50 51 52 53 54 55 56 57 58 59 60 61 62 63 64 65 66 67 68 69 70 71 72 73 74 75 76 77 78 79 80 81 82 83 84 85 86 87 88 89 90 91 92 93 94 95 96 97 98 99 100 
100 1 2 3 4 5 6 7 8 9 10 11 12 13 14 15 16 17 18 19 20 21 22 23 24 25 26 27 28 29 30 31 32 33 34 35 36 37 38 39 40 41 42 43 44 45 46 47 48 49 50 51 52 53 54 55 56 57 58 59 60 61 62 63 64 65 66 67 68 69 70 71 72 73 74 75 76 77 78 79 80 81 82 83 84 85 86 87 88 89 90 91 92 93 94 95 96 97 98 99 100 
100 1 2 3 4 5 6 7 8 9 10 11 12 13 14 15 16 17 18 19 20 21 22 23 24 25 26 27 28 29 30 31 32 33 34 35 36 37 38 39 40 41 42 43 44 45 46 47 48 49 50 51 52 53 54 55 56 57 58 59 60 61 62 63 64 65 66 67 68 69 70 71 72 73 74 75 76 77 78 79 80 81 82 83 84 85 86 87 88 89 90 91 92 93 94 95 96 97 98 99 100 
100 1 2 3 4 5 6 7 8 9 10 11 12 13 14 15 16 17 18 19 20 21 22 23 24 25 26 27 28 29 30 31 32 33 34 35 36 37 38 39 40 41 42 43 44 45 46 47 48 49 50 51 52 53 54 55 56 57 58 59 60 61 62 63 64 65 66 67 68 69 70 71 72 73 74 75 76 77 78 79 80 81 82 83 84 85 86 87 88 89 90 91 92 93 94 95 96 97 98 99 100 
100 60 24 96 14 100 57 29 11 43 69 90 89 97 77 74 26 4 55 40 19 16 21 95 71 12 31 44 1 54 20 83 68 58 92 5 6 75 50 33 76 88 32 39 47 84 25 8 17 91 30 56 34 46 42 73 53 2 48 35 81 51 27 62 13 86 93 85 9 23 37 94 15 38 49 63 3 22 10 79 80 61 67 99 52 18 41 78 66 72 70 87 36 65 59 45 64 28 7 98 82 
100 83 44 55 49 67 62 31 86 3 12 89 4 38 37 97 25 19 9 41 72 85 57 46 96 66 90 48 27 16 68 78 99 53 93 63 84 7 45 82 92 42 81 54 30 50 87 13 14 32 59 35 70 60 75 23 69 94 43 33 64 79 1 76 11 39 47 2 36 80 98 61 5 22 28 34 74 21 18 29 88 20 91 51 52 77 24 73 58 56 10 100 6 65 95 8 17 15 71 40 26 
100 98 57 86 40 48 59 66 16 25 71 75 51 46 93 77 52 70 76 72 13 2 56 9 80 36 15 85 49 43 89 33 10 7 44 81 8 91 87 55 21 29 47 69 5 79 3 30 58 65 73 84 45 62 61 64 4 95 39 83 17 32 14 42 100 53 19 20 88 24 50 37 27 68 26 23 94 82 31 1 99 92 63 35 12 74 34 67 97 96 60 54 38 78 90 28 41 22 11 6 18 
100 62 6 59 8 79 20 23 12 15 32 42 35 47 86 37 2 82 96 3 50 68 26 58 17 28 78 30 1 98 60 29 51 5 14 7 9 75 67 18 10 19 54 49 83 94 38 36 90 13 66 24 22 85 73 87 53 97 25 71 84 16 55 72 44 61 74 100 69 91 31 81 33 76 65 4 27 34 95 99 64 56 57 11 40 92 89 77 48 21 88 93 52 70 45 39 80 63 46 43 41 
100 36 21 60 95 1 51 67 69 59 10 73 70 50 19 39 45 64 33 46 14 34 94 52 88 31 87 79 26 44 58 68 85 82 23 57 41 78 89 35 99 40 28 81 72 22 16 54 32 100 48 62 12 18 98 63 38 84 71 13 74 77 93 27 37 7 80 8 42 66 76 43 65 83 24 6 25 56 20 75 11 15 61 2 90 29 53 4 96 5 55 49 91 92 3 86 97 9 47 30 17 
100 85 28 53 92 64 24 75 72 58 3 23 69 39 19 56 74 96 8 52 46 65 98 45 20 10 2 21 36 90 7 81 59 91 80 22 42 29 87 63 44 25 11 18 38 79 86 60 35 54 66 71 55 32 4 51 31 6 43 76 95 37 77 100 48 67 27 41 40 70 14 61 30 12 97 88 62 16 17 99 93 34 1 68 15 26 47 9 57 33 82 73 78 84 49 89 5 50 83 13 94 
100 25 4 60 75 30 36 19 79 97 48 87 99 8 74 28 69 98 91 76 23 38 40 27 88 92 52 78 61 32 35 51 66 57 20 34 10 21 14 96 45 22 84 77 83 13 55 3 85 29 44 71 56 86 93 95 24 41 33 11 1 72 67 43 80 6 17 68 63 39 65 18 94 82 50 16 62 15 2 31 53 49 7 58 89 64 42 37 46 54 70 9 81 26 59 100 5 12 73 47 90 
100 74 38 20 49 59 86 31 43 62 73 45 34 68 21 53 50 55 23 71 37 72 51 84 19 32 44 8 14 1 96 35 22 48 2 29 26 25 83 99 91 5 75 78 13 67 7 57 33 41 28 95 36 46 16 17 24 30 80 70 63 77 39 65 12 18 85 89 79 93 90 88 11 66 61 15 64 10 98 27 69 3 60 6 100 92 47 82 81 94 87 97 52 9 40 56 76 4 42 54 58 
100 98 9 89 20 37 60 54 97 24 68 70 88 86 49 76 63 48 81 100 46 59 90 14 17 85 92 32 72 71 66 22 75 26 3 45 47 41 53 61 94 52 1 55 82 28 31 43 2 73 10 33 91 99 15 74 34 6 84 36 23 50 83 93 96 38 77 57 7 16 62 87 29 21 44 35 80 65 95 27 67 19 25 64 40 5 39 8 51 11 13 18 79 78 56 30 69 4 58 42 12 
100 93 75 85 87 46 74 29 55 89 7 4 5 35 3 82 78 39 88 34 40 65 64 95 59 23 50 25 24 68 8 38 48 62 11 6 77 90 30 80 44 20 10 98 83 61 73 47 27 57 72 84 70 13 66 1 76 15 67 63 71 22 41 16 99 91 52 79 60 100 21 19 96 14 32 49 94 18 42 45 56 54 26 51 81 9 2 28 33 69 17 43 97 92 86 37 31 53 58 36 12 
100 42 4 91 38 26 96 43 92 72 10 59 41 17 56 7 61 39 34 84 12 87 24 50 94 97 67 81 2 62 22 35 45 89 77 71 93 74 52 27 13 70 90 18 69 47 21 20 66 46 68 79 40 54 48 98 15 29 37 80 73 30 49 11 6 1 60 16 5 55 65 51 33 100 8 82 88 63 28 23 75 9 14 32 99 83 78 95 85 19 31 86 64 36 3 53 76 58 25 57 44 
100 17 79 30 59 37 100 93 84 57 33 83 76 22 36 13 34 19 60 20 78 32 14 8 54 16 9 2 88 24 49 90 99 4 73 71 41 53 91 61 26 40 63 80 43 25 21 28 47 48 95 51 55 58 38 7 27 82 5 64 97 70 44 75 87 45 46 69 52 29 23 66 85 94 77 89 68 62 35 11 12 65 96 6 72 39 3 98 67 56 15 1 10 50 81 92 18 31 86 74 42 
100 14 99 60 70 33 74 85 68 40 51 75 44 18 13 4 16 35 21 28 73 90 56 8 23 97 77 46 55 48 30 52 81 64 24 45 3 80 5 37 25 38 53 92 32 94 2 22 72 88 36 20 96 100 11 39 71 78 63 50 79 58 86 1 42 66 43 15 57 26 82 98 29 89 59 12 19 95 65 10 87 7 83 62 76 9 54 31 93 61 41 34 91 49 67 69 47 27 17 6 84 
100 24 9 99 23 25 1 3 13 72 85 5 96 49 2 8 22 58 57 35 68 45 26 83 53 37 52 4 34 75 21 92 73 60 46 36 50 40 79 7 69 94 47 17 6 81 59 38 30 93 28 12 39 84 89 31 88 51 61 19 87 62 43 44 42 67 77 91 98 29 41 76 80 55 10 95 71 90 48 78 74 33 63 100 14 65 70 15 64 20 66 86 16 27 82 11 32 18 56 97 54 
100 89 70 59 46 63 67 94 76 83 36 61 87 23 74 66 98 51 32 42 35 26 97 11 22 73 88 84 69 5 92 57 15 14 12 90 8 27 55 44 77 53 1 33 45 40 80 17 99 85 28 71 19 52 3 7 38 49 47 95 48 20 4 43 2 39 75 21 64 62 56 41 65 91 10 93 30 16 50 82 78 34 100 24 31 25 54 37 6 79 13 96 72 18 9 29 68 60 86 58 81 
100 46 81 52 94 5 97 17 42 57 8 44 96 75 87 35 16 84 9 4 72 55 18 90 12 59 15 10 27 98 92 38 50 54 88 37 74 79 34 32 69 13 91 14 58 24 20 63 39 65 80 51 93 47 40 62 2 19 61 7 1 48 28 71 6 21 82 60 68 64 22 67 29 73 66 33 11 3 23 78 26 86 83 36 76 100 31 45 99 95 25 89 53 49 56 43 70 85 41 30 77 
100 91 2 64 11 39 50 89 68 70 34 59 48 81 96 28 69 38 95 46 16 52 17 36 94 22 72 53 55 41 62 57 75 45 61 85 37 54 78 29 87 49 79 88 9 71 92 66 40 74 44 31 65 63 98 97 76 73 83 90 67 21 60 3 24 80 30 93 25 51 86 35 7 56 27 20 10 47 8 26 42 14 58 33 12 43 82 32 5 23 99 1 77 84 19 13 6 18 100 4 15 
100 48 83 65 17 32 7 1 53 26 43 4 86 29 25 15 81 79 72 74 38 73 84 13 63 14 46 30 78 41 31 55 22 37 71 93 82 45 96 50 57 60 21 75 27 80 36 85 34 51 98 44 3 67 40 28 11 90 49 5 47 76 52 35 99 70 54 92 8 9 18 24 23 59 33 89 100 88 77 56 94 68 66 62 19 87 97 16 61 64 20 91 39 10 69 2 42 6 58 12 95 
100 6 8 43 21 70 32 90 15 100 53 12 52 48 38 47 86 68 24 91 9 19 50 45 30 80 85 76 3 81 10 92 13 84 99 41 27 14 71 49 5 75 56 98 37 51 57 7 88 20 36 23 46 64 44 65 97 16 29 60 4 55 18 31 59 28 79 1 33 78 22 58 93 82 40 42 61 72 83 73 54 35 62 11 17 94 69 34 74 95 25 26 39 96 89 87 66 63 67 2 77 
100 25 2 35 80 20 39 21 56 87 96 14 4 52 26 11 67 13 70 76 27 33 10 17 62 97 60 49 46 74 50 71 30 47 85 48 88 99 31 54 9 32 75 93 6 1 57 51 45 3 23 36 73 59 91 100 83 41 5 24 81 94 55 63 68 92 37 53 16 22 66 89 65 98 61 38 42 86 90 15 29 79 7 58 8 82 84 40 77 19 34 72 95 18 64 12 78 44 69 43 28 
100 63 52 34 61 97 24 1 51 54 31 32 70 48 85 14 47 40 15 98 62 93 16 64 96 6 44 92 17 57 39 30 11 86 73 29 76 99 46 49 94 8 25 65 95 12 13 79 60 23 38 5 67 35 50 75 28 43 18 83 77 84 2 42 27 53 45 20 78 82 10 100 55 68 4 37 69 91 72 33 66 81 19 26 41 9 89 88 22 3 87 7 59 36 74 56 21 80 71 90 58 
100 81 94 48 56 40 2 13 27 43 37 87 97 83 34 86 60 62 70 59 12 65 15 74 69 7 16 72 100 29 8 39 42 66 57 26 80 77 54 82 53 41 75 55 95 30 71 58 6 96 31 98 45 85 79 21 88 1 68 91 46 19 3 11 10 73 33 76 84 28 78 61 24 20 67 50 23 17 92 22 14 52 47 38 49 18 5 9 93 36 90 64 35 51 89 63 44 25 99 32 4 
100 28 36 15 13 87 91 12 76 61 64 48 77 95 38 89 2 4 67 25 31 63 62 33 37 99 14 11 26 75 97 30 47 16 46 22 17 8 51 59 1 32 41 44 69 21 35 66 45 80 39 60 50 7 3 40 5 19 42 94 83 73 88 23 92 71 81 82 65 9 20 100 68 58 74 84 53 57 10 90 55 49 96 29 85 70 27 93 56 72 18 86 79 34 78 54 52 6 98 24 43 
100 99 45 14 50 1 78 5 66 90 80 54 37 12 61 76 62 67 56 75 77 15 21 51 24 23 2 89 16 20 81 53 69 25 48 83 70 11 33 71 9 19 32 18 7 49 87 42 63 46 68 4 36 41 88 26 72 43 64 10 65 92 59 35 3 31 6 94 38 79 60 22 73 85 13 17 34 8 47 52 84 40 82 28 93 58 97 57 74 44 91 29 27 30 86 39 55 100 98 95 96 
100 40 80 23 36 86 27 63 60 54 13 39 24 43 88 85 61 75 77 69 31 9 48 12 59 22 16 52 47 79 1 10 81 97 92 49 64 14 57 3 82 72 70 91 19 87 33 35 11 2 50 25 42 100 96 26 15 34 65 58 95 83 76 99 6 17 37 53 5 21 55 44 30 56 73 71 38 90 84 68 32 94 51 7 89 29 46 67 66 45 93 41 8 74 78 18 4 28 98 62 20 
100 23 54 65 44 91 53 12 37 62 100 88 56 14 71 63 76 98 85 28 33 51 50 24 49 9 66 81 13 1 75 99 73 97 6 35 41 46 5 2 25 61 8 58 38 52 34 78 74 36 72 67 29 89 55 21 40 4 83 70 20 92 18 10 86 48 80 7 31 77 64 96 59 15 3 17 94 90 68 87 11 47 27 93 19 45 84 60 30 43 22 82 16 32 95 42 57 26 69 79 39 
100 52 60 49 73 48 53 71 84 82 5 45 59 69 70 93 6 98 77 68 67 42 35 8 54 89 7 20 12 72 75 14 3 55 33 62 15 19 51 41 11 57 96 88 29 27 87 13 99 1 97 61 25 65 80 79 91 86 83 100 58 21 36 24 81 10 63 26 22 78 74 9 94 28 50 43 92 30 47 56 46 2 32 34 4 95 66 23 39 17 38 85 44 37 18 64 40 90 16 76 31 
100 2 22 29 48 52 53 56 14 37 38 60 80 19 31 96 95 75 57 98 72 6 47 68 63 74 79 25 91 99 89 77 86 73 33 62 1 27 87 94 55 39 20 30 12 51 10 70 49 84 35 64 82 11 100 43 28 26 71 16 90 46 17 4 21 40 18 78 36 54 83 3 8 34 97 5 44 81 93 23 59 41 13 32 9 88 50 24 65 61 85 69 42 58 76 66 15 67 45 92 7 
100 91 15 77 4 51 78 38 27 98 57 2 53 5 21 87 11 58 90 97 13 3 100 72 28 79 88 65 54 60 42 25 52 9 40 75 6 32 70 56 69 22 30 14 67 24 10 82 8 83 1 61 18 92 95 26 85 43 55 66 41 89 59 29 80 99 48 23 50 84 37 45 49 71 34 96 47 17 12 76 63 94 93 81 33 39 74 46 35 7 31 64 68 44 16 62 20 86 36 19 73 
100 64 30 76 7 1 56 33 52 65 81 37 92 13 49 99 74 40 84 87 5 48 14 51 19 82 12 88 90 44 39 58 18 94 85 95 41 2 89 27 28 63 68 8 72 59 71 42 43 22 23 29 10 79 6 31 47 16 9 36 38 4 54 34 96 69 57 91 86 67 77 35 75 61 78 50 93 62 15 53 46 3 66 97 17 80 55 100 11 20 73 83 25 26 45 70 60 32 24 21 98 
100 46 36 65 76 28 22 87 74 85 30 35 60 19 27 88 98 39 33 20 44 67 38 41 45 34 90 26 52 82 47 7 57 21 18 54 97 66 16 78 17 75 71 61 100 43 50 92 42 83 51 1 23 25 31 56 2 58 69 63 79 8 84 72 40 15 53 11 10 12 48 64 96 3 59 80 89 24 4 5 95 9 14 93 55 62 6 91 94 86 29 99 32 73 81 68 49 13 37 77 70 
100 32 65 62 99 55 43 11 24 29 92 83 38 49 93 67 27 45 66 73 98 72 71 5 86 3 58 34 50 23 22 13 52 1 21 78 4 31 41 79 68 96 81 39 61 44 59 42 90 48 75 100 14 97 2 7 36 74 15 89 70 8 12 63 76 6 53 57 94 26 77 40 37 25 18 69 17 16 95 60 91 82 64 33 47 87 35 10 51 30 88 19 28 80 54 85 9 56 20 84 46 
100 26 41 29 86 9 32 83 11 46 36 67 77 55 1 18 38 50 66 27 33 43 99 68 8 96 76 95 25 13 70 7 22 12 75 84 78 14 10 24 82 90 44 60 91 5 92 72 3 4 94 20 54 63 62 17 59 34 35 80 28 42 23 89 39 2 48 47 100 81 15 65 64 74 61 58 69 45 30 21 88 37 71 52 40 79 6 51 93 16 98 56 73 19 49 97 53 85 31 57 87 
100 39 98 30 80 19 20 49 87 72 17 32 93 18 31 46 70 59 55 81 78 34 44 94 37 61 67 1 22 77 9 48 82 45 56 65 8 86 53 16 76 57 7 74 60 89 15 41 79 66 90 35 43 40 3 14 21 68 25 84 75 83 12 63 42 95 88 10 58 91 11 51 2 96 5 73 33 36 99 100 62 54 64 6 50 38 24 92 47 85 52 69 26 71 28 27 97 23 29 4 13 
100 45 25 29 31 26 34 41 98 47 23 84 37 36 43 61 73 67 3 56 35 57 68 28 16 54 5 12 22 49 71 44 66 9 2 83 60 76 79 14 87 42 100 48 52 15 53 89 88 70 46 18 85 50 95 69 27 74 93 59 38 55 51 65 96 7 33 72 80 1 92 77 8 13 11 97 91 94 90 63 17 21 58 78 40 82 32 99 62 19 10 64 4 75 39 24 86 20 6 81 30 
100 96 41 45 64 10 70 46 38 47 52 34 19 62 5 76 66 15 94 55 18 20 22 11 26 24 17 98 83 91 71 2 67 97 42 88 35 95 27 8 23 65 100 60 53 28 93 13 14 40 85 25 92 89 86 7 78 90 48 69 61 77 57 82 58 79 31 3 37 84 54 36 75 73 59 87 39 43 68 16 49 51 56 63 81 6 72 50 21 29 33 74 9 1 30 44 80 99 4 32 12 
100 25 6 85 73 37 50 100 75 5 62 38 20 19 35 57 47 31 97 42 53 68 76 15 99 69 45 17 84 87 74 36 92 90 54 32 34 8 65 11 79 39 89 95 12 80 26 71 24 4 83 58 30 63 66 29 60 70 51 27 22 78 48 81 82 94 14 43 91 41 23 64 18 55 72 21 3 56 77 61 46 10 52 13 2 28 44 59 49 33 67 40 1 9 7 88 96 16 86 93 98 
100 96 71 8 84 24 56 16 45 52 74 49 4 34 29 87 54 27 50 80 94 30 22 12 13 33 93 5 65 2 7 70 41 61 59 20 90 40 63 31 14 55 43 81 72 11 48 98 47 42 10 92 76 58 17 91 73 44 23 51 100 6 68 69 83 99 67 82 77 62 37 85 86 28 26 36 53 25 75 60 78 66 18 88 3 97 57 89 46 1 21 64 19 38 15 79 32 95 35 39 9 
100 45 76 17 16 93 18 79 55 85 75 80 82 21 73 63 47 13 28 77 100 35 50 3 66 37 99 68 65 87 41 86 6 19 70 84 98 24 59 40 12 44 60 38 30 26 97 90 25 5 29 11 43 48 22 33 27 89 14 67 92 49 52 83 4 31 62 95 88 46 53 20 58 74 7 32 51 42 8 94 2 91 10 78 34 81 56 64 57 9 23 71 54 61 36 39 1 96 69 72 15 
100 52 60 23 18 21 14 30 40 59 57 6 13 22 24 87 73 44 90 95 26 12 38 68 56 97 8 53 1 36 20 48 49 11 3 31 99 35 88 64 67 34 93 80 33 15 37 62 86 94 55 2 39 27 17 61 76 92 16 19 43 58 69 83 89 71 79 70 65 42 77 51 32 28 45 54 91 66 63 50 41 84 10 100 25 4 29 78 81 85 46 72 96 5 74 9 75 47 7 82 98 
100 20 5 51 10 69 54 49 37 57 41 83 22 8 16 56 46 15 6 7 34 31 79 59 9 26 66 4 94 1 86 97 78 19 25 29 48 99 30 21 100 28 14 13 39 68 33 38 35 62 55 58 90 91 43 95 65 76 2 36 93 80 40 42 89 61 74 3 70 24 77 47 44 71 67 87 52 72 92 85 75 45 53 12 73 32 81 60 23 98 17 18 63 84 27 11 82 50 96 64 88 
100 34 41 54 60 53 47 20 32 26 80 97 66 8 85 91 7 79 75 88 63 76 30 22 86 81 93 45 29 82 13 44 84 74 87 55 25 35 94 72 56 58 70 10 51 78 14 49 68 11 43 36 77 100 71 90 96 98 40 16 4 50 3 27 42 17 5 18 65 1 31 28 15 19 12 6 99 59 46 95 37 23 62 57 89 73 9 48 33 67 39 69 24 92 38 83 52 64 2 21 61 
100 76 21 71 6 70 78 64 5 58 41 90 30 19 36 80 60 85 54 84 82 25 4 14 63 98 69 49 2 51 83 81 67 17 34 39 37 11 96 20 38 47 31 32 29 8 1 99 57 93 68 46 79 59 91 40 66 55 22 74 89 43 65 92 33 44 10 18 7 53 72 77 13 73 23 27 28 94 48 35 24 3 26 50 56 61 52 42 16 86 45 97 95 62 88 87 15 100 9 75 12 
100 48 59 41 80 38 58 36 77 12 47 70 42 20 9 71 25 27 75 69 8 7 22 19 50 94 14 51 81 30 18 82 61 26 5 2 56 40 85 64 78 87 98 16 91 29 32 60 24 96 66 89 83 37 54 13 88 4 15 17 31 46 53 23 100 57 6 34 52 39 33 79 49 43 67 11 1 3 35 99 45 76 44 62 55 84 21 10 73 74 92 68 72 28 65 63 86 95 90 97 93 
100 80 71 44 28 13 22 65 14 79 46 78 86 26 57 58 12 17 35 37 85 24 62 75 83 25 42 9 40 53 73 5 15 68 93 49 87 11 56 59 38 39 2 27 4 67 34 77 51 7 32 10 94 19 16 30 60 97 36 33 92 91 99 55 88 63 96 95 31 43 81 54 41 64 29 50 89 90 98 23 18 45 21 52 76 70 8 74 82 6 3 100 47 1 61 72 84 69 66 20 48 
100 25 39 45 83 21 36 18 85 99 46 54 58 66 68 51 77 69 56 34 35 97 15 63 53 80 65 70 11 96 4 61 9 98 32 84 89 79 49 48 30 2 100 27 29 14 75 41 6 28 47 64 33 44 7 67 17 20 40 88 38 50 78 86 90 42 16 10 76 5 3 93 1 13 60 24 91 52 23 37 82 19 92 71 12 62 57 31 73 26 74 81 87 94 8 72 43 22 95 59 55 
100 26 80 42 21 5 86 93 53 31 100 98 10 32 37 36 3 46 90 66 13 24 33 69 16 20 81 30 48 49 61 85 27 35 40 43 34 92 9 67 56 14 41 2 94 39 45 47 59 78 17 50 58 74 15 75 23 22 83 70 82 54 52 62 28 18 96 6 95 11 8 38 12 73 29 97 89 1 19 88 68 99 65 84 77 79 7 76 63 60 57 87 51 4 71 72 25 55 44 91 64 
100 26 72 4 90 27 12 55 69 81 75 67 73 88 7 68 79 34 11 53 22 77 2 45 97 38 61 25 70 54 1 57 31 21 6 41 33 47 35 87 100 89 82 99 46 60 15 51 66 32 29 5 9 23 52 40 13 39 98 94 96 74 64 18 80 17 50 30 49 28 43 14 10 71 58 78 65 92 42 95 37 44 56 93 63 8 19 20 85 62 76 24 83 91 86 3 59 36 16 84 48 
100 82 31 91 27 29 61 66 73 95 45 93 11 13 86 17 50 89 51 40 8 84 34 4 39 79 62 23 70 19 99 36 32 80 3 96 64 5 6 35 72 68 21 92 56 22 9 59 48 37 94 100 81 97 90 16 60 33 46 1 54 30 18 53 52 12 87 43 24 15 41 49 65 77 78 55 7 58 88 67 20 2 98 44 71 47 75 69 85 74 10 38 14 83 63 76 25 26 42 57 28 
100 44 70 91 95 38 34 11 62 47 74 86 9 59 88 80 1 52 54 50 13 28 26 94 4 78 100 15 99 5 76 68 53 41 31 98 6 42 79 60 58 45 21 65 87 37 77 82 61 71 3 43 64 66 84 36 12 24 90 56 46 93 7 16 67 72 55 83 75 85 35 14 69 57 20 17 18 92 22 51 48 29 49 39 97 25 10 73 2 19 32 89 63 27 33 40 30 8 23 81 96 
100 97 40 36 76 90 27 56 64 89 73 50 62 71 61 2 17 26 78 63 33 3 7 21 83 43 75 46 25 38 52 35 41 70 68 20 14 5 31 8 53 24 65 4 81 96 74 45 34 29 12 86 42 92 19 32 39 98 95 15 11 57 58 80 100 88 94 60 77 91 79 6 30 84 47 1 54 28 99 9 87 16 69 44 13 66 72 85 93 18 22 51 49 59 23 67 48 37 55 82 10 
100 1 27 40 53 94 88 86 67 30 57 43 96 28 78 92 64 5 38 50 65 2 61 89 29 48 55 76 25 8 80 98 26 51 19 4 6 71 23 12 73 34 74 59 13 18 85 58 49 69 66 36 11 81 56 47 83 100 20 37 93 63 82 35 91 87 99 52 68 95 44 41 60 10 75 33 9 17 15 54 42 97 77 62 7 16 32 24 84 46 39 31 70 90 79 14 45 3 21 72 22 
100 59 11 44 96 60 7 99 75 64 17 74 61 22 5 98 24 3 97 92 13 76 49 9 85 31 88 56 47 2 78 72 1 51 33 100 29 77 36 30 10 6 25 79 71 32 82 91 4 16 94 93 27 45 70 62 89 14 46 87 8 73 86 26 38 50 65 43 23 39 68 95 66 41 69 54 55 18 52 58 37 80 90 12 40 35 67 34 81 19 48 53 15 20 84 83 28 42 57 63 21 
100 61 69 8 81 3 59 27 2 56 57 13 12 39 11 74 17 92 48 20 9 1 31 23 29 35 87 76 96 72 15 98 82 7 49 37 5 78 4 77 32 93 79 94 38 90 97 26 34 30 60 33 99 100 73 45 18 62 10 50 88 95 55 67 52 83 24 40 51 80 64 14 75 84 63 65 6 16 47 89 41 70 66 28 21 71 36 58 43 44 86 53 85 46 54 22 42 91 68 19 25 
100 43 44 87 34 51 78 27 70 79 41 92 21 80 29 28 68 93 49 4 90 89 83 95 1 71 69 42 30 61 36 31 98 48 88 35 8 56 23 32 73 19 15 20 24 2 14 55 9 63 91 46 94 50 25 26 39 58 10 18 75 6 64 100 16 5 47 66 65 38 7 84 60 59 67 96 53 52 74 54 37 72 45 85 81 22 86 13 99 97 3 82 40 12 33 57 17 62 76 11 77 
100 33 88 45 29 8 87 94 16 37 38 27 89 5 97 64 54 53 100 31 60 10 65 78 77 47 30 3 85 50 55 20 70 61 58 34 7 63 82 81 56 44 67 69 52 73 93 21 1 83 96 72 91 25 68 92 41 17 48 6 62 75 14 42 99 12 39 51 24 28 46 35 80 32 95 40 43 36 9 86 23 57 59 26 49 15 84 66 4 98 71 22 19 2 79 74 13 76 90 18 11 
100 98 92 41 54 77 72 97 86 35 13 25 91 24 59 84 2 19 40 71 33 28 99 45 58 73 56 80 63 52 46 89 10 36 64 5 37 23 74 87 66 51 68 57 29 88 82 27 4 65 43 31 48 60 95 15 94 47 21 8 61 75 1 50 96 11 20 38 22 81 39 62 90 83 79 9 32 70 55 78 34 44 67 76 69 12 18 42 26 14 53 17 85 6 93 100 3 7 30 49 16 
100 39 45 49 63 67 64 38 4 48 74 88 18 83 9 12 75 60 95 91 46 93 71 81 50 62 40 17 35 19 78 65 21 34 29 70 3 92 99 32 94 100 84 42 16 77 44 56 30 79 68 90 8 73 25 53 85 27 36 22 98 24 66 86 31 61 96 89 69 41 2 7 20 58 13 26 59 52 15 6 1 76 47 11 5 37 55 72 57 97 33 51 80 28 82 23 87 43 10 14 54 
100 1 31 77 62 5 36 47 82 4 6 89 67 80 15 13 18 11 29 64 10 74 93 94 71 91 58 46 84 75 69 53 50 3 96 26 16 54 48 63 81 60 2 97 61 72 39 8 32 73 17 23 34 42 66 68 100 37 22 86 76 19 7 33 21 83 55 41 51 25 52 49 20 24 99 70 78 14 85 43 9 87 92 56 12 98 27 30 88 44 95 38 79 45 40 59 65 57 28 90 35 
100 82 87 78 7 52 16 53 30 36 43 81 59 21 100 90 17 2 58 75 11 55 92 83 56 64 89 48 15 91 35 22 65 95 51 13 44 40 34 60 54 5 26 47 69 99 10 29 96 80 49 57 98 88 23 24 86 68 18 73 38 12 9 28 66 41 94 8 76 77 4 39 14 31 45 27 25 1 93 67 3 85 71 70 6 37 63 74 20 19 61 97 84 72 32 62 79 42 33 46 50 
100 20 41 27 91 74 56 28 48 49 93 97 98 82 73 30 78 11 45 21 53 63 80 34 4 9 55 47 25 3 58 23 67 7 96 12 32 59 37 79 17 64 13 39 26 87 100 52 19 90 88 57 70 54 10 16 8 31 62 61 29 2 77 72 66 81 42 40 89 51 35 85 84 18 69 71 43 94 36 75 1 22 38 46 50 60 76 99 6 15 14 65 95 5 83 86 24 44 33 92 68 
100 31 77 32 33 72 13 16 44 57 14 11 9 28 96 2 21 85 87 4 94 61 100 78 41 45 56 52 10 65 39 3 91 48 74 79 83 5 24 93 34 37 59 82 19 81 70 6 36 47 40 75 20 23 99 71 49 68 63 55 80 88 58 64 54 30 26 73 60 1 66 27 92 43 67 15 86 18 53 51 17 50 22 89 29 76 25 98 42 46 7 12 69 84 95 62 35 38 97 8 90 
100 21 3 67 10 75 89 61 48 16 81 37 33 43 27 77 38 93 100 65 32 17 98 64 52 8 39 91 24 25 14 20 55 69 74 54 59 36 5 30 82 40 22 34 99 9 87 50 51 42 2 88 96 63 4 76 15 95 79 23 86 57 19 78 47 13 80 7 90 72 58 18 92 97 49 41 53 26 85 68 60 56 84 46 44 6 11 66 28 1 12 31 94 29 35 70 62 45 71 83 73 
100 61 13 91 52 81 4 43 18 17 97 29 19 34 40 51 100 76 54 35 55 41 49 11 30 62 85 47 25 96 56 45 7 77 46 93 71 6 95 66 72 21 73 74 88 31 24 2 82 59 53 28 79 1 90 64 23 94 39 87 92 33 78 60 15 70 37 65 57 14 3 99 26 69 20 12 5 68 58 27 80 89 67 83 50 38 75 44 8 48 32 10 42 36 86 98 22 84 63 16 9 
100 67 43 8 61 52 97 36 77 15 27 90 72 92 68 87 79 23 66 69 26 13 42 46 48 70 74 7 41 22 24 86 65 91 93 85 71 60 33 62 18 40 5 100 54 12 63 3 98 58 94 59 73 16 20 83 49 47 32 25 50 96 37 53 2 29 78 51 99 19 88 21 1 84 95 57 76 31 11 10 82 28 89 4 81 80 17 55 14 6 56 30 44 35 38 34 45 75 9 39 64 
100 47 8 62 44 51 82 52 90 67 85 48 95 100 69 39 93 32 65 81 30 80 22 26 42 97 98 61 29 16 34 64 72 12 7 68 2 53 43 35 84 18 96 40 11 9 38 37 88 78 21 20 54 46 75 59 6 58 87 66 41 79 60 25 5 86 19 14 74 27 28 36 63 55 73 83 49 99 91 77 3 89 45 71 4 50 13 57 76 17 70 24 31 94 10 56 92 15 1 33 23 
100 75 100 93 15 97 86 73 13 77 76 20 6 92 14 17 24 55 34 61 47 39 18 56 37 67 82 50 63 89 46 60 90 36 28 43 2 40 8 98 68 54 48 35 99 52 64 65 70 30 88 7 4 58 44 1 21 33 23 38 91 25 26 11 49 31 32 5 45 22 27 9 19 62 85 81 83 79 72 95 16 66 71 29 3 53 78 41 59 84 74 42 87 96 80 10 57 94 12 69 51 
100 79 39 49 2 14 24 44 82 51 9 89 75 58 8 20 84 4 38 27 90 25 68 88 57 12 16 41 11 97 31 63 99 17 73 32 53 55 45 23 1 64 91 72 76 35 74 100 61 86 81 93 48 42 21 43 33 66 80 13 52 85 95 77 94 71 3 18 92 15 70 87 36 67 60 30 10 26 29 47 5 96 46 7 56 54 40 28 65 6 83 59 37 22 69 50 62 34 98 78 19 
100 27 37 98 84 57 89 72 42 83 2 21 49 77 20 93 65 78 18 90 23 81 10 54 19 55 7 58 9 61 24 4 38 95 46 39 74 96 86 94 85 67 75 99 29 32 48 22 73 43 59 53 41 36 56 92 28 15 35 26 45 40 88 8 31 25 76 1 69 100 14 64 33 68 47 44 17 3 11 91 60 13 97 80 52 5 50 51 63 79 82 71 87 12 66 30 6 70 34 16 62 
100 72 48 24 94 27 40 30 55 7 85 38 31 51 97 52 92 10 100 15 23 21 49 14 41 42 46 34 47 16 89 56 68 54 64 63 67 90 96 83 12 81 44 74 61 91 50 65 77 95 33 45 35 5 69 20 6 8 1 71 36 32 76 59 86 4 28 37 82 99 11 73 80 87 70 79 43 84 17 66 25 3 53 26 19 2 60 9 57 22 39 29 75 18 58 78 98 13 62 88 93 
100 31 87 22 20 94 7 64 42 51 85 55 46 37 10 36 95 60 9 59 45 57 39 48 100 2 43 84 54 5 26 83 49 67 23 96 8 41 81 28 12 13 50 11 68 90 1 35 30 40 99 65 19 47 74 33 44 62 27 72 53 58 86 97 16 80 56 66 3 92 34 69 77 52 17 18 75 21 24 15 93 25 78 71 61 38 82 79 89 14 6 63 29 4 73 32 91 70 76 98 88 
100 65 97 15 85 87 16 7 37 61 66 8 34 5 89 44 74 75 12 55 84 92 99 32 39 76 51 63 46 80 22 52 45 72 94 93 36 73 4 58 86 13 2 19 91 95 42 27 96 82 68 81 9 59 17 11 26 1 10 90 78 83 54 31 30 38 77 79 71 69 41 64 14 29 18 28 35 100 47 88 57 21 49 70 67 53 56 6 33 98 60 48 62 23 3 43 50 25 20 24 40 
100 80 12 69 45 26 54 24 31 27 60 84 86 88 68 14 89 3 87 99 93 28 22 36 72 33 58 51 42 1 48 82 46 53 30 57 8 100 15 56 55 38 62 85 43 95 10 78 90 79 9 23 34 20 98 91 61 13 2 73 92 81 76 5 16 64 17 35 6 21 40 44 59 29 96 25 83 49 77 32 71 94 41 52 63 65 50 66 74 47 4 67 18 37 97 70 19 39 11 7 75 
100 97 52 20 81 22 80 69 27 2 73 98 11 72 38 24 96 82 16 83 61 95 59 48 46 62 58 19 55 89 70 87 37 75 74 21 30 49 1 68 23 65 78 99 45 34 53 26 41 18 35 43 100 44 91 25 28 94 67 88 36 4 77 60 54 3 8 9 84 17 39 29 90 86 15 32 57 85 64 6 79 50 42 76 40 7 14 66 5 51 31 13 93 12 56 10 47 92 63 71 33 
100 41 9 18 69 45 91 59 8 38 98 99 12 24 74 60 31 5 39 87 94 1 78 14 3 67 43 58 4 30 44 26 53 15 37 90 84 89 65 52 93 17 32 88 55 7 27 13 96 56 100 86 22 50 36 46 72 79 76 83 19 51 10 42 57 85 47 20 11 16 49 97 77 21 61 75 66 54 80 64 82 73 48 92 25 71 29 33 62 63 40 34 81 2 70 23 6 68 35 28 95 
100 41 22 39 14 68 3 80 98 79 93 81 29 24 89 56 84 96 26 12 10 7 16 2 60 23 8 88 1 100 47 38 75 90 86 91 69 64 74 45 46 54 6 20 35 95 72 9 30 67 21 33 13 32 25 87 5 76 85 15 48 18 78 92 37 31 77 4 55 11 44 82 57 99 50 97 53 40 63 73 70 43 59 49 19 62 94 66 42 17 83 34 27 65 51 58 71 36 61 28 52 
100 17 23 20 61 73 35 84 3 32 54 79 6 87 71 45 39 46 43 63 49 44 57 93 90 72 97 77 8 62 78 36 74 25 16 70 5 75 47 59 88 89 81 1 29 69 38 14 33 12 22 40 65 51 85 58 68 31 27 91 9 86 37 76 2 92 66 53 30 95 67 7 4 99 96 94 26 83 10 24 28 48 19 64 82 41 18 15 13 80 100 34 50 98 56 42 52 11 21 60 55 
100 66 69 7 79 3 85 72 65 52 63 45 32 95 89 17 39 14 46 77 26 4 94 57 74 28 11 67 37 48 70 83 2 20 50 43 33 58 86 76 64 100 96 60 15 8 16 84 51 9 19 98 1 25 22 97 47 23 34 68 41 36 13 71 81 87 93 88 56 10 38 59 30 21 42 78 29 75 61 18 44 12 73 6 27 99 49 91 80 31 62 90 5 82 92 40 24 55 35 53 54 
100 75 47 89 21 72 93 92 7 35 2 84 5 76 17 26 24 45 25 19 99 36 44 10 38 42 54 49 70 74 15 14 68 51 100 28 83 41 40 16 22 95 98 80 1 37 52 43 27 18 50 58 88 78 56 87 31 57 65 61 85 12 30 64 77 55 39 23 13 81 4 62 96 97 60 69 3 6 53 67 63 73 86 8 91 71 79 94 32 90 82 9 46 20 59 48 66 33 11 34 29 
100 32 50 47 8 99 33 59 100 64 34 85 42 58 46 15 87 52 69 93 88 63 91 83 90 48 20 54 23 11 49 86 4 14 56 80 53 67 3 44 74 78 21 60 81 95 68 41 6 29 45 19 2 37 36 77 51 9 76 75 55 10 79 97 43 92 1 22 12 39 40 13 65 94 28 25 30 31 89 7 82 73 57 38 26 5 17 61 66 18 96 16 24 70 35 71 98 72 27 62 84 
100 40 22 80 7 66 14 86 100 18 97 61 44 31 21 51 59 32 93 79 26 36 50 5 62 28 12 4 24 46 25 27 9 48 6 35 57 52 19 58 43 47 42 81 11 78 15 49 77 99 63 2 37 45 34 8 30 41 73 38 3 33 75 96 54 1 88 65 69 92 10 84 71 91 85 29 55 82 90 39 16 60 23 70 94 67 17 95 64 53 56 74 13 72 89 98 76 83 20 68 87 
100 92 68 34 23 69 76 24 60 59 48 30 84 7 63 13 15 39 27 11 53 22 70 57 78 14 85 35 86 77 62 71 21 87 58 26 80 2 44 79 40 18 55 33 90 66 61 19 50 95 81 5 56 10 29 37 45 46 91 96 31 17 73 52 54 41 12 20 8 67 82 47 28 9 51 16 72 1 32 3 100 98 43 93 94 75 83 74 4 64 97 99 49 65 6 42 89 88 38 36 25 
100 41 77 89 39 33 95 36 19 52 100 42 74 96 6 54 64 30 18 3 83 26 78 31 55 87 66 22 56 85 57 8 91 60 15 46 84 53 90 50 20 92 67 93 49 12 2 63 24 59 17 61 10 94 29 99 73 79 81 69 28 51 4 38 70 9 43 16 75 71 97 44 47 11 37 34 58 48 76 72 68 98 21 65 7 35 25 14 5 40 13 88 86 82 27 1 32 62 80 45 23 
100 54 4 70 59 48 64 31 61 57 73 71 20 13 99 53 62 95 81 44 93 69 9 25 67 47 66 86 19 8 80 68 50 46 97 76 36 32 24 10 94 37 63 22 60 90 11 74 91 41 26 21 34 16 82 42 33 17 56 100 58 38 40 92 23 79 43 2 14 96 18 27 6 89 84 88 52 15 35 65 29 3 45 39 51 1 85 55 7 77 5 30 49 72 28 98 87 12 83 78 75 
100 34 59 25 64 78 71 17 57 80 83 23 33 66 44 46 58 30 56 32 69 53 37 28 70 24 48 42 95 20 81 65 1 76 47 55 31 5 82 93 12 38 85 62 52 29 13 97 51 100 89 96 99 2 63 54 49 88 87 9 61 6 4 73 72 40 75 14 27 39 67 26 84 74 77 35 3 45 60 41 98 90 10 86 21 92 8 68 15 36 7 79 18 50 19 22 91 94 43 16 11 
100 53 90 64 72 57 38 41 24 70 42 81 9 36 82 32 98 89 80 61 75 15 34 63 18 13 11 96 66 7 28 50 83 31 44 4 65 17 68 54 52 29 84 6 74 48 37 55 14 76 99 43 21 10 73 92 35 49 47 27 59 23 30 8 67 60 22 69 94 33 86 78 62 77 39 1 56 97 26 100 40 16 5 88 87 20 45 93 19 12 85 58 46 71 2 25 3 95 91 79 51 
100 34 85 51 96 77 82 61 71 41 24 40 38 47 53 19 89 79 5 68 8 58 80 57 95 48 1 39 56 21 63 69 97 100 28 7 67 42 11 29 6 30 76 20 27 15 93 74 46 72 86 22 70 3 36 55 13 49 50 14 37 52 18 64 32 73 33 43 59 78 44 66 60 25 2 90 23 84 98 26 99 87 17 81 54 45 35 16 12 4 88 31 62 92 10 9 91 65 83 75 94 
100 60 54 80 78 79 35 99 51 67 8 49 42 13 72 36 92 44 91 2 45 82 85 10 24 59 90 41 30 27 34 83 97 65 48 39 73 70 100 89 88 76 56 69 81 37 38 74 62 14 71 17 57 22 4 31 61 58 20 18 43 26 98 68 29 96 94 47 5 3 87 55 11 53 7 46 15 50 23 75 52 77 25 66 19 40 16 63 21 86 64 33 9 28 12 1 84 32 93 6 95 
100 83 57 60 16 58 89 73 48 28 96 32 31 93 66 74 39 100 61 76 6 77 59 98 15 63 53 95 51 44 88 36 1 3 52 4 46 24 8 70 26 68 56 40 21 34 90 37 92 71 67 85 80 42 64 62 87 81 75 29 54 12 50 94 79 14 22 41 19 97 9 99 72 13 65 17 20 78 91 49 33 82 86 84 45 11 55 18 38 47 43 69 10 25 7 30 2 27 35 5 23 
100 96 10 79 75 97 86 18 7 87 58 35 31 19 22 29 5 17 62 74 2 83 32 28 94 48 3 100 90 64 23 37 81 47 41 27 66 13 59 53 78 55 40 25 54 33 51 70 15 91 26 34 6 12 67 49 98 50 71 68 99 36 77 57 30 92 44 84 4 76 16 63 89 38 60 20 61 39 69 14 52 65 82 46 43 24 93 21 1 56 95 45 9 11 88 8 73 80 42 72 85 
100 67 40 14 70 77 12 23 43 83 63 79 51 59 91 52 62 26 87 33 99 45 88 42 31 47 84 37 68 36 53 60 69 38 65 48 55 8 86 95 50 81 78 71 30 100 90 76 98 96 19 56 22 93 17 15 75 3 89 25 46 32 58 16 54 34 49 10 66 2 57 74 97 41 64 5 18 24 85 11 61 35 13 82 21 7 28 29 1 73 4 20 80 9 44 6 72 39 94 92 27 
100 49 57 85 90 34 97 23 95 19 75 45 82 52 27 24 60 40 66 72 18 54 71 8 9 89 68 78 12 50 98 94 70 92 26 61 56 7 1 29 80 83 86 31 43 16 36 73 6 46 10 4 28 53 13 47 22 59 2 17 100 81 65 42 15 93 3 77 99 33 5 30 51 63 55 20 76 11 58 38 35 44 37 64 67 41 32 88 14 91 84 21 74 25 69 96 87 79 62 39 48 
100 25 58 31 93 7 10 79 100 72 55 50 42 6 47 37 71 66 24 27 57 64 80 11 12 17 70 48 74 46 21 9 45 77 78 68 35 43 90 94 8 14 40 59 28 3 15 83 61 56 18 98 91 65 34 81 67 76 96 73 54 53 63 19 29 84 30 92 69 49 1 44 26 20 32 95 16 38 97 52 33 2 41 85 99 60 86 23 4 75 22 82 39 51 89 36 88 87 13 62 5 
100 70 56 46 33 63 5 43 36 83 97 37 4 32 67 48 82 86 9 87 10 90 52 21 80 41 51 35 17 2 89 13 74 65 45 76 75 22 91 77 6 94 34 15 93 20 39 72 98 3 88 61 85 24 31 16 95 42 96 79 27 78 1 100 44 71 14 68 49 28 11 25 69 40 81 29 12 57 30 73 7 50 18 54 55 8 84 60 38 62 53 23 58 59 64 66 26 47 19 99 92 
100 92 26 63 28 4 60 51 80 18 52 13 32 25 16 98 30 7 87 59 86 69 3 38 83 23 97 70 77 72 22 81 15 29 2 67 57 55 35 96 47 11 48 50 74 31 85 61 89 10 88 65 33 95 34 14 39 76 5 37 42 99 44 40 93 19 56 45 68 100 62 53 94 66 79 21 9 8 12 36 78 64 20 84 91 82 90 17 75 46 73 1 58 24 49 41 6 54 71 43 27 
100 66 79 19 50 81 73 77 83 71 2 24 92 74 39 64 14 38 63 11 28 93 18 55 82 40 99 41 100 68 88 56 21 61 35 70 43 4 96 7 34 78 27 67 87 84 33 37 15 44 26 31 58 86 97 90 17 72 25 46 54 62 75 9 36 80 53 22 57 49 12 47 13 60 1 94 10 76 65 20 91 52 95 51 29 42 48 32 45 23 3 16 6 69 5 30 85 89 8 59 98 
100 45 51 21 98 28 91 26 11 84 78 6 94 61 47 1 42 54 15 85 97 16 88 31 4 86 67 82 48 27 79 68 8 34 59 80 30 35 57 65 40 63 38 89 90 92 71 44 96 14 60 49 64 77 29 20 9 58 33 52 56 62 93 24 36 19 75 23 66 41 83 43 13 46 55 10 32 72 53 87 2 70 69 25 99 7 39 17 3 100 22 81 73 37 18 12 95 50 5 74 76 
100 35 52 55 5 27 53 40 72 44 70 32 96 98 94 42 8 4 45 17 33 91 48 39 34 12 43 69 10 49 56 82 11 65 90 2 78 67 23 6 21 25 77 66 28 95 74 75 24 14 18 50 46 100 88 51 38 80 16 85 73 7 1 41 61 87 36 31 59 19 92 30 71 68 97 89 93 84 86 3 22 13 54 62 20 60 76 63 79 37 47 15 99 29 9 26 83 58 57 81 64 
100 47 53 76 16 64 68 60 97 18 40 83 17 32 28 45 89 70 63 51 14 49 33 77 42 78 5 80 31 23 37 85 11 69 67 52 62 98 92 81 25 71 24 48 93 82 96 54 15 10 87 58 44 91 72 95 90 88 13 7 74 55 46 26 66 65 9 94 1 36 56 19 84 79 3 57 73 43 30 99 41 21 12 22 6 50 27 86 100 2 75 59 4 61 29 20 39 8 38 34 35 
100 38 9 49 15 82 22 57 16 83 93 21 98 62 97 27 58 39 91 73 46 20 17 80 50 64 30 7 90 12 99 23 47 85 51 34 3 56 88 52 35 54 63 42 71 44 36 74 6 66 29 37 32 76 61 31 69 78 40 28 68 14 75 26 92 65 19 2 94 87 60 59 48 10 100 8 25 13 67 72 45 86 55 84 11 18 33 1 79 81 77 24 41 95 43 4 89 70 5 96 53 
