100 100
6 41 67 95 34 62 59 
1 35 
9 95 56 5 42 96 77 2 70 21 
0 
12 76 70 17 26 86 37 66 34 48 42 9 8 
17 84 42 6 55 16 44 83 100 41 9 92 68 40 78 24 47 39 
14 79 74 12 20 93 84 94 59 90 86 65 91 61 78 
4 61 27 76 21 
20 61 32 78 21 12 43 37 46 40 62 80 76 84 41 65 63 3 95 75 48 
1 22 
12 17 92 32 31 7 46 24 50 99 98 82 90 
20 50 56 24 29 83 49 63 30 68 67 66 87 14 34 11 20 43 64 86 10 
2 24 100 
10 56 85 13 3 41 84 42 17 98 5 
6 86 4 82 13 64 59 
0 
7 73 85 70 69 21 80 58 
4 27 5 73 69 
1 99 
3 42 10 89 
11 79 7 98 15 90 81 33 44 28 4 5 
8 83 74 5 98 25 72 10 34 
20 37 47 45 48 57 86 29 34 90 14 43 46 41 54 7 72 60 85 50 68 
2 50 54 
15 4 46 17 6 72 87 55 59 51 73 34 24 49 83 65 
13 70 69 57 12 90 31 4 30 46 34 45 82 50 
1 48 
9 80 40 13 77 34 57 73 15 99 
16 51 40 44 37 84 77 22 16 56 48 17 58 85 92 88 95 
0 
14 9 37 44 95 76 39 8 90 100 86 83 59 56 4 
7 34 97 4 12 99 27 89 
2 5 2 
13 37 14 39 69 9 25 49 80 21 63 56 32 34 
1 63 
11 94 31 67 44 69 88 50 17 10 28 18 
1 53 
16 43 12 36 67 46 41 3 93 98 17 50 79 96 72 39 33 
7 88 32 51 10 27 26 16 
19 66 34 76 70 31 16 7 22 78 15 27 67 36 2 81 39 85 13 4 
13 75 70 6 65 3 15 44 4 52 82 90 30 56 
20 100 93 96 80 24 99 3 94 42 67 13 16 61 11 5 19 37 48 32 68 
7 14 46 67 72 86 76 22 
8 68 57 99 88 3 29 52 66 
11 17 90 24 79 29 72 57 73 87 82 66 
14 95 56 3 77 64 94 22 89 32 14 73 68 81 37 
19 32 48 25 73 23 3 4 86 55 35 24 9 74 76 97 90 98 11 53 
13 88 50 14 80 79 34 95 85 10 68 12 2 87 
17 79 97 64 40 93 11 83 80 57 100 37 33 35 81 44 6 70 
16 93 97 38 22 55 75 23 52 44 56 68 73 28 32 95 63 
0 
20 99 98 79 52 91 56 34 42 28 93 22 23 39 96 40 62 82 45 37 72 
13 99 29 97 56 63 42 83 82 30 26 38 71 95 
10 82 54 15 14 5 85 71 44 38 23 
13 69 94 21 80 87 91 46 30 52 81 72 18 64 
14 44 92 90 56 35 5 95 53 46 49 99 70 43 36 
20 51 54 24 94 34 37 44 36 81 73 26 15 17 92 46 5 57 98 45 47 
4 34 89 67 29 
3 30 60 80 
8 59 86 100 99 41 48 29 38 
12 59 75 83 97 20 99 89 85 4 81 53 79 
20 25 54 9 22 68 92 81 86 47 19 49 41 1 79 21 30 53 14 48 56 
3 32 4 29 
2 100 90 
9 82 47 33 96 24 84 44 38 49 
10 54 83 19 79 88 98 67 77 84 89 
16 29 14 78 35 79 36 66 51 100 93 96 28 92 47 12 19 
13 77 33 54 47 25 2 100 19 89 91 38 79 82 
1 64 
15 51 28 44 72 50 21 91 17 77 95 19 20 63 22 59 
3 93 74 68 
9 25 43 59 97 61 31 47 67 24 
7 78 40 54 67 61 7 5 
2 98 72 
19 19 31 7 65 57 66 14 87 76 82 13 6 67 83 47 60 90 84 73 
20 40 38 55 17 81 97 79 84 52 49 75 85 90 9 53 14 70 72 4 92 
1 19 
18 89 77 9 98 71 21 86 34 52 90 61 5 27 3 96 7 43 70 
0 
0 
11 71 22 66 31 33 25 27 90 13 52 2 
20 76 78 48 6 93 20 15 99 50 88 62 9 100 71 4 37 12 5 52 28 
9 75 12 25 58 2 80 24 36 71 
19 86 80 47 60 89 13 21 37 16 90 72 10 98 2 39 62 1 66 42 
7 17 1 70 15 32 80 16 
20 83 52 5 88 81 94 2 20 84 92 95 27 32 10 65 62 60 91 40 74 
20 12 8 100 33 80 53 85 4 84 74 72 32 42 78 52 54 5 31 43 38 
1 30 
19 35 45 11 50 2 37 65 18 39 74 7 100 40 73 15 61 22 53 85 
5 48 18 97 73 39 
10 64 83 7 75 27 39 71 18 95 20 
17 5 70 55 56 93 51 6 59 3 32 15 33 36 65 86 92 82 
10 68 2 92 94 31 30 86 44 56 20 
5 55 53 20 69 3 
12 61 8 46 93 5 94 21 60 100 15 66 56 
16 59 68 22 63 11 34 20 95 1 15 30 76 48 83 9 44 
14 82 41 66 71 92 83 18 72 31 100 53 51 99 81 
1 99 
0 
10 35 5 19 6 14 31 66 3 47 74 
4 84 96 85 62 
11 93 3 68 89 84 86 83 48 40 33 81 
12 47 94 38 41 78 14 44 92 46 9 100 42 
14 21 40 26 25 61 31 87 76 41 47 63 15 32 82 
18 86 18 57 56 73 14 3 82 100 33 92 87 42 54 95 21 78 22 
8 6 75 100 49 41 25 92 82 
9 91 21 89 23 78 11 40 75 73 
4 95 31 87 5 
10 82 62 96 78 34 76 6 47 5 31 
8 84 39 86 12 20 36 48 22 
6 47 12 96 42 49 89 
10 87 9 82 26 7 32 48 67 83 38 
8 40 14 42 84 81 28 15 75 
12 100 12 75 76 67 46 23 48 34 43 62 54 
12 85 40 89 28 96 92 54 57 41 95 21 82 
7 84 6 85 42 29 39 40 
12 85 76 11 14 57 70 5 38 29 25 36 45 
6 36 90 89 91 55 97 
9 66 67 75 100 68 42 70 62 77 
10 93 7 96 91 86 70 94 61 12 82 
11 70 9 34 3 78 8 62 17 84 95 55 
12 52 50 46 70 96 29 81 43 40 10 89 62 
4 52 50 47 54 
12 45 12 42 83 6 72 47 65 11 25 57 13 
8 81 68 72 34 83 22 47 62 
4 53 39 5 57 
9 18 91 78 81 39 32 40 86 8 
7 67 82 70 36 21 52 50 
9 60 12 58 63 45 44 23 53 67 
10 62 12 41 26 93 88 53 59 55 96 
11 87 72 81 36 11 40 26 100 97 93 75 
13 50 39 63 42 47 11 92 9 34 87 86 85 46 
8 65 81 21 92 38 87 68 49 
17 96 34 25 58 22 26 5 40 78 23 48 52 12 28 32 1 57 
7 56 49 47 67 89 2 100 
7 56 38 40 92 57 83 67 
14 23 9 42 34 89 5 49 46 57 31 82 29 52 84 
8 68 76 65 60 87 54 50 53 
10 84 90 34 38 31 52 6 89 40 91 
10 76 86 9 28 6 52 73 89 49 29 
9 1 14 62 9 38 60 6 97 23 
10 84 53 3 87 6 5 20 52 14 42 
8 56 23 78 87 9 72 12 38 
15 36 56 96 70 41 65 93 31 6 21 57 29 54 50 49 
5 52 26 57 23 89 
11 11 25 23 9 26 43 38 55 56 57 95 
11 57 65 23 6 67 84 72 100 75 68 62 
12 47 27 5 29 23 62 42 96 90 9 60 82 
7 25 62 12 76 65 34 56 
11 82 24 11 48 12 36 38 23 89 70 26 
8 57 67 70 29 39 25 97 92 
11 86 50 44 81 82 41 76 55 87 78 52 
10 87 47 56 94 37 61 89 97 62 76 
9 57 54 68 24 66 62 23 87 73 
7 94 25 47 50 92 76 6 
16 29 31 41 56 34 53 14 52 46 3 95 93 50 92 12 62 
8 57 26 45 23 75 44 49 28 
3 29 17 83 
11 1 70 96 60 31 61 7 92 15 25 72 
6 23 84 86 59 75 95 
9 72 8 89 95 9 73 42 78 7 
6 82 52 86 84 9 1 
8 50 9 34 53 12 35 96 70 
7 12 91 15 55 46 49 69 
8 9 75 41 7 86 89 92 25 
12 84 75 100 40 97 67 5 81 12 95 45 44 
12 75 38 73 66 36 72 40 42 58 1 12 43 
12 42 46 62 44 96 50 71 12 23 93 48 6 
7 94 34 36 17 26 18 55 
12 17 56 49 3 85 78 41 92 5 26 76 40 
8 54 82 91 83 97 53 81 78 
14 25 87 22 52 74 76 43 70 38 23 84 97 55 45 
12 46 18 90 75 45 25 50 89 57 17 47 28 
8 71 22 87 100 7 89 47 86 
7 83 76 61 9 50 41 91 
10 47 5 96 82 9 43 8 31 40 75 
8 29 28 3 78 68 70 46 66 
8 87 7 6 40 82 67 9 73 
13 66 76 52 45 61 48 7 67 38 62 21 49 68 
13 17 28 85 83 48 59 34 55 84 42 49 87 9 
11 97 61 57 21 49 62 55 46 76 40 86 
13 68 52 92 75 26 15 45 11 41 97 53 54 65 
14 66 25 86 91 75 53 97 49 12 6 96 22 31 61 
11 7 65 29 14 87 75 9 66 86 76 6 
11 29 76 61 48 23 14 54 87 40 17 89 
14 31 78 60 12 5 62 84 23 7 92 47 43 93 15 
6 75 25 48 55 12 45 
8 48 66 39 36 86 82 29 44 
9 20 66 58 84 78 61 32 46 68 
16 26 64 7 41 21 45 11 81 23 47 75 31 84 76 78 56 
6 52 86 70 68 7 55 
12 86 56 92 93 76 11 62 57 97 6 67 29 
11 50 82 42 49 95 38 71 67 52 92 7 
9 95 57 55 42 46 7 93 36 86 
14 9 86 3 29 53 56 96 48 50 70 31 1 46 91 
7 78 65 42 38 3 52 67 
9 32 90 61 76 49 72 53 47 50 
12 57 14 47 22 11 78 74 38 21 84 52 66 
14 82 61 56 97 11 98 52 60 19 28 53 44 32 42 
14 87 60 97 42 49 67 31 6 64 68 89 82 95 13 
