98
1 68
2 59
3 100
4 33
5 10
6 9
7 49
8 75
9 66
11 4
12 87
13 18
14 30
15 96
16 48
17 51
18 45
19 60
20 35
21 47
22 17
23 29
24 81
25 90
26 1
27 80
28 89
29 98
30 70
31 91
32 92
33 41
34 21
35 6
36 78
37 58
38 82
40 27
41 16
42 32
43 84
44 23
45 61
46 42
47 36
48 22
49 26
50 94
51 54
52 8
53 25
54 56
55 24
56 72
57 99
58 7
59 20
60 97
61 50
62 2
63 63
64 64
65 44
66 5
67 83
68 14
69 74
70 95
71 88
72 38
73 85
74 3
75 28
76 53
77 86
78 34
79 73
80 31
81 13
82 71
83 40
84 76
85 37
86 15
87 62
88 43
89 55
90 12
91 39
92 19
93 79
94 52
95 11
96 67
97 93
98 65
99 46
100 77
