100 100
67 68 71 23 52 41 83 88 62 22 30 61 93 60 84 18 12 94 48 25 66 81 59 42 98 24 95 49 96 2 14 53 28 86 37 78 20 19 3 4 74 91 72 63 87 69 45 64 10 26 73 100 50 43 27 36 33 7 89 65 21 29 34 97 57 1 58 51 
43 88 96 35 59 83 33 4 19 80 78 17 97 48 73 46 81 1 31 14 60 7 16 53 64 27 94 67 51 72 85 11 5 50 3 38 13 95 18 26 87 32 89 49 
15 87 97 41 85 31 61 21 42 83 18 37 70 9 100 78 
49 58 70 41 40 73 33 34 100 38 28 90 51 80 22 15 1 8 26 62 60 42 23 83 45 89 27 36 14 19 88 59 52 82 32 21 87 9 65 50 98 85 3 99 13 55 86 7 69 12 
90 62 41 45 83 53 33 80 10 55 99 82 73 49 36 88 57 65 29 74 61 34 52 43 100 17 64 9 19 24 25 11 60 20 71 39 15 46 8 51 23 76 92 2 21 93 69 68 38 90 78 47 67 72 87 70 66 91 75 44 32 56 85 96 89 27 22 7 86 13 3 5 48 54 26 16 37 42 63 59 30 58 6 40 4 35 14 18 77 50 97 
98 28 9 46 26 87 5 20 84 60 82 21 3 92 59 75 12 86 99 32 61 40 17 55 37 58 6 93 1 74 72 96 98 89 88 71 76 95 27 81 15 22 66 69 39 2 67 83 57 10 77 73 51 30 43 49 16 63 70 8 36 18 33 4 85 42 54 94 48 91 53 56 52 68 80 47 35 34 24 41 97 62 100 23 44 25 14 50 64 31 7 38 65 45 11 78 90 13 79 
25 20 7 38 81 49 53 80 25 28 79 75 29 78 65 12 46 96 41 18 84 87 77 32 69 4 
86 9 75 90 65 25 17 42 5 69 92 83 84 32 64 56 88 23 14 63 71 39 19 53 1 98 67 58 40 80 91 82 29 34 46 26 52 30 99 24 72 62 94 85 48 36 55 33 79 22 47 7 78 10 44 93 100 61 16 45 89 20 66 31 87 81 60 12 27 68 59 76 35 95 50 43 21 6 2 49 11 97 86 96 13 41 37 
72 66 54 64 71 27 60 41 16 90 36 55 34 56 89 58 4 67 68 14 22 91 88 50 97 47 21 10 2 6 26 63 52 38 53 87 11 18 40 13 69 19 1 79 82 92 59 61 72 15 93 17 98 95 83 23 12 45 96 28 57 70 78 25 76 31 51 44 24 62 46 65 3 
1 93 
37 65 48 93 4 16 56 19 76 32 85 73 6 54 50 30 88 96 57 15 40 34 39 42 60 70 38 2 80 9 79 89 36 8 77 91 99 24 
63 87 29 76 47 2 67 45 53 86 14 81 16 22 46 6 31 4 90 35 26 39 30 70 58 66 52 97 72 75 69 51 40 56 8 21 23 82 33 71 92 88 20 34 13 68 94 95 5 73 44 91 49 98 60 25 54 63 50 85 79 28 61 3 
70 44 85 21 12 22 2 18 64 92 56 8 97 78 80 66 61 98 45 79 93 86 23 7 26 59 65 24 34 53 100 1 88 55 96 30 76 49 43 91 54 47 29 46 94 4 13 52 36 40 69 87 41 63 31 15 72 9 16 84 35 68 3 48 5 37 11 57 75 6 81 
49 5 31 94 37 83 89 96 30 100 47 8 82 84 64 39 69 74 33 72 67 90 92 80 51 36 15 62 99 28 34 93 42 53 97 81 2 12 1 7 38 18 21 66 50 78 16 9 46 19 
60 70 17 63 29 78 90 96 59 50 89 68 48 73 99 39 4 41 69 20 97 95 81 22 35 66 18 42 19 32 31 71 98 8 49 47 51 84 80 54 13 28 14 37 44 43 64 2 23 61 91 62 36 74 38 24 12 72 16 21 30 
37 90 93 99 48 14 36 76 95 86 68 9 41 32 88 79 31 27 34 63 28 96 7 12 85 23 75 81 40 73 49 46 92 60 19 33 8 44 
47 28 43 98 2 67 91 19 73 17 51 58 47 48 34 66 11 89 94 44 57 9 12 45 40 97 53 77 82 59 20 92 5 23 71 30 46 14 87 93 36 33 79 63 38 16 26 80 
9 89 11 78 45 42 17 36 56 10 
38 60 24 17 84 97 38 72 66 87 75 32 67 100 40 15 22 1 61 70 48 23 71 52 55 74 44 42 54 25 47 6 37 57 34 95 28 7 83 
70 35 88 53 69 91 14 74 23 30 3 15 34 63 19 80 60 51 39 94 73 86 56 78 49 43 83 66 31 87 33 1 5 21 64 37 36 16 71 59 89 55 38 52 76 79 44 11 4 100 90 42 67 99 50 84 54 95 81 40 17 58 77 97 70 92 10 41 29 27 32 
79 47 40 73 10 35 39 91 96 98 45 51 56 36 90 63 48 58 89 9 11 77 16 3 97 84 27 30 53 70 92 2 15 18 33 88 67 5 87 75 93 37 43 24 79 60 74 55 8 59 7 62 76 78 38 57 17 61 68 49 44 64 86 100 81 13 31 29 21 4 22 94 46 12 6 42 41 83 26 66 
78 66 39 78 85 52 81 28 63 62 98 47 17 24 30 51 12 61 22 83 16 69 73 80 4 26 50 41 53 31 8 48 91 1 100 27 59 36 11 86 97 9 87 54 60 58 23 67 94 32 33 45 64 25 5 18 38 76 43 88 42 35 72 2 15 20 10 13 77 99 56 3 89 55 92 70 75 6 29 
5 98 99 29 4 14 
80 81 38 20 65 96 78 50 100 88 3 98 57 83 56 7 19 27 63 58 24 99 8 87 28 39 86 90 40 47 41 53 15 62 97 12 71 31 29 95 21 48 93 79 43 54 6 37 89 77 67 76 34 94 55 26 32 73 84 92 91 69 45 18 16 17 60 82 2 74 22 64 66 61 59 42 33 70 85 1 49 
21 22 90 69 2 26 66 38 80 63 37 25 86 65 56 92 17 5 62 8 51 15 
79 1 83 94 64 33 20 50 62 10 61 95 35 86 39 17 69 14 66 100 23 8 59 74 38 27 82 34 87 41 63 77 55 72 29 98 19 5 65 78 15 97 30 18 85 53 93 9 84 80 44 48 2 52 68 6 12 79 75 76 47 22 36 26 73 54 49 21 13 4 56 25 89 28 60 81 32 45 99 11 
39 45 100 23 78 5 70 52 80 65 29 33 58 83 1 6 95 26 82 4 27 75 73 99 31 2 34 9 97 98 90 93 7 84 35 42 74 21 67 60 
82 56 93 89 68 100 67 64 79 6 77 34 61 22 29 30 31 11 88 92 45 38 66 70 99 17 98 15 13 58 62 87 2 51 72 35 48 27 44 75 81 28 41 59 10 3 52 7 36 91 14 1 18 60 95 63 71 57 20 26 47 53 49 21 5 83 39 33 9 50 55 19 84 23 24 96 78 94 85 32 46 25 42 
49 46 60 98 44 20 17 2 29 23 11 21 69 55 92 8 97 89 99 27 91 6 85 3 19 36 70 12 75 78 53 66 80 62 79 7 96 39 67 57 18 63 83 37 54 41 100 35 82 72 
11 99 22 37 70 80 6 85 41 78 95 29 
73 91 60 61 30 22 92 57 64 2 36 73 82 69 21 11 54 75 23 37 14 93 89 70 40 58 7 38 42 9 96 67 50 12 35 95 88 84 100 34 71 46 99 18 8 62 47 10 20 43 25 56 78 33 13 85 87 48 66 63 39 77 83 3 90 53 27 44 72 15 29 6 79 32 
11 97 2 6 5 100 16 92 87 69 67 82 
47 41 39 85 46 3 68 26 28 57 87 7 81 55 66 38 79 91 100 63 29 99 51 70 2 22 61 10 56 73 65 78 19 52 77 53 6 33 44 17 45 69 1 21 31 48 60 24 
96 48 97 41 21 81 73 17 56 100 10 19 58 40 3 38 33 30 85 37 8 43 90 20 49 23 47 32 44 2 24 54 29 78 87 35 71 52 25 94 28 12 51 18 79 53 96 39 45 22 83 7 72 26 80 88 31 16 5 66 50 13 6 60 27 1 89 65 14 75 57 93 74 63 15 69 91 76 4 95 84 59 46 62 68 34 98 9 61 77 55 64 82 42 86 70 36 
70 41 7 20 1 62 32 6 12 85 89 31 82 54 22 74 51 60 38 24 57 55 70 35 79 76 4 78 23 17 100 66 75 11 88 53 73 86 48 87 91 81 30 77 16 64 42 63 3 49 80 92 72 33 21 61 68 46 67 98 52 26 19 39 50 9 25 37 59 65 94 
12 78 38 75 97 2 77 59 55 44 67 64 61 
12 9 58 46 8 98 59 45 36 88 35 31 92 
22 3 51 54 97 82 63 8 24 37 34 87 41 59 43 1 28 78 89 33 7 98 57 
0 
37 27 61 11 56 22 72 24 44 45 6 53 60 29 39 62 10 19 81 69 85 4 48 77 76 41 17 55 79 12 15 94 100 5 34 96 78 30 
18 16 80 75 69 35 37 28 85 58 40 63 59 3 88 36 2 81 26 
24 24 90 32 33 87 83 13 54 96 47 6 18 65 100 44 86 5 28 61 98 52 56 70 92 
43 56 29 84 69 19 2 50 62 23 9 46 58 61 75 1 90 8 99 94 11 72 71 63 16 47 81 89 27 53 34 100 54 28 18 42 65 95 10 57 82 85 37 36 
18 23 1 29 21 61 83 35 3 75 26 15 22 84 49 7 6 69 100 
87 2 8 88 61 1 48 79 96 67 9 60 52 53 22 99 20 98 24 64 25 89 41 28 94 15 45 84 21 90 57 51 44 95 76 50 19 56 14 75 86 18 6 35 16 30 71 77 85 93 65 87 46 10 39 29 72 66 7 49 70 5 69 11 33 27 80 12 92 42 3 68 36 23 31 62 13 63 32 17 74 40 81 26 4 78 47 38 
43 67 42 68 5 100 97 85 76 37 64 78 81 4 24 75 16 72 23 11 71 25 90 82 1 2 38 59 10 12 43 33 87 70 65 69 94 36 57 26 88 6 93 92 
16 85 6 32 74 70 93 36 57 81 5 34 22 54 79 27 96 
10 47 77 22 95 81 30 5 1 49 83 
57 77 87 46 26 19 27 1 30 38 32 9 88 35 74 83 10 34 5 75 92 7 42 58 40 67 6 100 24 14 29 68 17 56 81 70 65 80 69 44 31 8 39 86 53 93 49 28 72 59 22 63 97 71 54 61 62 25 
62 20 94 88 93 10 50 74 75 52 63 9 72 95 86 80 54 48 25 44 22 59 96 37 43 85 21 67 47 55 8 57 11 90 3 2 84 33 40 30 76 66 23 58 77 70 46 91 31 100 32 41 82 18 5 15 60 83 64 6 61 4 71 
58 54 12 93 88 96 55 44 77 63 6 59 41 21 58 35 95 78 1 75 38 74 71 40 76 17 18 29 52 51 82 22 2 28 43 48 36 19 16 99 14 98 33 65 87 67 4 9 25 79 68 13 72 62 83 47 94 100 97 
7 32 11 8 47 73 62 55 
6 25 44 88 14 95 78 
69 68 27 32 20 23 31 56 62 64 37 80 81 97 58 25 50 14 42 1 53 48 65 35 34 83 76 9 71 74 22 21 30 3 7 61 86 16 18 54 43 96 70 57 93 15 67 63 82 4 78 47 72 98 89 94 75 24 36 44 88 12 8 84 2 19 79 11 77 69 
59 89 79 62 63 24 44 94 57 72 36 13 96 22 35 34 29 15 28 90 27 73 20 97 74 53 50 82 81 98 8 32 66 85 42 39 77 95 91 5 1 23 12 19 48 16 31 47 49 75 54 21 68 52 58 65 78 4 33 92 
60 33 94 49 10 45 67 72 96 87 93 36 63 52 2 59 18 35 58 61 34 65 15 71 91 57 85 8 14 64 42 38 56 23 41 4 80 26 24 11 25 92 27 44 6 68 84 83 46 37 90 28 21 43 54 12 31 89 69 99 74 
58 45 25 96 99 55 98 18 65 79 30 21 39 100 94 34 16 62 81 95 92 44 5 73 13 72 66 35 71 82 29 56 67 91 97 51 69 9 14 88 11 27 59 70 17 28 10 22 75 84 31 60 20 85 32 74 63 93 77 
47 42 67 36 41 18 7 31 93 52 46 17 40 16 55 19 64 53 80 1 45 10 84 35 99 87 6 83 28 86 61 22 13 75 39 12 43 59 49 65 79 63 91 4 48 14 82 81 
79 71 20 2 24 82 50 62 29 43 26 83 11 63 5 84 30 44 80 8 13 74 78 93 72 69 90 86 49 59 33 35 67 98 47 6 4 10 45 37 38 15 66 61 77 94 76 14 51 70 65 75 88 27 7 21 57 89 28 91 60 81 1 92 73 48 17 40 34 87 41 53 32 58 22 85 25 46 23 9 
36 97 4 27 33 17 89 28 90 87 57 55 84 82 61 5 3 99 18 72 30 93 47 45 26 39 50 41 29 9 7 58 77 21 56 73 34 
72 75 92 59 78 50 31 24 11 29 94 99 40 93 76 2 44 49 14 8 41 65 80 83 56 46 23 51 55 7 90 72 25 52 37 6 73 35 19 3 86 85 95 100 54 82 45 77 57 42 63 38 4 89 48 34 20 15 13 26 30 9 62 66 22 10 17 88 64 60 84 47 27 
11 99 50 87 41 43 2 22 58 13 3 83 
23 63 16 30 26 74 49 15 95 83 70 87 57 84 47 86 37 46 65 36 62 23 78 22 
15 62 11 18 50 29 8 23 65 74 64 67 24 75 57 63 
53 73 66 56 5 42 76 44 91 86 72 70 85 62 23 82 49 10 99 13 33 54 30 96 52 12 29 69 18 6 37 100 68 17 97 77 25 24 39 9 38 64 28 45 4 98 15 71 65 36 40 14 41 35 
71 66 37 77 1 5 23 78 47 16 88 54 45 4 71 13 14 82 97 12 92 31 60 86 69 87 55 26 18 89 46 90 81 65 61 76 48 91 32 24 59 44 3 57 67 38 34 2 29 93 74 28 72 70 7 79 25 20 94 63 80 52 83 43 15 39 36 100 9 49 19 62 
100 27 16 87 83 99 35 48 95 29 4 20 69 88 89 86 24 62 36 30 38 71 55 70 6 19 80 2 91 90 23 22 49 31 25 51 39 59 47 63 12 60 56 53 8 68 50 96 94 34 79 3 15 76 93 78 46 17 82 33 85 7 52 97 28 40 98 84 67 64 14 77 5 11 75 10 100 65 37 66 73 58 92 32 26 1 13 43 72 54 41 81 21 42 9 57 61 18 74 45 44 
58 14 17 52 97 35 82 70 80 46 77 3 55 85 76 98 19 29 57 90 41 68 49 88 45 30 69 42 75 32 73 74 11 40 23 4 36 47 63 16 93 95 71 51 61 12 67 31 33 43 9 26 24 60 58 79 5 62 56 
36 74 90 98 49 47 1 76 70 41 64 29 24 17 7 9 67 35 65 8 79 81 99 72 45 19 51 92 87 78 31 48 57 42 10 96 52 
54 93 92 8 95 79 38 58 7 64 43 69 31 32 56 5 20 96 83 73 90 25 70 76 78 52 41 82 51 71 3 6 19 15 44 75 62 49 86 17 2 12 63 53 42 77 54 68 1 14 46 74 67 88 36 
3 39 88 77 
54 91 29 43 38 57 17 84 32 58 18 78 5 4 82 98 2 11 28 56 86 77 9 6 75 63 94 42 62 1 10 40 55 14 24 64 69 16 23 25 87 89 21 39 51 73 66 85 37 46 7 74 15 83 52 
31 61 80 85 2 42 43 41 50 9 91 75 47 97 66 14 95 36 37 21 12 33 11 69 5 67 60 57 1 18 76 68 
97 76 3 84 57 4 37 48 56 22 10 45 88 41 61 34 53 97 11 75 63 29 58 90 39 21 2 80 42 71 85 8 44 26 81 74 94 15 18 69 52 96 98 82 19 73 51 83 59 72 47 99 5 100 46 64 66 86 6 9 12 60 68 14 67 43 89 36 7 92 78 28 70 62 32 77 49 95 27 23 65 54 50 55 30 31 87 33 93 24 40 91 16 17 79 20 38 35 
59 5 16 28 56 80 29 63 9 30 17 43 20 10 52 71 79 59 33 31 35 19 53 69 6 82 61 25 62 81 98 96 64 26 60 3 12 45 49 46 87 94 93 92 86 36 54 66 83 39 88 90 68 73 23 84 21 51 70 50 
84 6 55 73 81 79 98 67 53 17 14 48 37 34 26 63 96 68 21 83 16 30 84 62 2 87 61 1 51 11 78 24 82 5 75 54 85 46 74 47 33 19 60 27 39 56 42 7 13 66 31 71 70 59 88 9 89 28 10 22 36 93 69 18 76 12 43 94 45 64 15 23 52 41 97 49 77 3 90 65 50 100 20 32 38 
49 86 18 95 76 68 20 56 71 97 35 48 89 38 58 16 60 59 99 100 81 37 62 91 67 78 90 11 64 28 92 45 26 73 66 98 87 96 54 53 52 65 43 75 80 21 44 72 15 63 
84 34 1 88 4 66 63 40 32 69 23 65 29 75 96 55 81 99 11 53 22 76 41 3 2 42 84 89 37 92 45 91 9 56 74 15 16 95 14 50 58 44 80 21 94 54 83 6 27 26 25 35 10 28 48 20 30 60 49 64 68 43 31 24 93 13 71 46 90 62 5 67 78 86 100 59 17 72 70 77 33 61 98 57 47 
71 77 28 73 63 65 33 24 48 49 90 20 37 35 3 81 100 54 85 16 4 26 19 78 30 88 31 45 50 46 36 71 72 5 62 23 75 10 12 84 13 55 41 89 58 8 25 61 2 51 66 39 34 32 97 67 11 79 94 57 80 76 96 98 47 87 40 59 17 99 18 52 
84 67 35 52 31 69 94 20 75 4 71 40 19 7 68 10 55 93 49 6 64 81 95 86 2 36 18 92 32 42 41 91 74 30 38 33 77 12 16 73 62 98 82 59 89 88 80 8 85 24 26 60 78 15 65 87 51 47 84 29 11 50 25 44 45 53 97 27 5 76 22 72 3 9 99 100 46 83 37 13 70 48 58 14 66 
9 16 77 48 13 17 7 99 73 2 
78 71 66 42 50 22 6 61 74 20 67 57 17 8 45 65 31 15 60 49 9 12 5 46 39 89 38 95 80 72 27 88 1 87 83 56 70 11 92 76 96 32 40 18 81 98 19 93 63 73 86 85 99 94 30 55 4 28 48 47 62 25 68 84 100 44 69 75 59 43 33 79 90 14 37 13 2 91 16 
50 80 100 87 40 57 39 8 62 4 38 25 30 92 41 7 90 9 78 18 32 75 84 71 69 58 13 94 33 35 52 97 67 83 76 3 26 95 43 48 56 34 12 73 60 14 79 98 74 49 93 
95 76 48 10 28 56 77 70 21 97 38 92 87 94 73 60 90 65 83 79 59 49 30 6 5 42 1 37 26 66 95 50 99 98 15 23 91 85 25 35 89 29 44 8 7 33 88 67 3 31 93 58 41 71 24 16 80 57 2 19 14 61 78 64 100 53 34 40 11 20 12 96 55 82 62 47 75 68 4 22 86 13 27 17 9 43 54 72 39 63 46 74 18 32 84 45 
44 88 37 15 8 95 84 66 9 10 21 56 68 61 78 16 35 93 7 60 41 33 75 92 3 77 49 32 25 94 26 6 57 65 99 19 38 2 47 97 23 82 53 83 100 
5 35 2 63 15 50 
46 22 23 62 29 42 80 44 94 18 68 48 15 38 32 70 84 7 87 2 36 17 35 43 27 14 89 91 67 99 75 72 92 61 40 51 28 88 97 24 25 13 79 55 58 30 56 
71 43 87 54 27 57 48 15 51 100 45 82 98 35 28 58 89 40 55 17 61 53 79 4 74 3 23 71 78 5 34 99 69 11 56 90 12 21 31 47 13 62 59 83 18 97 72 85 91 26 7 37 19 65 67 24 96 93 32 64 66 77 52 95 8 39 44 22 16 92 30 25 
19 70 98 7 55 90 38 71 72 76 52 96 46 99 1 11 17 79 29 62 
18 42 32 12 62 31 34 88 92 20 65 74 49 41 23 78 37 52 55 
79 94 39 89 96 14 6 10 84 21 74 64 5 92 73 13 68 24 25 43 79 33 77 48 90 51 34 41 87 50 40 15 98 28 63 71 49 18 30 20 85 95 44 17 26 60 57 55 100 4 86 3 54 58 29 52 32 62 66 19 53 38 9 93 27 99 42 91 22 46 81 47 35 82 1 61 11 31 72 75 
58 78 40 2 83 25 43 7 19 80 58 42 85 14 52 50 46 51 65 84 100 20 88 99 72 86 53 3 26 62 68 87 44 11 12 37 15 24 18 13 92 47 91 67 36 1 21 71 5 35 82 94 61 31 54 41 34 81 38 
77 79 41 36 67 83 26 30 5 86 11 98 50 23 18 70 93 63 3 52 6 28 44 33 88 32 37 58 61 49 78 16 81 62 68 100 14 73 59 74 2 42 22 39 54 64 20 4 96 66 75 72 7 17 27 10 80 19 29 95 31 21 46 51 92 45 71 25 9 24 55 1 77 53 87 90 85 15 
58 99 88 71 18 34 52 51 91 79 90 73 61 9 24 35 81 74 87 93 100 20 37 46 95 41 21 4 92 23 69 55 63 16 19 72 54 75 58 53 22 17 50 1 45 56 83 64 43 29 2 32 38 13 86 3 76 57 10 
56 92 11 95 45 4 67 53 78 58 47 99 57 21 37 87 50 97 90 46 73 9 75 72 83 70 42 6 89 43 41 51 40 35 56 52 74 77 85 7 19 39 27 82 38 44 86 24 93 81 22 3 64 15 60 80 68 
11 96 70 79 10 67 31 27 65 100 72 74 
76 11 93 60 91 27 9 96 38 55 63 87 28 17 6 46 62 70 71 53 34 40 24 89 61 56 39 51 29 33 45 82 30 77 20 54 32 22 10 18 97 94 23 37 42 59 7 36 13 4 35 88 98 99 73 72 95 26 68 78 12 66 79 21 86 65 3 67 50 83 75 57 74 84 2 25 31 
73 68 11 10 5 61 24 16 94 15 44 65 64 32 72 50 58 93 22 95 82 21 69 39 36 76 29 96 28 1 83 31 52 75 14 34 25 99 19 9 79 86 35 8 54 62 41 70 47 56 59 27 71 67 45 46 78 48 66 55 92 97 26 3 53 73 30 80 43 6 98 49 38 4 
71 46 93 54 58 20 84 9 15 32 47 81 68 60 5 51 71 4 28 31 34 23 29 92 89 64 18 59 43 83 16 96 70 66 36 8 52 22 40 90 7 1 50 77 48 76 33 25 95 100 79 61 87 27 12 94 44 39 10 17 82 26 13 11 78 6 55 53 98 65 63 30 
82 71 10 77 48 29 46 49 58 47 76 68 13 32 54 62 43 1 25 40 73 91 93 24 34 67 21 80 64 57 55 15 97 82 19 99 81 66 39 12 87 5 14 3 35 65 4 9 44 41 17 51 27 30 89 95 59 60 45 50 79 38 33 56 22 70 8 2 78 75 7 63 61 84 36 11 90 74 42 31 88 53 20 
48 99 73 26 70 49 91 33 93 14 24 1 55 58 20 51 8 78 19 66 100 76 48 2 59 46 82 94 38 98 67 13 44 89 54 92 69 45 9 72 34 6 84 43 4 27 22 28 35 
56 62 15 79 24 25 1 85 51 78 84 14 100 21 26 93 6 59 76 32 72 92 66 46 45 94 70 86 73 67 31 11 74 34 13 61 22 81 50 82 97 28 8 9 17 27 87 41 80 43 33 12 29 5 54 36 56 
49 91 70 97 35 54 67 79 24 83 78 33 84 50 92 74 31 28 1 76 44 95 9 98 68 61 85 6 22 41 93 13 2 4 60 29 94 20 21 66 80 45 5 34 12 100 38 75 62 88 
51 11 15 2 95 13 9 22 82 60 66 55 35 5 68 34 23 1 56 59 78 100 88 93 58 61 97 83 7 91 54 72 94 98 74 45 50 46 40 79 65 12 80 26 84 6 20 99 51 21 27 67 
51 20 67 78 50 82 22 13 66 98 65 2 48 32 100 74 76 92 25 21 28 14 42 88 72 57 70 40 79 59 73 91 34 26 46 27 8 68 5 47 49 75 45 6 60 84 55 99 12 17 93 80 
52 51 74 11 82 98 78 99 49 56 44 61 67 84 59 19 27 9 91 35 29 28 72 75 95 46 8 76 30 34 85 80 42 58 32 24 65 97 26 31 6 45 70 13 93 47 33 22 40 12 21 50 5 
50 95 61 66 6 74 84 85 70 93 76 27 45 21 60 72 87 28 88 38 54 31 34 24 4 1 99 49 58 5 81 2 14 7 100 33 69 44 83 35 29 59 97 67 92 89 19 80 8 16 13 
44 52 84 49 15 100 24 38 12 64 31 26 69 79 5 98 59 99 88 21 85 82 13 56 55 50 6 74 4 54 45 16 70 11 29 61 80 67 34 22 83 43 37 14 25 
53 74 4 21 43 6 5 83 80 95 57 11 22 78 99 76 66 67 98 35 69 85 82 65 93 91 51 13 34 27 49 59 16 14 61 72 60 84 26 17 45 100 75 54 8 37 94 28 50 31 73 3 97 68 
45 5 6 61 69 43 21 100 96 94 18 80 22 93 98 85 50 56 58 46 57 28 74 65 1 79 99 72 78 26 91 84 33 75 49 40 97 9 31 45 8 34 20 59 76 67 
50 92 61 13 8 79 68 100 95 26 50 77 64 31 56 22 28 91 20 17 74 76 57 88 29 80 9 67 18 5 6 98 52 43 45 97 46 78 82 99 59 54 89 35 73 40 84 93 21 72 2 
47 97 9 7 73 75 14 1 54 79 92 80 65 45 70 31 22 56 26 21 16 8 88 15 84 58 40 74 34 24 83 6 29 66 99 90 55 82 46 68 100 4 76 17 35 13 51 67 
43 81 58 83 76 5 34 91 4 13 80 8 92 51 55 66 84 97 31 62 15 67 59 42 26 57 99 65 2 22 100 21 9 78 45 79 28 6 61 12 82 88 94 87 
47 23 68 66 58 56 84 34 91 70 59 51 20 4 45 57 16 17 28 74 2 49 53 100 98 6 1 67 93 54 12 8 15 78 9 61 92 87 73 5 65 31 80 26 82 83 76 72 
50 56 100 63 6 28 67 95 74 93 78 9 86 70 50 13 25 59 92 44 31 99 24 14 4 66 76 40 54 85 87 80 65 21 20 5 45 91 82 19 84 88 22 98 26 11 55 72 61 34 77 
48 41 9 75 32 68 5 6 8 22 67 79 20 46 17 11 72 84 57 99 78 63 55 15 81 76 21 94 88 98 74 93 35 80 43 34 14 51 85 58 45 82 66 2 54 77 12 13 24 
52 79 26 99 18 20 45 35 65 5 9 34 40 25 89 22 70 24 8 93 82 81 57 21 19 51 88 59 84 74 17 67 69 2 76 68 91 49 100 75 33 78 72 94 87 60 97 6 28 15 61 29 58 
50 22 87 13 7 56 94 92 88 9 67 82 29 72 21 51 97 26 3 50 65 54 84 28 74 45 5 43 31 64 76 60 34 99 58 77 6 1 83 73 24 15 80 91 66 79 42 57 93 2 14 
49 4 79 68 82 20 92 95 85 33 55 54 5 74 70 16 75 67 28 93 29 69 94 34 91 80 61 58 100 51 14 26 11 98 17 2 49 8 66 9 1 84 76 88 24 40 35 15 43 45 
43 5 79 28 59 7 55 77 57 29 100 78 94 80 74 31 67 26 61 75 84 22 97 17 99 8 1 82 50 34 15 70 12 35 45 66 76 24 92 93 54 90 6 91 
51 29 73 56 8 54 12 44 93 72 97 31 92 76 57 6 34 26 74 55 24 1 21 78 100 77 35 88 60 98 95 51 33 84 3 13 75 28 85 59 5 9 45 15 94 27 4 20 67 14 91 50 
54 45 21 8 91 33 35 95 61 48 50 6 93 5 12 57 99 59 28 22 80 31 55 4 25 76 74 78 47 94 24 82 44 98 87 67 34 97 54 40 84 63 88 15 62 58 9 100 30 19 13 51 26 1 49 
52 34 43 93 67 76 50 26 61 84 99 68 8 4 78 56 85 75 44 31 66 12 29 1 63 46 54 16 79 90 64 97 15 65 88 27 74 6 19 35 55 72 22 45 5 20 59 9 94 13 28 17 87 
50 95 69 49 54 13 65 64 79 46 78 6 100 92 40 91 61 76 35 68 22 11 15 8 45 87 93 84 55 88 97 5 1 72 24 59 66 19 98 34 28 38 42 67 33 56 21 9 94 74 80 
48 56 85 9 19 98 54 31 22 53 83 88 99 7 49 93 84 65 5 28 79 67 26 46 91 12 75 6 34 51 97 35 70 92 61 78 66 82 59 80 100 57 25 1 50 8 45 87 72 
50 79 49 68 98 61 6 60 1 34 13 75 28 88 21 12 27 9 91 25 74 2 99 26 45 5 84 93 41 22 35 63 80 78 67 77 83 8 4 56 85 46 17 59 97 92 33 76 24 44 66 
47 16 20 2 5 93 88 34 59 87 56 78 1 47 26 45 22 40 24 54 9 67 60 29 28 95 74 43 21 96 55 57 49 82 99 84 6 80 76 91 27 98 8 97 31 4 100 61 
49 65 99 14 66 51 49 59 45 43 60 19 24 75 1 6 9 4 77 55 33 28 22 87 67 56 79 98 82 16 93 15 17 84 74 26 12 34 78 41 7 76 97 42 58 88 72 38 91 57 
52 23 8 44 26 27 5 55 24 13 29 100 67 1 57 49 89 80 33 20 34 99 66 68 64 72 78 60 22 43 21 98 75 7 87 61 45 12 97 59 40 91 51 74 93 31 30 84 28 94 65 69 15 
49 61 79 1 82 98 49 57 28 22 8 97 83 74 87 20 84 26 68 6 65 50 60 35 15 80 63 88 100 31 14 99 75 5 48 45 91 17 21 11 67 78 40 54 34 59 13 12 76 93 
52 80 100 92 6 14 49 70 50 96 27 74 34 69 67 2 33 90 91 97 98 58 24 45 68 66 78 61 3 84 12 9 79 22 15 54 99 55 93 76 8 88 75 37 16 35 56 28 13 57 82 20 21 
52 100 42 93 8 90 98 88 52 4 87 72 76 26 20 83 2 70 34 78 47 28 66 7 68 99 49 80 6 79 59 31 45 24 55 11 67 22 85 16 57 35 15 94 91 82 97 54 74 84 19 5 50 
50 74 75 60 84 51 14 33 35 4 34 100 50 16 91 1 6 24 93 38 22 17 99 79 73 76 21 67 26 55 12 27 42 46 28 2 80 83 68 65 45 85 59 31 82 20 97 56 5 8 78 
49 5 26 38 13 9 49 92 79 34 56 20 91 27 78 24 28 88 8 99 94 66 55 76 84 17 61 43 59 12 14 100 16 60 57 83 98 67 90 11 47 1 4 97 31 6 74 54 40 19 
53 5 98 13 95 8 26 68 97 20 100 78 22 29 65 79 69 31 56 58 80 41 6 75 83 57 2 92 88 91 27 77 44 49 59 45 21 86 85 74 87 51 94 35 15 67 34 12 28 61 84 55 54 37 
51 99 97 17 68 70 9 4 92 20 93 65 18 31 79 75 51 47 8 80 73 54 14 43 28 66 63 58 11 5 74 16 100 45 46 29 21 13 15 22 76 87 34 37 6 26 41 1 56 98 67 55 
49 56 88 38 1 85 14 24 8 6 66 54 95 3 25 46 77 97 84 78 50 20 63 29 15 61 82 65 31 67 35 92 43 59 74 30 94 19 93 5 21 72 73 13 34 79 76 80 41 90 
52 21 72 70 51 9 67 77 34 11 24 15 35 98 20 49 14 17 83 28 85 2 61 26 33 74 25 31 65 100 7 84 95 94 66 89 36 97 92 82 22 56 91 6 45 46 80 76 87 19 5 59 4 
45 8 40 15 65 72 45 98 82 24 66 76 74 5 26 34 100 29 31 83 91 22 71 79 88 58 99 84 12 28 57 97 21 6 93 60 75 49 14 20 67 33 55 35 11 95 
43 88 83 87 82 67 68 13 16 65 20 91 5 58 78 34 17 31 11 4 9 79 49 24 100 92 74 51 59 84 8 21 45 41 61 95 6 97 99 19 72 12 50 80 
55 61 33 67 85 28 56 4 15 8 98 65 38 74 5 79 34 91 60 51 50 22 73 45 24 100 83 68 29 69 58 80 9 84 70 7 20 26 13 6 94 90 1 92 35 30 59 21 78 3 76 95 16 40 62 93 
50 22 97 70 73 19 31 45 46 92 56 91 14 67 100 68 78 72 43 27 49 65 20 69 3 5 28 6 1 21 35 93 84 15 76 95 90 8 24 80 34 55 18 58 74 87 82 4 54 11 61 
45 22 67 100 6 68 21 88 99 76 17 83 34 87 38 94 59 91 78 5 50 51 62 92 13 98 1 75 31 84 58 15 74 73 20 66 54 56 24 77 72 46 95 8 70 82 
51 33 78 6 95 45 80 74 100 19 51 16 42 54 15 66 92 87 28 55 65 8 29 88 26 82 13 70 40 91 21 20 31 99 93 34 53 77 84 98 67 12 61 5 50 17 36 59 9 49 57 56 
48 18 66 1 58 100 59 34 28 4 75 77 12 17 21 97 93 24 74 76 40 79 57 27 68 67 82 88 98 69 33 5 13 61 78 45 37 22 6 65 84 26 56 80 8 94 60 9 95 
51 12 82 33 14 92 13 8 93 99 70 67 58 98 28 95 91 21 2 7 49 43 61 35 6 9 79 16 94 100 29 5 34 75 59 45 63 37 84 80 74 31 56 50 66 72 68 78 17 89 97 76 
50 82 12 19 76 8 5 84 78 73 26 69 74 21 22 63 28 100 52 24 54 9 55 6 67 15 79 34 14 17 80 88 51 68 95 48 98 59 61 60 50 45 92 42 13 99 85 91 43 66 31 
48 67 74 15 26 22 77 54 100 2 31 91 59 1 16 33 35 76 79 21 45 66 51 84 6 24 58 88 11 83 99 55 98 80 13 17 78 28 61 50 87 19 81 34 82 69 40 8 5 
48 84 5 13 45 100 55 6 82 1 59 85 76 16 78 21 24 15 79 74 7 80 12 91 58 2 26 69 48 65 20 67 70 66 68 35 56 93 49 75 61 63 83 44 34 90 98 28 8 
49 12 43 75 73 79 6 50 98 59 67 55 60 1 15 24 76 95 78 11 4 31 74 22 2 5 61 86 45 91 26 94 92 97 9 35 64 82 28 100 20 8 80 34 99 84 14 62 54 93 
44 51 14 95 1 74 57 97 87 25 92 99 70 34 88 75 69 12 45 67 4 17 61 33 6 72 2 80 21 100 15 91 59 9 22 68 93 28 5 94 76 35 79 38 20 
49 93 91 75 77 68 58 83 95 65 94 69 8 50 28 56 51 12 9 72 34 92 88 26 45 20 98 22 74 1 19 42 27 13 5 99 66 33 80 90 35 79 76 67 6 55 89 4 70 61 
50 88 26 58 59 8 55 40 70 99 94 31 34 12 14 100 33 6 21 54 93 9 28 92 97 74 22 29 98 13 84 85 95 67 24 49 35 7 1 76 91 80 78 75 2 20 17 77 5 45 43 
47 92 93 88 74 84 70 54 61 98 6 78 9 5 35 75 13 47 100 55 34 77 42 29 91 79 12 76 67 49 65 19 15 22 51 20 26 94 31 11 97 43 66 99 38 24 50 56 
48 8 89 51 50 40 66 52 76 100 13 67 78 90 34 35 93 58 19 87 24 29 4 79 60 84 74 26 91 9 5 28 6 97 57 80 98 72 82 20 94 61 99 21 68 22 33 88 36 
49 94 54 65 97 11 24 6 72 70 26 60 84 61 88 85 100 42 34 5 98 78 68 20 28 21 74 76 43 57 87 75 22 77 12 95 31 9 18 13 56 25 40 83 49 82 8 67 33 45 
49 73 1 46 50 78 47 100 24 45 94 17 54 5 38 74 67 21 84 82 6 97 28 69 59 35 19 61 88 34 31 72 33 95 56 66 63 55 13 60 85 64 68 83 11 43 91 29 79 9 
49 60 31 100 62 21 55 67 59 77 83 56 5 49 9 95 24 20 17 8 74 1 37 51 94 22 91 12 28 4 92 88 78 84 6 87 27 80 41 68 50 79 70 93 72 54 43 99 98 34 
48 8 21 49 35 9 17 56 6 77 80 37 2 75 61 28 50 76 26 97 88 22 36 98 78 74 24 84 82 1 20 99 100 34 38 4 5 15 13 51 67 59 41 57 46 93 58 79 66 
48 11 68 83 28 22 74 78 73 35 57 8 84 80 82 50 75 97 95 21 1 77 6 45 19 59 26 16 61 24 91 33 31 20 40 34 12 85 100 29 76 27 66 2 9 5 67 4 99 
54 31 13 78 35 50 60 59 40 45 68 26 6 54 99 67 94 85 100 22 1 91 58 84 75 79 36 43 5 73 24 44 74 34 56 93 76 12 66 42 98 28 49 88 87 97 92 9 82 8 19 21 3 15 33 
57 79 87 43 26 59 68 22 93 100 67 84 6 57 5 28 45 66 75 25 64 14 88 83 76 82 92 24 74 61 54 90 89 98 70 55 31 21 49 15 34 78 40 9 65 72 4 97 35 51 63 77 80 91 8 52 1 29 
58 8 63 20 64 25 33 57 82 68 1 24 66 6 21 12 99 93 49 75 77 91 29 70 97 22 16 76 55 78 86 84 54 17 50 100 74 94 31 35 5 45 15 67 56 43 34 26 59 38 13 61 58 9 51 41 79 72 28 
47 46 35 69 9 74 95 93 20 70 6 54 64 34 78 67 72 28 31 61 84 36 94 75 77 80 8 56 13 24 21 14 2 58 45 91 5 22 99 1 100 65 50 76 98 15 88 26 
52 98 27 66 1 5 43 9 69 11 8 80 25 96 78 99 7 51 88 90 46 61 85 57 56 84 100 4 67 49 42 55 58 97 77 45 24 92 26 79 82 6 13 63 34 76 54 74 59 33 35 65 64 
51 9 74 97 98 6 99 14 26 24 33 15 73 20 88 67 76 13 5 29 72 25 17 19 77 57 79 8 61 21 50 80 22 59 91 100 85 75 31 93 82 65 45 66 55 84 12 1 35 28 34 78 
55 93 96 83 64 57 19 8 68 73 31 56 84 21 24 70 98 49 9 67 74 29 2 51 6 22 88 87 66 54 46 97 35 92 79 36 82 17 59 5 69 58 32 78 12 50 28 76 77 27 100 80 20 14 95 45 
45 51 74 73 26 1 8 87 5 91 46 54 67 85 70 93 68 80 76 35 13 6 82 100 98 33 16 34 45 65 9 49 97 95 12 99 55 21 77 84 75 78 15 56 28 92 
49 98 73 6 40 57 75 59 76 66 83 56 1 25 68 34 29 46 45 5 74 9 49 33 4 82 54 44 22 20 8 43 67 78 80 72 32 41 14 7 31 94 65 88 15 12 26 24 13 70 
53 84 65 22 67 30 68 3 9 82 49 19 31 11 80 35 98 33 78 97 27 63 95 34 29 66 21 96 99 46 59 70 75 5 54 76 100 93 47 50 15 6 87 12 28 57 42 69 20 74 89 45 4 24 
49 82 59 19 75 83 77 20 15 12 67 9 80 45 79 46 88 93 56 89 31 34 76 84 91 78 68 17 8 100 99 5 97 50 6 57 54 66 65 24 1 28 92 98 94 51 43 49 74 70 
54 91 43 77 74 55 96 15 79 51 28 6 65 19 89 29 45 35 12 80 40 26 34 97 59 78 61 31 98 94 13 67 5 66 50 54 49 92 2 88 87 95 8 9 14 1 46 60 84 69 22 56 82 57 93 
48 79 91 98 6 52 72 59 77 4 5 34 17 11 31 80 2 93 97 16 83 82 24 33 95 76 15 60 61 1 20 94 67 65 74 75 26 27 70 12 100 68 84 22 57 35 21 81 55 
47 54 35 55 74 97 70 63 91 20 1 56 34 68 5 83 59 67 51 93 72 96 69 84 45 78 15 64 47 21 66 50 100 6 27 14 88 94 19 95 26 57 76 24 80 49 90 82 
56 98 34 72 83 87 27 97 6 46 5 41 100 58 28 43 13 73 50 67 78 22 79 64 8 31 68 49 74 44 7 82 95 61 93 91 35 12 70 94 19 84 55 45 76 21 77 29 51 57 16 80 54 26 85 36 59 
44 66 68 82 35 59 54 22 34 13 89 5 45 40 99 26 51 8 24 20 83 69 50 100 70 79 98 11 94 46 84 6 73 77 80 76 67 12 61 21 9 78 65 16 74 
50 51 31 93 54 33 95 57 60 72 97 100 65 55 88 5 99 36 35 76 40 7 91 81 74 11 22 17 48 49 20 68 84 34 6 67 85 45 59 24 21 78 26 71 66 28 50 80 61 70 79 
60 99 95 24 8 3 36 93 78 92 9 59 30 15 2 84 14 5 45 53 35 22 31 79 74 29 98 85 26 38 63 54 70 72 18 28 40 69 20 80 83 7 27 21 55 61 97 76 77 67 66 88 6 13 90 46 1 34 100 51 33 
50 54 94 33 74 26 75 8 58 35 68 91 57 67 28 93 79 11 17 29 40 20 45 7 47 98 87 88 99 70 21 9 97 69 34 76 96 24 13 16 31 66 6 89 100 51 12 83 55 84 82 
48 6 15 30 27 35 80 66 29 92 20 77 58 49 68 59 98 73 25 56 100 83 95 54 67 34 11 5 61 82 7 50 14 78 79 4 45 17 87 8 41 13 93 22 74 2 26 84 75 
50 99 6 55 26 94 24 79 22 93 59 12 54 35 48 8 47 21 95 58 41 14 77 43 45 20 80 15 13 33 92 91 49 69 67 1 16 34 75 82 28 76 66 40 78 74 100 46 57 7 2 
48 66 92 5 38 72 84 29 50 61 74 46 100 43 6 70 14 85 35 76 54 12 8 75 68 31 57 17 59 98 55 4 32 60 65 80 24 91 67 88 26 95 97 34 51 9 58 99 27 
54 63 78 56 1 51 84 93 67 50 5 21 58 26 20 54 74 85 82 75 97 70 72 34 94 99 88 98 19 4 9 6 44 48 31 83 14 49 92 27 8 95 24 80 42 59 76 22 66 29 62 61 2 3 28 
46 24 87 84 67 26 44 13 74 97 45 92 82 57 80 27 56 83 61 28 59 58 99 76 63 8 79 6 43 21 19 75 1 91 50 20 14 72 54 31 100 60 85 78 34 7 15 
48 76 80 50 24 33 4 35 2 6 82 88 30 93 91 74 59 43 40 8 16 41 84 28 45 29 5 26 67 11 46 79 92 73 56 31 3 68 12 95 61 47 34 13 22 57 65 55 72 
44 12 93 59 95 77 82 24 6 45 84 74 8 78 63 13 58 26 42 91 66 4 72 98 35 67 75 34 16 21 25 94 70 20 65 50 5 97 80 54 92 22 1 49 61 
59 95 13 93 88 69 79 91 12 28 99 59 46 67 84 34 76 66 6 8 94 35 20 82 19 24 80 45 7 63 72 42 58 9 92 1 62 17 22 26 33 74 51 49 83 60 87 31 100 3 21 32 77 5 4 38 75 2 56 97 
52 5 35 66 51 71 93 37 57 79 78 22 1 20 67 82 24 50 74 90 9 31 41 84 61 8 59 46 2 68 4 12 94 92 100 49 34 97 45 70 13 16 76 80 6 28 87 75 54 21 53 11 85 
49 15 20 97 61 38 82 9 95 66 87 80 28 11 77 45 29 43 100 88 67 35 14 55 1 2 5 78 4 91 24 8 18 22 72 54 74 34 84 26 59 21 99 31 56 60 6 17 79 76 
48 25 16 99 76 34 68 50 70 42 8 69 91 74 46 79 66 95 15 12 60 9 89 75 84 20 67 88 14 56 77 61 5 100 93 55 6 21 94 24 59 82 27 31 4 43 78 83 45 
44 56 9 15 13 87 59 84 35 55 34 58 73 21 20 100 12 78 88 22 8 11 5 74 80 94 57 92 82 65 66 24 28 91 31 67 29 77 6 97 1 17 72 50 33 
52 16 69 84 29 46 57 12 91 35 24 59 98 25 94 66 93 9 13 17 20 77 8 21 80 87 88 56 49 42 32 28 92 83 70 31 5 78 22 37 99 74 85 61 75 95 14 82 6 67 55 90 45 
53 24 97 59 93 70 82 84 74 8 60 57 95 27 91 100 61 46 98 11 94 80 13 83 5 17 66 78 1 10 76 67 9 58 49 50 68 85 31 51 56 26 21 88 99 14 54 75 28 16 34 6 47 45 
47 83 17 1 84 46 76 21 12 34 6 35 8 22 72 26 82 24 45 92 61 80 43 87 57 50 85 99 51 91 40 14 2 55 20 67 56 79 13 66 97 98 78 28 74 54 59 75 
48 43 67 45 95 8 26 24 78 82 74 94 31 70 80 93 98 57 9 84 85 68 91 20 83 28 1 2 16 50 6 19 73 27 30 99 63 48 61 97 100 34 55 53 88 15 12 77 51 
48 40 76 13 78 11 56 55 91 21 99 34 9 5 89 74 70 84 88 98 47 75 54 42 51 15 24 67 93 97 14 8 7 1 16 79 77 31 28 65 57 6 50 69 45 29 82 2 96 
50 29 1 73 60 13 49 21 27 26 85 100 51 20 8 97 3 14 87 36 65 98 67 24 68 2 17 34 83 19 80 38 9 76 32 66 74 12 79 55 6 95 15 22 54 5 46 77 84 57 88 
50 27 59 38 78 91 80 51 93 6 97 9 88 84 75 42 12 74 98 68 26 79 37 69 29 45 17 4 28 34 76 24 13 77 83 82 65 21 99 67 22 89 35 23 1 8 15 54 72 57 55 
50 56 92 74 91 82 95 80 31 4 20 78 24 69 67 29 51 26 81 57 94 62 11 61 79 22 60 16 58 85 15 14 23 65 27 97 8 77 33 28 45 6 43 30 5 98 88 100 84 87 89 
52 67 46 3 91 49 93 61 13 5 22 66 29 57 92 65 42 76 19 8 74 88 80 78 96 31 50 83 43 28 35 24 6 21 85 99 4 44 32 20 1 82 40 77 79 34 26 51 14 33 27 84 94 
