192
2 166
3 38
4 105
5 130
6 1
7 25
8 182
9 110
10 89
11 29
12 82
13 132
14 20
15 40
16 162
17 100
18 167
19 134
20 125
21 24
22 164
23 48
24 188
25 41
26 144
27 113
28 116
29 65
30 135
31 192
32 12
33 147
34 81
35 146
36 53
37 77
38 127
39 91
40 98
41 23
42 3
43 112
44 67
45 14
47 18
48 190
49 145
50 136
51 34
52 11
53 170
54 5
55 179
56 159
57 84
59 103
60 151
61 119
62 36
63 70
65 78
66 156
67 35
68 58
69 60
70 61
71 87
72 9
73 138
74 154
75 158
76 6
77 174
78 123
79 157
80 80
81 161
82 51
83 43
84 109
85 96
86 141
87 79
88 73
89 37
90 133
91 104
92 74
93 180
94 45
95 153
96 10
97 66
98 31
99 189
100 199
101 120
102 63
103 173
104 121
105 165
106 54
107 172
108 198
109 59
110 94
111 101
112 128
113 196
114 191
115 177
116 129
117 163
118 181
119 8
120 44
121 49
123 62
126 137
127 195
128 171
129 83
130 122
131 22
132 52
133 7
134 2
135 150
136 64
137 169
138 118
139 17
140 71
141 21
142 75
143 30
144 28
145 185
146 131
147 186
148 197
149 124
150 97
151 42
152 126
153 85
154 184
155 88
156 46
157 143
158 32
159 55
160 148
161 152
162 176
164 76
165 142
166 114
167 115
168 111
169 86
170 193
171 108
172 57
173 160
174 107
175 187
176 200
177 4
178 68
179 33
180 93
181 99
182 95
183 72
184 102
185 90
186 47
187 13
188 149
189 16
190 194
191 139
192 140
193 168
194 178
195 19
196 50
197 183
198 27
199 106
200 69
