200 200
0 
62 166 65 21 148 76 130 20 145 179 104 32 147 129 176 71 50 124 48 38 77 88 136 132 3 126 149 185 19 133 152 84 156 58 178 36 114 140 91 37 172 191 173 56 6 143 11 80 27 57 186 8 159 193 157 99 170 87 154 68 162 160 1 
98 113 38 199 118 56 124 148 69 43 87 121 57 164 193 122 68 65 126 11 175 155 180 49 82 16 5 169 102 149 50 24 140 2 42 139 55 108 14 107 33 19 13 81 114 20 26 91 182 111 167 192 6 59 29 45 37 136 134 130 168 74 63 28 185 133 145 129 188 103 159 79 132 157 39 131 200 89 137 156 112 27 99 67 60 194 53 189 163 8 64 30 32 117 152 80 110 97 83 
33 31 105 19 56 199 76 80 84 88 57 96 164 160 94 18 151 188 26 81 128 165 148 20 68 35 11 162 124 176 130 136 157 4 
77 28 154 130 138 106 25 151 23 4 63 32 125 170 50 165 144 57 119 77 199 147 36 143 122 100 114 2 133 200 30 124 131 99 113 185 24 31 192 157 116 68 26 140 80 85 56 48 18 11 108 13 64 162 21 187 39 142 103 145 58 168 161 136 178 135 179 183 111 91 153 190 96 47 75 176 160 182 
54 3 1 162 32 171 191 118 156 153 90 21 54 197 14 154 148 33 86 143 194 123 200 5 13 89 146 105 27 100 7 66 144 121 51 10 149 80 65 17 34 140 12 179 115 173 16 120 2 119 114 43 164 155 24 
38 149 25 92 129 154 51 131 193 50 83 105 194 119 123 101 36 45 112 110 30 190 142 152 66 186 4 95 29 164 125 183 98 161 191 147 57 91 74 
21 22 185 104 37 182 138 73 98 5 157 139 154 45 165 123 151 59 105 27 143 141 
48 147 34 9 110 143 72 197 23 86 21 150 136 109 116 96 167 133 92 115 152 42 108 98 195 101 176 135 61 125 151 79 51 35 46 74 134 55 16 89 13 126 166 97 107 149 188 182 119 
77 96 123 25 27 89 159 108 7 80 36 164 47 141 63 45 116 155 94 117 176 60 14 18 152 29 41 9 182 172 48 51 3 169 97 170 156 174 42 179 12 137 184 158 87 153 24 132 163 17 149 54 167 130 124 2 120 13 98 26 28 143 145 76 157 74 135 139 189 23 53 151 19 103 90 73 30 168 
84 21 120 4 14 74 73 122 43 29 71 165 25 79 130 34 115 111 125 127 17 159 112 1 88 136 55 192 102 158 8 31 19 175 44 107 5 134 12 121 174 167 187 75 77 60 27 80 118 33 144 149 54 16 91 180 182 93 151 143 2 186 140 98 61 58 23 68 110 161 191 45 183 109 116 173 142 147 22 69 139 150 30 132 46 
52 180 82 48 31 45 43 80 119 155 19 89 132 171 122 34 115 40 92 69 114 143 1 137 73 148 106 81 154 51 98 47 196 97 107 53 159 153 12 191 104 57 139 160 117 112 8 108 186 46 83 27 54 
45 187 132 62 6 120 154 98 171 146 110 42 51 97 197 108 189 102 84 80 48 79 17 10 60 55 133 64 96 12 164 59 2 166 50 46 156 43 163 109 44 66 136 18 157 32 
69 115 14 20 17 152 134 128 145 35 153 122 101 119 172 195 150 26 157 66 28 182 106 108 113 93 94 143 30 70 45 96 88 61 48 47 177 73 193 192 137 173 13 63 196 84 57 22 52 50 124 87 127 191 80 188 144 180 55 72 118 12 76 135 89 53 62 142 39 136 
15 40 183 2 65 157 132 56 3 192 129 86 24 81 28 15 
95 57 162 7 26 187 159 112 11 101 66 168 33 48 116 9 133 10 87 82 99 98 2 89 177 81 70 43 142 42 154 125 155 110 77 117 92 160 84 54 157 53 179 67 44 37 103 100 14 15 65 106 90 102 19 63 60 51 24 135 108 96 36 85 38 5 91 115 150 52 141 46 131 78 173 123 13 170 29 146 182 175 17 166 119 137 113 172 121 35 71 178 8 180 6 12 
50 115 100 116 129 38 58 190 136 99 7 131 156 145 140 69 135 183 194 112 144 123 186 106 108 26 13 73 119 49 197 24 193 45 52 97 63 118 85 188 191 171 120 42 71 173 79 92 5 29 14 
13 167 65 54 144 20 164 87 189 30 196 156 16 70 
69 30 93 198 152 43 134 83 151 95 1 161 10 147 110 79 92 14 131 126 146 122 96 55 27 16 180 88 145 175 80 157 17 54 196 26 72 171 172 174 114 90 120 169 63 143 73 190 38 118 158 182 28 57 32 166 176 160 44 154 98 116 2 199 150 101 39 189 142 37 
52 200 125 153 127 54 191 103 99 132 13 4 184 7 146 101 58 65 73 190 173 154 85 140 162 22 134 39 138 164 28 167 104 37 97 100 195 141 119 192 67 107 12 114 80 56 180 20 136 23 126 108 165 
35 157 4 24 130 57 39 52 139 169 155 11 1 60 193 143 18 182 137 72 122 134 34 45 128 69 103 99 156 161 196 126 20 3 43 165 
31 90 164 120 77 18 193 126 200 41 119 97 40 134 190 172 54 103 56 181 100 105 162 130 16 76 114 127 176 102 124 80 
24 27 36 100 108 11 48 67 24 91 16 173 149 105 58 12 147 199 168 84 120 111 26 10 162 
62 188 61 187 21 19 28 93 52 123 199 134 72 5 136 10 109 66 62 181 30 192 144 97 89 95 119 103 137 189 51 146 79 50 32 44 128 182 140 169 122 78 31 48 114 94 33 23 156 174 6 42 143 120 190 27 164 138 126 13 196 186 26 
91 130 110 195 86 144 31 73 126 83 79 121 50 41 183 127 111 22 188 143 40 81 164 9 150 107 85 105 136 58 115 131 84 78 109 93 138 6 142 196 20 66 155 197 123 128 95 1 129 71 186 28 172 151 170 120 19 167 146 190 159 12 49 122 2 139 94 54 10 117 43 18 33 51 101 8 125 61 103 166 91 45 7 174 168 176 154 46 148 27 145 114 
15 144 190 191 12 2 148 192 88 35 115 182 120 45 118 149 
43 129 80 125 196 82 181 85 156 67 71 97 113 46 134 33 95 177 28 117 199 40 106 5 54 11 192 31 145 10 14 111 2 150 65 84 101 86 96 154 61 120 49 170 
97 121 130 154 195 157 116 151 129 133 96 84 117 55 7 138 105 176 161 17 32 80 188 1 192 40 79 95 2 184 87 26 77 71 149 5 63 86 30 108 62 193 104 88 57 190 134 147 156 172 107 89 145 168 173 123 142 140 170 18 60 14 135 169 68 34 11 90 143 73 43 19 109 81 97 160 76 197 152 75 106 136 69 70 162 65 31 85 22 66 47 148 72 98 94 119 159 12 
48 65 18 67 196 168 7 193 21 39 81 137 3 148 129 178 115 175 116 59 183 172 147 32 102 141 72 1 2 189 76 120 101 12 195 111 63 132 94 55 15 40 70 110 151 138 136 105 200 
83 100 135 53 97 187 89 59 141 170 25 27 81 188 85 63 107 64 18 105 1 166 197 88 190 14 102 110 8 60 68 34 106 186 192 161 55 156 164 66 139 40 29 175 198 15 36 157 57 39 169 51 173 103 178 117 32 56 62 98 189 44 118 35 99 13 94 125 37 180 9 75 114 165 73 108 6 2 196 77 87 49 80 172 
91 192 2 49 169 14 1 94 30 91 83 154 142 194 114 90 39 15 130 184 18 98 82 52 127 53 16 145 155 108 63 177 32 6 9 143 45 159 55 24 7 181 124 200 187 135 59 11 101 88 37 99 29 163 106 25 126 87 77 162 103 176 4 51 167 38 107 20 12 199 26 172 150 120 151 56 133 148 117 186 191 65 105 195 71 161 182 123 171 104 160 93 
66 12 56 145 118 30 73 110 57 27 36 89 163 6 183 188 95 58 68 32 135 102 156 90 140 70 193 108 2 88 174 72 5 10 169 50 180 33 172 71 171 138 141 60 189 175 76 186 158 168 124 178 14 81 170 37 85 59 92 130 3 161 86 187 185 198 82 
50 112 111 137 147 151 165 31 94 128 23 102 186 36 148 107 161 67 78 15 157 132 153 98 59 155 77 118 53 3 37 200 90 185 108 168 131 139 95 198 5 81 91 193 88 197 113 70 14 97 183 
92 9 81 51 152 87 116 34 101 104 56 110 150 16 169 60 6 142 165 70 198 157 178 118 166 44 199 35 179 129 80 55 167 143 66 103 50 192 131 49 37 53 126 22 139 154 12 156 15 100 140 134 162 185 200 132 67 71 111 193 187 4 90 106 74 99 123 174 29 164 122 77 89 14 79 65 27 191 10 64 2 59 138 92 180 125 46 97 20 196 120 93 33 
23 104 191 146 116 181 17 164 108 99 144 46 186 74 94 60 62 10 3 28 12 14 38 81 
24 53 43 184 194 24 61 52 178 129 76 60 164 151 46 3 122 126 172 145 12 179 146 180 44 
80 77 85 158 138 188 5 63 114 80 51 149 79 40 46 152 70 72 41 4 83 124 1 135 115 173 169 2 127 172 159 29 134 102 196 163 22 150 131 148 197 116 98 54 31 66 71 168 182 25 17 18 26 49 174 176 167 33 95 193 177 195 112 97 64 110 42 117 165 90 6 139 162 3 157 13 187 67 37 192 137 
3 127 73 35 
83 194 177 91 113 189 114 120 192 45 29 37 32 70 86 155 159 111 35 31 99 87 173 50 104 61 121 52 146 92 116 79 193 97 180 1 185 39 184 144 127 85 9 174 76 143 83 130 36 27 66 191 84 133 8 74 169 93 56 42 15 67 196 152 46 181 156 103 172 168 161 141 176 16 140 154 102 78 151 183 157 51 198 71 
60 98 82 148 11 194 75 151 7 178 80 26 71 15 140 50 131 67 128 111 103 138 179 51 53 19 157 39 61 113 175 177 38 32 47 83 117 4 33 176 147 137 48 173 69 134 129 154 172 156 62 123 20 56 112 70 43 188 9 118 28 
8 23 70 124 197 158 1 196 162 
60 3 33 113 183 77 140 61 160 152 105 91 75 97 9 101 62 155 189 117 28 66 119 103 184 110 69 35 46 169 136 99 68 170 86 146 102 116 70 126 54 129 108 162 8 57 23 196 142 147 95 44 143 47 40 64 200 172 157 195 118 
60 60 112 157 106 100 76 68 116 160 134 96 196 102 43 55 46 70 135 191 80 22 37 49 92 145 12 129 83 199 156 63 189 128 87 192 169 72 152 85 57 142 126 146 1 127 110 182 161 52 75 176 13 107 115 179 8 9 74 50 7 
10 78 70 67 187 108 75 14 63 170 82 
43 14 137 10 172 174 134 122 27 59 109 96 60 197 64 132 44 93 21 156 178 8 165 70 46 26 107 168 188 97 77 76 199 108 184 22 185 65 90 25 12 35 186 49 
7 150 50 27 76 168 112 134 
55 163 35 3 87 149 18 196 183 43 76 170 65 143 188 53 74 45 146 63 52 112 94 116 157 120 77 29 198 186 131 126 71 155 141 118 175 13 62 60 80 177 95 191 79 134 6 7 109 142 117 124 103 28 195 81 
47 190 173 38 10 22 194 89 145 195 102 128 197 44 59 24 29 138 113 60 4 77 96 186 49 161 30 141 126 149 87 164 47 81 147 179 17 184 21 200 20 68 152 136 167 58 62 124 
78 145 45 53 118 131 82 79 104 138 21 14 124 163 167 30 110 143 72 187 33 193 40 152 31 101 117 156 171 17 147 144 43 76 47 7 155 36 174 182 188 160 134 52 87 26 3 99 19 13 65 89 35 191 61 148 113 108 164 125 74 28 38 185 24 130 135 77 197 105 55 71 165 8 63 115 158 181 66 
51 72 97 173 145 98 19 197 119 153 131 85 139 28 33 136 104 128 142 155 110 125 172 186 140 20 51 157 44 160 154 6 4 93 46 63 24 178 30 159 191 132 179 36 68 103 192 29 81 138 111 107 
81 138 172 12 34 157 191 79 181 126 120 105 2 144 16 32 38 132 159 14 134 73 121 97 33 18 169 101 83 42 26 11 141 19 190 49 173 78 197 178 30 28 108 40 164 23 48 176 124 112 37 118 167 22 150 90 100 72 62 51 9 50 99 174 163 64 143 25 35 185 142 74 156 171 63 20 102 151 133 24 139 170 
70 32 11 69 50 103 168 26 53 56 200 78 153 164 33 15 84 106 9 39 47 79 144 4 197 40 24 14 66 129 101 83 151 57 174 131 118 185 38 173 166 178 133 34 42 6 61 182 176 172 186 86 108 150 65 68 7 130 60 28 3 70 63 91 107 54 155 12 148 95 189 
19 170 126 105 64 97 164 30 104 125 29 145 19 149 186 95 74 172 123 71 
79 177 5 57 21 40 192 193 30 165 169 29 154 74 126 200 171 120 16 132 151 95 86 38 96 32 113 46 111 34 124 156 62 13 167 37 158 197 51 41 123 93 150 59 68 3 55 20 148 94 6 122 72 125 81 199 23 187 143 189 195 198 173 56 191 53 106 33 66 26 92 160 163 138 175 70 88 185 60 101 
35 197 74 179 37 82 78 57 108 41 72 139 183 150 44 34 112 12 9 83 73 70 32 132 145 162 42 67 123 69 92 36 19 109 51 58 
80 177 63 159 64 169 125 56 71 14 91 135 145 174 151 182 130 136 176 85 34 72 115 144 171 81 167 137 104 113 93 158 109 33 70 192 128 46 133 92 30 102 140 149 191 181 94 180 39 132 58 3 165 111 8 100 119 154 40 98 124 196 138 23 95 152 161 18 35 156 195 83 123 17 172 28 25 162 131 199 173 
88 125 151 192 84 3 107 4 96 81 63 163 39 188 82 142 168 77 25 165 57 71 29 2 72 1 176 132 15 44 91 147 10 127 28 116 113 187 174 94 161 34 122 182 76 75 80 88 26 180 14 92 178 102 100 54 181 191 23 62 130 30 199 42 171 136 51 120 139 90 13 59 40 104 47 43 177 194 153 53 114 119 58 48 20 33 164 173 22 
0 
16 125 103 19 45 129 47 64 22 55 168 131 102 113 177 180 85 
10 151 101 189 4 18 157 1 160 2 172 
84 109 36 43 28 153 90 183 12 13 157 177 149 137 119 124 67 71 192 99 48 123 200 74 160 63 51 53 93 32 132 6 184 171 70 144 22 5 138 24 96 35 143 4 194 81 196 117 106 68 65 94 156 97 56 104 73 37 111 134 181 44 170 135 40 108 58 175 78 33 129 30 139 193 101 172 41 152 173 15 19 29 21 39 178 
86 186 58 36 184 148 63 146 167 18 35 175 72 59 158 138 55 76 80 190 84 147 195 4 57 153 106 144 177 119 96 64 51 156 159 193 125 120 104 136 134 105 185 52 122 42 141 33 5 54 83 89 6 128 46 86 131 179 140 15 56 152 142 163 199 174 69 109 60 82 102 29 172 123 173 194 67 45 189 124 2 200 20 101 9 11 160 
8 27 156 108 72 70 158 34 96 
3 163 48 109 
96 78 44 157 122 95 30 75 142 77 40 33 65 5 143 96 139 68 19 103 38 80 109 35 193 187 144 25 127 29 179 24 27 62 130 175 74 160 120 135 197 61 123 136 182 186 128 183 181 115 3 34 99 82 196 162 107 106 46 185 184 98 97 155 180 199 169 50 9 172 101 110 13 88 177 71 21 84 173 93 104 28 152 17 47 10 15 67 114 55 140 7 168 73 45 92 58 
54 156 133 149 77 113 98 49 64 85 196 3 152 71 12 74 67 22 132 126 112 78 144 145 199 48 160 124 120 148 123 6 106 154 109 7 129 186 139 200 75 176 56 72 116 187 135 175 2 68 153 80 181 88 36 
46 35 143 116 176 42 175 1 102 18 98 142 61 64 158 86 199 106 72 81 95 12 39 110 197 130 198 76 148 177 132 115 125 165 38 70 65 48 93 97 88 162 89 117 79 80 26 
55 141 113 58 136 93 183 171 39 130 192 90 2 6 108 95 120 188 191 156 166 167 74 32 123 46 45 71 127 158 53 105 103 21 185 96 10 196 133 67 50 189 79 54 135 168 112 114 200 23 87 194 157 69 169 26 
52 105 134 170 60 176 72 57 108 11 148 199 145 5 29 63 130 192 129 167 89 35 195 198 125 114 168 194 117 128 65 140 55 146 14 84 109 153 80 16 131 186 42 149 39 66 126 95 46 111 19 150 30 
81 126 61 94 185 71 4 9 27 82 25 184 153 10 118 181 182 111 155 102 69 41 168 51 190 74 28 149 105 87 170 20 160 169 195 15 59 121 119 109 144 97 165 23 89 78 53 24 47 117 43 18 83 3 122 115 124 48 85 88 84 131 96 95 152 42 110 2 135 138 104 116 123 150 156 7 141 44 86 107 157 29 
76 64 22 32 87 134 4 161 125 66 112 105 69 16 79 93 154 148 31 8 68 35 114 143 83 21 131 169 47 15 72 153 49 189 178 55 118 191 111 200 34 6 196 110 181 152 88 18 164 144 98 46 182 146 89 77 61 1 54 145 39 65 159 81 149 142 167 193 44 113 147 116 129 99 48 104 140 
87 40 196 165 72 157 9 110 37 85 185 30 167 46 29 14 175 193 176 49 63 133 171 187 80 70 7 149 76 174 143 144 103 68 77 169 173 198 62 39 8 35 125 109 79 19 52 47 91 4 130 42 166 97 107 184 18 86 67 163 26 48 51 140 87 50 22 135 104 142 94 180 105 82 66 154 99 2 96 162 56 136 114 132 147 189 170 73 
43 12 131 123 67 138 91 197 141 32 60 53 55 58 33 45 130 82 109 178 94 113 29 157 76 96 116 181 10 39 72 100 9 64 49 173 132 2 190 125 172 153 3 162 
36 167 134 154 126 51 183 103 144 102 116 125 101 59 194 72 179 168 49 34 131 104 22 39 50 173 191 8 92 27 136 135 175 74 10 7 166 
23 14 158 138 97 180 142 121 53 195 91 50 19 186 25 196 79 18 184 112 75 86 38 76 
21 188 126 64 11 69 6 144 17 43 98 56 155 79 104 49 102 51 136 169 76 142 
14 174 19 194 122 162 2 40 39 157 197 177 133 71 65 
2 22 123 
73 141 157 54 163 177 73 43 11 172 46 137 128 82 196 184 115 87 104 170 86 17 62 123 159 20 51 181 9 67 37 78 79 7 96 191 136 129 188 200 34 117 169 185 113 94 142 114 98 58 63 77 183 76 119 116 110 158 111 49 81 164 171 108 131 179 12 173 167 166 21 151 52 180 
85 178 80 155 135 63 118 101 168 65 66 89 29 103 105 181 99 46 154 56 173 33 5 2 138 151 149 7 8 160 198 42 76 126 147 122 169 52 22 79 32 36 93 117 57 132 14 142 183 191 192 72 115 87 43 162 130 159 60 3 10 200 127 96 108 163 40 197 136 140 47 71 74 91 193 165 48 45 161 137 111 113 145 82 98 51 
98 161 200 169 131 114 50 41 25 181 35 3 47 194 136 139 174 141 71 52 97 53 24 38 146 56 185 160 68 166 92 155 73 32 34 112 135 171 98 83 1 176 48 91 8 22 33 85 14 43 162 12 27 165 119 5 20 124 127 77 193 109 130 29 4 74 69 149 167 58 30 39 79 86 180 111 122 188 113 183 61 103 101 178 154 81 23 80 150 151 179 15 121 107 129 132 62 66 106 
50 105 51 67 141 167 145 100 165 160 174 200 107 40 120 12 198 114 45 56 85 123 8 93 88 89 171 54 35 191 18 142 62 139 179 161 149 181 136 121 39 158 58 6 116 133 25 147 15 52 185 
17 153 162 176 43 144 47 116 181 72 173 140 95 179 97 147 52 69 
10 109 185 18 120 62 46 181 30 129 196 
88 96 65 28 58 143 117 191 24 136 17 183 64 56 51 189 184 2 179 159 123 20 108 192 121 173 109 89 167 59 21 63 70 195 90 93 99 137 77 7 116 82 194 139 37 125 155 97 142 111 71 130 87 165 148 8 101 57 199 72 18 161 83 13 19 33 103 23 35 14 128 193 169 100 29 158 78 140 190 118 135 34 47 6 120 112 157 22 98 
66 81 141 95 134 185 161 25 173 191 186 57 41 36 52 21 3 160 28 152 193 71 73 103 8 104 56 2 83 46 164 5 30 148 107 32 12 91 132 7 45 123 126 16 115 183 130 128 23 116 27 75 17 34 51 69 44 167 47 13 131 166 179 60 180 124 58 
12 58 99 168 79 189 141 170 49 188 74 176 80 
32 171 133 180 109 87 73 48 7 68 29 31 137 2 162 51 158 23 88 170 135 119 194 37 60 186 145 185 198 176 41 102 22 
92 37 30 124 171 114 150 28 44 110 25 102 13 55 189 146 41 26 141 72 134 12 52 43 85 101 112 126 140 164 187 61 135 182 104 16 198 185 75 90 68 165 74 46 107 158 89 87 15 56 7 157 10 6 24 162 18 58 131 83 192 91 159 118 53 138 93 19 145 47 113 148 128 147 132 22 79 65 27 127 172 86 122 32 106 129 169 92 175 190 105 160 119 
57 178 133 111 18 132 173 146 170 165 131 6 60 148 88 54 190 174 32 117 72 23 187 160 96 42 56 176 10 74 179 47 33 107 166 55 34 112 120 171 139 94 84 113 200 198 134 195 17 28 116 115 66 77 89 127 184 153 
55 37 104 147 115 146 155 148 59 77 107 195 97 193 83 175 54 154 50 44 199 164 111 161 82 10 76 172 142 98 91 41 177 117 163 160 109 69 6 192 113 130 68 187 55 170 72 27 70 73 51 32 56 75 24 128 
94 64 133 50 135 172 104 74 191 182 32 82 62 176 8 72 127 41 1 26 195 103 6 166 75 129 12 170 2 144 63 184 61 171 183 141 115 34 83 142 70 65 198 92 111 107 114 175 66 109 180 116 55 14 9 19 196 11 47 188 122 18 169 112 15 88 136 124 30 5 164 134 23 68 98 121 93 131 148 199 99 118 80 20 146 117 29 33 27 157 150 140 123 152 48 
27 59 180 183 192 167 154 138 65 121 193 164 3 98 13 49 42 35 46 106 142 166 60 120 132 87 148 41 
81 88 45 70 133 49 192 94 83 33 64 175 137 46 134 23 165 8 37 170 117 40 14 167 145 69 132 97 103 61 3 100 73 41 186 91 24 176 119 113 76 153 68 38 115 4 54 79 47 114 42 171 178 11 149 122 187 183 188 2 71 57 101 9 106 172 190 152 148 7 84 10 154 43 166 118 89 93 34 195 90 156 
40 153 145 10 115 144 72 48 156 99 133 53 68 152 52 182 117 51 43 142 41 28 90 105 131 34 183 193 114 84 110 122 100 22 109 172 107 157 162 64 13 
44 24 102 36 90 10 138 16 123 167 38 20 50 96 85 190 160 118 78 5 171 186 196 158 83 168 137 175 99 107 134 181 49 32 132 46 153 136 146 29 63 183 129 77 131 
32 66 155 65 51 139 38 180 117 149 106 119 61 110 19 156 146 103 182 67 165 28 167 162 79 35 193 46 53 100 90 99 126 
67 29 31 143 57 161 137 78 145 131 114 86 178 33 118 174 162 88 15 127 77 91 138 50 62 108 155 39 112 166 185 188 157 2 141 63 74 124 105 38 195 79 104 170 200 130 171 11 72 53 94 102 101 128 187 41 89 169 126 186 52 136 64 116 190 194 115 135 
98 189 159 49 114 72 188 3 176 82 60 92 36 4 38 87 77 6 70 63 11 138 146 111 143 5 154 19 125 128 14 57 67 200 2 123 41 65 153 50 161 69 117 175 140 106 196 120 8 166 150 145 185 62 94 74 184 17 91 24 132 113 90 16 54 127 40 47 112 18 75 93 199 66 58 31 7 107 55 130 64 102 15 79 195 103 149 46 42 160 142 165 105 68 152 99 56 158 80 
91 174 199 161 158 118 200 123 185 56 143 163 193 64 142 125 103 148 33 94 138 177 133 135 32 36 192 90 126 131 157 63 149 104 60 5 110 93 81 37 49 85 113 68 11 108 111 61 23 46 100 92 168 167 86 82 47 71 22 66 65 40 147 70 146 20 28 6 38 2 97 189 153 12 156 172 155 79 171 31 16 128 186 30 178 101 151 184 116 80 106 180 
4 120 18 89 33 
85 63 37 34 76 148 13 39 200 77 106 65 1 26 187 147 79 38 172 182 133 86 121 197 152 112 146 135 132 64 194 97 164 46 5 171 163 116 174 184 162 154 149 156 104 138 141 12 48 190 74 177 28 18 54 14 157 40 114 43 19 22 36 16 66 161 145 73 85 52 189 29 137 140 53 191 41 126 17 173 139 35 101 158 134 196 
13 127 89 173 61 104 54 15 7 57 8 143 191 197 
90 125 119 121 71 42 168 18 87 1 133 120 24 166 186 56 135 156 123 88 41 76 163 109 167 197 178 152 86 22 95 27 48 173 101 4 36 171 113 62 99 172 82 127 118 21 144 78 25 106 132 162 77 47 111 90 143 180 61 16 104 55 74 148 190 46 170 96 159 31 97 45 161 8 73 198 115 14 131 174 6 179 19 94 136 151 193 53 200 20 122 
58 170 186 89 165 113 196 90 95 108 148 77 12 150 20 48 47 195 154 130 121 151 42 155 38 124 152 81 28 111 182 187 149 174 190 161 110 82 144 54 45 99 15 62 21 44 167 88 91 52 68 123 107 192 23 94 79 126 135 
82 54 126 186 164 111 171 34 197 176 172 76 8 198 174 178 74 55 93 72 69 142 140 89 192 160 128 182 157 113 35 90 94 138 66 184 130 99 77 10 96 125 179 119 190 78 19 154 141 158 71 165 27 112 156 168 51 101 58 191 40 149 106 22 188 48 23 103 189 170 151 67 24 64 200 139 118 98 88 11 4 97 131 
100 172 57 150 33 95 96 184 85 28 89 151 155 23 119 145 156 141 185 74 32 93 60 164 132 13 37 56 83 11 188 107 103 110 71 191 8 159 118 129 87 171 197 39 199 48 114 35 198 149 67 25 138 163 106 127 66 21 180 190 92 113 91 6 7 38 40 78 99 43 3 108 73 1 146 120 26 61 77 173 79 86 75 117 90 94 153 187 18 4 59 5 19 158 29 182 80 196 168 177 84 
48 180 127 83 198 98 70 10 2 162 124 81 126 168 173 107 152 114 132 161 99 189 63 30 67 165 174 135 156 197 172 33 146 91 118 38 106 110 175 137 143 140 176 145 45 129 66 49 85 
57 103 59 54 162 46 78 86 137 167 115 42 124 66 179 151 33 67 65 49 150 70 101 75 71 154 34 72 173 73 99 93 13 169 5 159 30 195 62 193 83 10 58 88 174 108 2 9 139 165 148 11 192 191 45 149 163 141 
10 94 187 14 172 108 55 130 180 114 68 
82 197 63 101 140 183 119 129 157 14 37 199 29 138 137 187 90 46 56 116 180 93 192 123 122 164 17 6 4 130 7 166 148 33 84 145 91 96 95 43 162 139 81 50 188 88 200 23 147 118 21 60 24 75 57 68 28 108 77 134 11 124 160 18 112 165 40 9 107 121 125 175 58 163 15 176 70 193 184 32 71 113 34 
39 128 53 3 56 129 136 148 64 120 96 70 178 194 15 6 38 87 166 111 45 186 142 171 36 73 160 23 81 44 183 192 151 20 74 100 135 60 77 92 
74 127 38 164 107 77 196 13 61 24 48 175 41 116 34 189 158 47 64 20 71 35 79 182 149 136 162 28 29 52 18 15 25 14 90 85 159 112 40 32 94 26 86 33 133 12 200 23 27 101 145 36 98 16 142 22 119 60 39 95 123 49 181 72 114 21 125 6 178 137 68 9 8 186 197 
80 172 191 187 193 50 141 21 97 95 132 61 186 158 197 130 73 160 8 200 100 136 87 74 150 98 127 181 105 17 145 27 77 163 124 154 51 144 88 28 139 196 16 43 166 176 109 153 64 165 112 118 36 67 199 171 164 41 23 128 47 182 63 179 25 119 44 85 78 58 99 96 49 113 155 148 5 180 15 156 188 
92 165 177 197 47 107 94 12 166 160 151 192 168 194 17 53 33 68 22 8 109 155 14 7 190 63 178 158 110 60 127 103 91 25 124 174 149 18 85 162 111 126 55 40 134 37 10 6 191 92 30 66 96 36 13 113 1 100 39 199 49 83 84 52 82 42 148 4 58 71 139 62 27 105 145 32 86 38 183 138 200 164 196 65 176 146 31 142 115 21 170 123 185 
64 25 18 12 152 36 129 34 166 83 52 71 32 164 118 158 28 109 194 86 84 108 19 126 111 94 93 91 139 154 112 72 51 138 39 165 6 115 179 47 55 13 196 113 9 15 38 153 116 192 178 21 46 122 87 175 102 170 62 146 57 44 66 199 106 
7 163 187 118 41 31 61 119 
59 178 157 1 72 95 197 143 166 181 116 77 36 74 190 28 48 39 114 69 107 124 60 146 12 41 182 109 29 51 163 141 129 193 90 6 189 54 57 46 42 112 59 16 158 198 7 32 149 92 24 180 91 122 154 176 68 35 133 156 
42 8 170 182 184 166 162 94 50 30 189 172 173 199 118 28 135 56 168 11 149 35 141 51 177 77 151 112 109 40 196 52 4 142 138 140 71 192 93 154 124 83 146 
10 44 27 176 20 91 180 98 166 48 124 
8 137 49 62 180 128 36 105 108 
6 96 131 69 75 99 171 
35 62 98 169 184 113 41 75 106 167 15 140 109 196 71 182 6 193 82 170 52 165 12 101 28 138 175 181 105 120 7 57 47 173 50 197 
0 
3 89 98 177 
73 137 88 145 179 79 118 27 188 75 72 78 152 35 139 34 134 194 32 176 73 198 84 158 126 112 99 11 190 53 2 156 5 64 28 6 7 197 199 68 192 65 143 36 169 151 22 30 14 12 104 163 43 15 52 166 48 42 184 128 96 25 47 41 61 83 85 195 146 124 9 109 149 3 
77 103 152 25 80 48 36 51 164 60 153 195 161 65 121 126 101 76 137 59 53 78 41 177 179 61 52 165 168 79 97 93 198 108 21 170 146 141 68 182 2 90 178 144 16 192 46 69 184 8 119 33 136 70 92 66 113 185 169 154 145 3 167 180 155 24 139 138 11 142 156 186 105 162 12 47 77 58 
57 171 110 94 192 100 30 25 49 36 129 178 5 122 68 2 109 177 145 153 141 198 67 120 28 81 10 56 38 158 167 168 121 42 130 191 174 127 150 163 189 46 108 117 173 111 84 135 183 193 45 133 52 88 131 147 40 33 
62 125 52 83 154 47 146 188 45 191 135 161 99 65 194 159 168 40 4 142 49 109 19 84 50 31 64 74 32 30 1 172 100 37 114 151 92 69 106 20 80 18 85 63 89 126 144 179 51 102 87 44 59 183 15 200 77 12 8 185 173 54 169 
25 156 3 198 122 77 18 33 200 194 162 10 166 2 29 188 81 73 119 40 192 165 39 116 36 127 
89 22 36 60 46 187 40 47 123 182 150 141 41 52 1 62 33 135 24 42 96 39 112 8 50 71 115 149 87 17 85 44 168 105 2 120 186 155 81 167 122 119 143 121 66 93 12 91 15 181 109 152 34 72 102 180 28 75 26 165 74 98 133 38 148 69 138 18 7 55 157 45 158 106 194 144 58 27 76 49 164 21 147 51 3 92 88 77 68 185 
97 52 1 39 192 158 51 22 182 112 176 185 29 117 14 54 142 9 56 146 170 44 135 5 103 58 68 16 32 45 129 80 133 100 197 60 83 198 20 15 126 147 157 65 28 164 138 72 128 159 63 90 67 111 55 57 8 199 4 127 40 59 47 190 62 105 21 35 89 101 169 144 78 107 137 84 64 152 134 165 113 131 173 94 91 17 171 189 132 174 48 74 87 73 175 34 30 95 
11 9 7 34 92 149 18 47 162 96 192 29 
61 74 142 87 200 81 70 2 179 150 107 147 48 96 144 51 195 26 135 28 196 47 18 85 21 42 133 184 182 114 9 25 145 76 41 35 65 169 32 131 193 185 59 22 164 197 83 194 105 162 111 148 56 106 103 140 78 149 158 137 109 6 
71 146 87 185 192 120 25 150 49 97 80 62 111 181 188 78 33 43 144 169 83 110 99 5 13 75 54 79 190 155 14 133 197 28 158 58 137 65 183 68 107 8 44 21 89 69 59 128 60 18 4 45 199 136 195 135 76 53 126 102 130 131 154 101 6 74 148 103 134 73 164 196 
79 64 68 182 104 75 25 89 55 42 101 56 76 163 29 11 189 81 149 31 19 187 172 183 137 109 43 21 94 50 95 117 135 103 176 40 108 200 8 60 167 9 141 122 169 100 48 85 30 195 82 177 20 78 147 35 136 161 185 7 97 155 13 63 114 150 66 140 134 143 184 124 160 79 23 65 186 152 15 178 
23 110 1 120 169 161 14 153 2 173 158 37 185 15 95 85 189 93 155 130 50 83 171 29 
49 38 54 180 118 72 62 171 190 49 94 35 108 183 16 37 177 68 141 85 106 164 140 105 149 113 129 88 63 34 133 148 57 162 144 78 122 39 28 55 169 181 135 159 131 9 166 31 142 175 
86 61 103 17 39 189 57 173 142 143 125 130 11 152 195 19 151 123 12 135 91 172 41 77 137 96 183 188 180 199 122 56 34 126 176 49 87 94 40 166 196 174 157 113 55 68 46 18 26 112 44 105 155 32 115 58 104 5 133 102 131 156 93 97 163 144 177 66 191 75 6 42 100 154 119 190 23 124 169 30 73 85 198 37 150 82 108 
78 71 87 64 22 86 38 15 108 82 85 156 47 116 115 62 9 39 145 68 199 60 76 92 107 117 12 133 179 189 104 152 48 164 128 168 25 135 8 51 153 127 6 196 161 174 106 96 110 114 29 170 131 150 79 72 1 2 195 18 124 111 24 185 166 134 97 41 83 132 34 67 11 43 188 173 180 14 155 
4 21 186 171 170 
61 75 160 110 99 66 172 28 125 168 122 126 64 5 138 76 40 142 164 197 169 116 151 36 195 39 123 194 171 127 182 71 21 189 186 177 119 147 80 196 124 108 50 200 152 48 25 4 128 149 153 83 143 141 155 96 58 181 62 180 102 131 
97 69 89 125 106 168 108 45 150 30 136 55 76 135 50 7 134 145 187 80 32 73 39 199 110 188 19 198 181 172 34 90 183 151 131 78 20 62 94 36 40 86 186 169 102 166 160 66 193 126 67 64 58 177 122 130 129 197 83 48 156 196 47 11 63 42 105 195 141 85 113 18 189 96 8 133 87 192 127 163 79 24 26 144 35 43 29 132 95 74 121 152 146 162 21 174 170 33 
20 61 28 26 35 44 66 72 34 182 53 161 154 135 124 111 184 146 47 137 148 
91 91 109 185 63 143 183 134 5 164 72 84 187 195 60 108 173 35 29 158 55 179 64 157 94 39 122 14 119 110 37 136 131 1 152 181 162 32 137 93 168 150 71 177 25 30 12 61 112 52 3 130 4 66 126 176 96 18 101 169 129 178 128 107 166 111 19 42 79 54 200 26 147 127 56 172 145 77 105 59 88 138 114 28 123 161 139 65 85 193 23 10 
57 173 88 37 29 100 1 72 47 67 23 104 162 171 35 10 131 182 61 149 44 145 177 120 56 199 126 53 186 147 25 20 62 193 30 133 160 109 191 175 51 113 117 76 24 92 74 132 17 36 125 7 110 2 58 163 71 86 
84 122 186 50 191 166 128 169 56 35 173 106 62 157 75 68 11 82 133 69 12 175 85 199 183 54 178 22 84 127 114 95 20 55 21 179 136 96 57 9 139 146 87 111 124 15 36 47 52 140 39 188 138 145 135 38 116 153 18 14 32 40 60 34 48 79 162 23 102 97 86 155 92 7 31 41 195 120 168 189 154 89 123 119 172 
77 28 47 197 119 127 45 175 199 134 146 136 31 97 194 148 8 35 128 173 2 81 192 143 51 80 94 99 167 13 120 147 60 5 130 187 19 184 23 188 88 102 22 17 41 179 57 111 58 11 191 37 139 186 71 189 151 84 68 101 100 25 166 65 92 33 10 36 149 91 24 55 89 106 46 48 118 124 
71 65 181 107 136 100 3 76 67 124 111 165 86 182 191 153 62 161 39 121 47 53 148 199 44 16 8 189 4 176 171 14 139 175 36 162 183 192 120 78 41 71 129 104 147 154 167 68 21 115 69 7 198 118 37 80 113 194 64 9 151 125 122 145 63 172 43 38 17 108 137 91 
52 97 35 108 4 176 88 39 158 103 199 161 198 183 73 196 7 115 171 41 134 65 121 125 178 126 163 194 110 99 96 187 38 119 156 116 128 118 169 190 19 6 191 70 92 149 22 25 154 20 71 165 94 
43 182 33 113 67 104 99 120 42 71 192 5 31 10 72 139 53 148 2 68 199 65 37 185 198 1 25 178 162 12 194 93 97 76 168 107 13 36 186 159 60 132 195 112 
11 79 123 50 3 48 128 126 51 162 194 189 
96 85 79 5 48 121 36 192 134 140 149 56 64 159 97 183 30 73 19 2 7 94 15 34 92 10 8 109 162 98 117 58 138 68 63 96 169 77 88 113 33 175 144 42 70 124 65 176 180 200 182 67 81 108 86 178 21 27 184 185 82 188 172 118 158 47 32 174 59 54 100 165 110 122 99 120 50 11 20 24 1 60 137 199 196 31 55 130 25 49 4 104 72 26 106 163 66 
31 197 52 184 140 144 46 106 27 98 119 190 158 172 91 159 11 191 26 80 34 15 177 112 71 102 7 1 97 95 45 50 
83 30 177 136 54 81 113 156 73 88 64 170 41 172 48 119 35 137 94 14 13 148 66 144 50 25 125 145 77 193 132 34 151 134 51 187 47 7 31 191 89 8 133 158 68 23 150 72 179 186 70 71 121 57 165 173 28 176 83 79 52 42 189 95 118 27 194 130 124 188 16 181 180 62 98 32 171 104 140 175 114 110 92 29 
59 185 57 46 140 2 161 78 77 90 167 6 70 175 97 155 154 188 44 13 119 198 85 170 171 150 127 8 72 176 109 122 20 112 93 11 92 34 133 1 12 110 58 116 40 123 181 67 163 60 177 68 153 98 115 104 23 22 146 47 
6 143 173 186 187 100 89 
94 32 60 81 86 200 52 50 151 161 72 27 54 167 26 97 4 114 14 128 37 47 95 94 133 90 117 89 45 121 62 65 76 96 146 16 56 57 136 159 63 15 64 6 173 25 48 5 193 190 31 157 135 178 67 129 181 82 179 42 110 7 44 101 38 158 176 116 113 168 68 80 160 112 19 125 185 154 118 131 17 93 124 122 149 79 130 152 155 184 172 127 134 137 78 
61 183 178 55 26 190 5 32 50 117 7 187 100 160 138 45 62 18 43 116 120 19 51 184 28 155 35 198 131 3 78 109 14 95 79 167 159 87 158 125 132 186 121 133 31 82 23 148 92 1 145 8 127 16 113 175 181 22 115 91 80 86 
88 16 148 129 151 179 196 162 23 78 183 144 112 136 22 99 94 152 64 188 81 46 88 149 8 141 31 34 92 200 24 131 106 35 124 161 53 97 42 2 15 107 125 33 146 41 166 76 123 199 5 147 194 133 93 160 44 39 17 126 71 110 120 19 192 11 105 116 51 193 102 52 171 86 180 159 7 43 9 130 134 176 103 91 101 12 104 63 139 
52 152 78 168 104 4 155 184 192 6 147 2 102 16 122 23 173 200 129 98 128 197 157 9 186 107 127 19 123 3 41 100 111 187 25 91 143 124 196 133 81 90 36 198 65 145 27 18 15 51 11 49 177 
97 5 176 18 131 111 186 180 57 182 106 192 139 167 8 181 52 100 41 33 137 56 58 147 21 200 118 94 45 37 80 156 25 134 142 197 193 44 101 179 34 54 84 162 163 161 124 183 49 60 157 47 126 153 144 70 177 13 16 61 23 10 154 71 17 104 24 4 105 151 121 136 82 50 164 65 69 26 125 168 135 81 85 35 185 98 86 110 29 31 184 189 175 38 62 97 152 11 
1 88 
23 76 74 60 191 50 118 88 25 187 131 1 84 197 106 181 6 121 83 142 30 71 200 34 
7 200 99 142 172 182 150 135 
87 114 30 151 148 109 38 181 141 83 200 198 195 174 96 103 138 10 37 126 178 14 25 55 119 160 110 99 150 158 133 123 163 23 31 18 45 39 162 194 97 73 51 152 187 19 142 58 47 144 185 5 4 26 171 186 48 62 168 33 111 184 64 188 164 137 44 105 66 106 117 104 78 41 182 57 92 16 60 22 176 197 159 113 50 147 29 169 
31 153 21 16 145 184 115 71 178 169 67 50 144 174 106 157 125 17 22 74 110 46 100 138 101 57 27 135 139 4 42 25 
22 111 165 145 129 144 195 173 186 124 197 96 166 167 199 171 7 109 76 154 137 105 142 
66 86 155 103 159 63 167 101 32 154 85 22 62 200 12 100 193 133 38 111 54 55 29 89 90 190 163 53 48 98 184 124 60 130 2 144 176 77 14 149 37 153 139 157 185 7 19 91 196 192 126 45 67 13 23 49 65 173 195 148 33 82 47 51 147 8 175 
84 151 193 162 5 124 113 137 79 122 107 4 32 48 50 94 184 52 171 144 186 10 70 85 111 196 163 156 35 117 87 105 14 197 177 7 114 194 73 91 108 77 150 88 30 101 147 38 102 69 179 140 142 160 61 168 139 157 158 40 26 64 110 93 17 68 135 78 65 90 63 8 133 23 44 47 172 103 3 71 181 20 143 120 167 
95 33 38 41 170 108 45 184 109 148 3 52 97 194 57 6 182 20 19 150 8 64 188 31 127 99 11 171 147 132 142 114 48 90 76 7 177 63 195 12 62 17 44 68 49 129 73 14 156 34 133 186 84 140 43 65 100 180 136 189 117 95 165 163 122 85 115 70 27 193 139 121 26 166 152 50 40 16 82 88 101 5 123 179 35 137 91 92 159 60 110 181 94 174 144 18 
93 124 106 134 65 160 76 12 57 162 128 61 108 18 55 7 38 11 88 70 63 121 116 2 140 169 135 84 53 171 168 176 73 101 41 75 194 23 157 114 153 105 113 188 60 186 24 22 49 154 198 32 33 172 68 193 117 69 9 138 94 25 58 141 167 181 83 96 50 66 180 130 183 74 174 132 42 109 123 37 103 187 59 90 150 159 182 86 156 196 89 91 129 43 
50 29 75 160 73 146 194 78 106 103 47 69 152 17 39 58 138 180 199 21 28 23 41 48 96 57 175 8 176 52 107 19 60 188 63 190 81 86 170 109 66 10 126 163 18 200 148 44 158 122 119 
29 107 188 111 199 129 163 177 48 51 59 14 81 93 36 106 122 148 89 193 75 173 39 54 50 28 74 40 55 200 
56 3 161 126 187 170 38 84 81 129 151 107 195 159 77 89 153 138 157 125 121 128 96 94 118 23 79 44 73 15 191 124 16 68 47 97 102 87 88 116 37 149 147 25 123 59 190 156 46 130 92 105 185 139 164 90 168 
20 169 108 1 57 135 126 124 186 76 200 121 66 168 80 146 158 136 3 48 71 
44 4 13 173 143 192 3 139 28 134 33 49 27 154 117 30 140 181 17 129 11 34 59 5 89 50 118 31 29 190 47 145 21 40 150 18 136 8 48 116 90 54 14 69 179 
71 68 40 157 58 25 17 26 118 168 37 75 80 135 53 62 6 90 177 72 77 191 188 13 132 144 163 131 9 95 60 174 33 107 154 47 198 197 148 158 67 73 82 169 139 39 183 125 96 124 110 91 106 105 195 113 121 181 140 78 185 156 102 153 79 167 4 15 27 20 28 103 
36 41 187 48 52 131 169 81 33 139 100 156 191 73 80 190 68 181 188 4 102 42 195 30 16 132 158 29 126 40 107 154 160 92 37 118 74 
89 81 44 64 93 6 42 142 45 26 69 14 175 114 94 167 27 59 173 171 177 95 82 122 10 123 112 21 18 165 194 106 48 91 111 179 109 71 160 115 150 168 143 68 17 126 180 84 128 170 20 155 97 70 108 130 140 129 90 195 51 189 134 120 193 161 121 188 124 32 99 19 146 113 125 174 60 96 15 137 41 110 141 85 187 28 4 184 46 132 
53 99 60 153 3 189 56 48 82 187 147 154 184 177 126 11 9 200 12 132 41 86 69 142 19 121 64 103 170 178 112 151 63 30 45 50 163 193 106 172 161 14 180 111 167 40 134 16 146 75 6 192 20 42 
51 154 95 182 197 142 89 131 96 169 23 152 97 135 40 49 196 150 13 175 132 21 18 188 161 94 186 168 165 193 34 192 47 141 104 16 115 71 178 179 177 14 58 155 129 83 10 50 6 123 62 73 
29 72 99 56 9 38 121 136 11 15 183 48 133 113 130 45 32 191 37 169 163 93 181 149 171 33 165 139 156 167 
85 102 98 39 34 6 109 114 106 23 74 182 139 61 135 93 115 168 189 13 111 82 103 167 52 179 28 38 192 55 132 133 170 3 187 137 63 4 79 107 87 163 110 128 147 190 117 5 177 17 149 176 129 51 91 99 126 2 14 198 96 178 10 156 66 60 160 75 77 120 145 69 53 105 162 72 57 8 11 30 113 85 35 94 150 71 
65 90 16 180 84 150 160 164 82 89 121 63 42 22 120 171 17 105 70 56 163 55 97 71 2 66 108 81 130 59 149 15 34 45 138 137 96 161 44 27 117 26 144 183 35 64 126 98 25 21 78 13 51 145 68 33 136 79 39 32 50 154 141 37 92 198 
73 47 67 52 132 25 125 107 96 139 155 55 192 124 165 140 168 101 84 177 116 106 26 150 118 41 194 117 142 98 152 193 48 163 119 199 44 136 60 129 174 145 191 131 32 27 11 30 149 184 146 14 1 134 115 133 171 12 62 63 50 46 29 160 78 178 151 112 92 73 109 53 74 121 
25 176 90 162 151 167 13 4 128 91 180 108 22 199 125 25 169 73 10 63 51 11 37 61 105 1 
18 149 92 182 7 140 126 75 154 14 131 187 165 171 139 132 134 195 8 
8 16 173 99 74 85 29 136 195 
17 110 194 33 108 179 155 8 127 169 88 74 111 165 5 44 3 154 
85 36 101 131 161 126 196 128 61 139 172 111 15 57 171 28 3 44 45 73 91 195 75 71 54 6 168 5 197 106 191 182 78 22 137 188 136 190 2 150 130 39 199 169 31 176 65 124 46 167 184 67 66 153 157 102 35 194 144 192 123 151 27 51 55 118 83 94 29 72 152 12 8 119 42 120 125 147 33 129 175 18 34 163 121 49 
77 90 156 65 129 48 125 108 1 140 15 197 69 118 85 34 113 178 40 74 199 10 72 121 54 188 139 31 97 68 73 176 83 192 143 180 142 166 127 102 170 164 50 13 191 131 87 146 78 64 165 91 20 119 136 149 111 16 198 183 57 67 120 17 177 153 196 175 71 98 41 128 37 35 103 89 6 115 
60 168 159 13 59 52 83 89 41 189 8 72 55 162 181 35 88 122 163 49 66 134 139 184 73 140 116 10 87 142 170 171 37 19 125 75 194 188 71 31 65 68 146 167 21 137 152 81 20 77 44 53 25 101 169 183 50 29 173 62 126 
31 115 124 135 116 89 178 150 109 44 108 197 121 166 120 60 91 134 76 80 93 132 130 70 4 162 143 42 95 73 184 140 
88 178 47 80 19 74 149 111 183 159 43 40 63 156 117 151 131 165 124 119 200 112 27 10 121 78 197 62 125 12 77 146 126 26 81 31 39 176 192 194 21 64 30 113 55 155 191 83 76 196 143 147 50 173 28 92 116 162 49 56 161 129 133 105 179 167 154 174 153 109 88 127 150 160 58 32 84 24 34 59 148 51 69 15 1 110 170 172 4 
44 50 147 193 21 171 34 102 76 60 107 195 11 94 141 67 31 78 167 150 139 131 125 35 112 103 183 196 81 44 10 15 109 180 117 199 145 165 28 178 27 127 54 30 189 
12 127 183 168 126 186 134 103 195 90 118 106 131 
60 133 101 11 170 154 146 105 147 27 180 107 127 55 72 20 193 48 88 158 116 119 144 70 109 123 190 9 80 94 197 36 75 97 23 182 168 3 167 21 172 165 82 124 138 13 183 66 163 85 62 171 53 129 151 110 175 78 104 145 14 
73 106 55 113 51 7 72 168 68 140 199 2 187 157 50 4 99 125 167 148 44 29 47 126 130 131 94 115 128 137 31 190 42 135 59 1 56 158 136 13 38 80 111 161 87 133 165 75 103 108 90 89 120 156 20 132 183 74 166 23 70 84 150 193 88 40 35 146 8 101 143 62 77 194 
94 69 185 4 49 88 117 10 188 65 73 60 19 71 135 178 12 20 43 36 70 96 118 95 45 190 121 159 59 8 29 161 101 165 84 182 54 98 137 74 115 127 125 68 156 128 62 63 57 6 3 46 126 93 1 193 58 152 2 31 129 104 48 40 16 9 170 180 134 177 146 35 27 14 155 109 166 191 32 189 169 175 131 139 44 23 67 42 144 110 157 141 30 82 39 
46 186 154 71 31 30 28 2 164 92 6 129 187 145 156 159 195 151 39 104 29 153 102 200 67 21 140 43 19 57 131 137 25 199 146 118 12 115 41 60 11 192 132 176 107 81 37 
62 25 134 148 184 77 86 27 30 169 88 108 172 5 160 92 80 185 15 156 73 100 131 191 94 70 62 3 72 13 11 99 29 6 26 140 68 31 199 32 109 28 128 151 16 153 37 60 200 66 34 85 98 130 10 126 161 57 146 127 137 51 19 
50 15 42 56 131 57 93 36 32 181 86 99 10 177 66 107 49 126 65 35 2 33 80 190 130 70 191 21 54 176 47 112 37 159 94 152 149 161 6 184 52 127 171 81 145 29 170 200 175 73 198 
53 81 31 129 94 7 20 149 195 71 177 99 194 11 142 4 132 150 153 34 60 70 61 72 62 104 106 21 37 52 111 161 166 170 115 40 184 5 180 167 119 158 162 145 199 107 179 48 50 200 135 187 57 178 
49 100 37 33 145 27 139 109 126 65 171 102 80 190 86 99 62 158 132 54 153 69 17 6 128 151 162 166 184 16 8 114 28 3 170 107 96 160 92 159 11 24 61 142 191 148 32 177 81 135 
57 100 32 180 178 161 107 181 2 16 3 192 61 171 135 115 140 158 54 111 116 31 24 184 82 182 150 68 191 71 99 134 118 156 66 89 52 123 200 113 91 47 25 126 112 30 104 37 92 34 90 164 50 76 13 85 62 139 
55 115 70 86 149 17 147 168 89 16 143 159 94 6 72 172 49 136 118 80 160 10 133 169 107 28 43 88 85 171 65 150 170 158 153 123 20 99 40 74 31 199 29 111 103 131 154 188 79 47 66 25 52 146 126 155 
60 92 16 148 177 81 82 2 156 85 200 12 42 106 113 94 170 3 153 49 45 43 25 115 169 136 193 155 99 72 74 107 129 86 80 173 39 149 143 56 171 140 127 191 103 184 160 135 104 162 188 71 159 132 114 119 11 30 199 131 190 
43 140 43 136 42 73 172 181 149 52 138 70 51 10 126 109 94 132 161 40 55 79 92 72 65 198 9 178 160 31 113 111 133 134 16 116 34 183 62 200 147 25 30 39 
50 182 162 13 70 96 65 73 16 196 166 130 91 95 145 109 192 90 170 115 193 173 19 151 68 128 153 34 106 89 148 27 184 48 25 45 180 94 195 146 23 32 108 6 57 35 200 80 74 24 187 
51 28 171 52 3 76 4 143 162 187 148 109 100 140 136 23 16 98 69 2 40 172 92 31 153 21 119 184 198 154 94 126 181 186 127 27 147 99 161 62 51 5 160 107 183 106 111 156 139 177 196 79 
60 31 55 66 26 10 13 171 89 113 52 169 100 81 191 127 32 11 102 145 25 156 131 29 195 34 79 43 36 129 139 16 23 20 35 105 73 147 45 123 181 126 6 28 51 92 172 118 12 140 61 160 86 115 186 14 151 116 200 67 82 
48 10 6 37 151 148 54 198 49 135 178 199 162 20 192 43 116 14 93 9 169 184 185 187 86 95 57 113 107 3 24 17 115 156 5 109 155 47 193 30 136 16 85 102 182 89 65 177 61 
63 158 44 159 182 115 35 171 34 181 147 85 110 45 10 6 102 3 155 166 104 198 49 149 14 186 200 72 80 31 184 69 174 28 135 19 92 81 177 16 27 132 33 11 188 145 52 140 51 126 137 170 57 75 56 17 94 113 30 32 180 99 169 111 
52 57 70 71 16 131 137 81 62 147 185 103 15 105 160 129 116 98 140 180 112 126 113 34 29 161 153 82 158 183 123 52 196 30 136 178 89 154 39 192 175 92 99 132 191 111 61 65 40 195 33 114 31 
46 161 96 118 162 9 22 99 34 185 158 51 114 179 155 182 104 127 102 138 181 113 166 175 171 132 31 100 69 71 159 39 89 54 18 11 189 23 167 3 149 192 200 160 19 86 6 
43 173 177 48 149 114 28 160 6 14 19 192 37 132 170 86 102 35 162 11 185 180 115 49 13 76 158 131 146 139 90 10 16 171 79 167 178 99 111 65 56 85 184 148 
59 162 21 71 159 92 133 47 51 70 25 107 182 13 10 135 72 143 84 31 177 85 90 111 140 145 22 129 104 115 101 134 89 67 171 62 139 166 172 191 173 116 28 147 102 56 37 131 113 82 30 5 99 130 60 161 75 180 4 29 
54 92 104 139 143 53 153 195 24 180 107 10 89 106 171 28 166 72 51 61 75 150 193 77 181 158 161 200 159 11 3 4 16 129 173 102 12 145 50 136 65 99 160 116 55 69 148 40 59 97 2 49 85 169 25 
48 150 92 18 193 153 14 112 70 79 100 178 96 51 180 198 21 192 113 31 146 81 20 85 156 132 129 50 3 171 120 181 104 136 54 2 170 199 48 25 62 200 4 34 57 147 105 40 143 
49 49 198 113 71 9 141 45 180 149 65 105 153 143 85 127 5 185 135 11 196 2 131 132 115 48 182 61 173 142 162 107 68 86 136 134 167 6 195 54 79 147 29 116 24 111 104 177 193 114 
50 45 159 187 131 156 14 167 25 61 191 89 28 88 166 43 95 8 34 150 148 169 59 126 74 134 20 78 115 106 11 102 57 51 132 140 100 147 80 85 48 160 185 81 172 72 37 113 104 71 66 
53 51 54 200 145 106 166 111 160 182 94 33 56 162 113 107 92 70 184 136 156 20 86 161 155 175 57 172 173 42 170 169 9 85 147 68 90 199 41 114 10 146 139 198 5 148 24 112 11 88 81 105 100 159 
42 17 172 61 5 162 106 131 91 111 118 70 21 36 195 140 148 48 81 89 52 65 113 10 99 16 49 6 104 160 127 31 85 94 3 143 15 51 146 50 23 96 153 
52 145 31 151 7 187 75 193 56 140 65 70 11 45 86 164 172 113 142 126 107 127 158 114 161 37 167 162 115 57 148 10 166 153 146 178 116 5 185 186 134 155 175 82 128 150 81 51 30 135 136 89 104 
47 113 72 49 3 171 31 89 158 186 102 51 19 107 159 180 37 10 131 28 134 185 4 52 178 162 14 45 195 5 16 153 68 57 170 24 144 54 143 166 92 145 40 67 139 23 154 17 
51 186 155 198 191 115 46 30 89 185 178 180 39 74 177 12 81 6 2 25 104 91 167 34 19 171 23 161 24 113 195 126 120 8 114 154 3 200 158 11 153 45 70 32 65 196 86 106 10 92 131 63 
62 145 15 105 100 42 144 196 191 132 180 24 35 114 131 27 57 20 95 138 3 128 40 85 49 173 89 56 90 113 135 134 123 10 116 50 126 118 177 107 119 111 19 51 174 14 142 86 65 148 47 184 5 70 52 155 195 102 97 25 178 159 61 
58 31 102 189 85 113 145 73 80 11 30 69 54 111 53 72 7 107 16 98 136 169 143 155 199 193 137 96 132 179 186 92 37 70 191 81 34 130 146 65 39 166 57 47 50 140 17 61 48 10 173 62 200 3 133 88 162 177 118 
56 128 196 72 89 143 48 65 69 136 54 32 61 49 177 7 56 10 18 86 184 108 153 100 146 24 126 19 119 164 51 115 84 139 155 186 5 57 129 181 92 170 81 179 50 145 28 3 31 53 11 132 14 166 200 109 195 
42 192 104 151 98 138 200 115 4 147 99 191 88 136 37 117 162 28 148 160 177 39 5 11 196 158 25 12 27 166 71 155 33 199 24 195 159 49 171 129 153 100 193 
58 100 5 96 180 3 32 200 145 158 183 129 68 155 116 71 159 111 92 89 55 147 172 54 153 91 2 115 139 6 132 86 52 186 61 143 169 134 80 118 81 73 126 170 40 39 19 90 185 51 24 29 107 13 113 31 30 28 195 
60 179 85 148 172 37 190 101 135 109 42 73 107 130 56 57 6 61 51 16 153 65 49 32 111 131 54 128 151 100 34 108 185 80 25 27 162 127 171 98 178 115 177 24 81 191 90 92 3 160 62 169 50 11 183 143 113 52 40 94 166 
58 21 160 11 133 90 131 28 92 139 6 51 155 182 116 71 85 79 12 164 184 106 191 185 63 111 192 57 74 147 9 109 153 177 196 156 140 65 30 52 126 86 81 138 171 113 94 56 144 55 132 102 34 154 54 195 162 143 95 
59 102 26 65 184 171 82 199 106 143 67 150 47 71 97 42 93 85 107 4 200 51 81 134 146 56 155 191 193 61 72 138 62 126 38 159 160 196 14 147 113 119 185 118 148 16 145 136 9 39 144 162 192 69 45 30 49 132 34 170 
48 66 33 32 174 146 7 128 50 198 118 99 62 30 200 104 131 126 39 121 102 23 2 10 191 49 115 148 114 149 86 113 100 80 142 153 5 112 16 96 143 61 130 55 151 161 116 147 127 
52 107 193 19 139 192 138 185 145 85 179 187 20 61 94 102 79 54 158 30 16 37 51 166 89 43 178 100 39 91 8 3 72 32 151 33 146 183 2 34 115 129 175 31 149 148 169 162 55 172 137 88 111 
49 162 3 183 81 98 116 140 112 2 107 52 75 113 35 149 100 105 138 175 16 158 17 170 51 19 171 40 54 184 65 102 48 94 96 49 128 67 172 147 166 115 99 199 31 108 131 97 150 169 
54 115 71 195 20 56 3 184 160 21 102 98 81 107 5 73 67 57 150 40 19 166 149 14 145 139 138 185 68 132 131 69 173 191 82 31 147 74 72 130 52 174 30 39 61 200 118 142 77 29 178 140 116 143 113 
55 128 94 179 115 177 42 136 132 131 106 61 56 54 111 156 57 65 82 195 199 113 28 37 130 119 143 27 12 49 29 25 178 192 80 181 22 139 147 99 15 129 142 102 170 200 51 100 72 182 77 171 52 30 174 107 
50 98 166 61 180 86 127 95 25 55 171 162 37 114 192 81 94 91 149 93 22 88 140 148 92 10 102 150 99 173 179 139 160 131 161 172 104 193 126 54 134 118 113 123 117 70 147 181 186 89 155 
51 80 185 57 24 136 172 180 181 90 126 167 10 118 104 16 62 200 134 72 153 109 151 13 160 179 17 139 143 70 51 155 105 3 69 94 99 9 39 128 131 191 93 194 158 52 37 199 55 115 67 145 
42 111 70 28 12 40 43 83 49 149 47 95 102 76 81 195 107 25 159 61 114 57 79 172 140 200 89 3 136 143 6 171 13 94 80 36 19 135 16 126 11 21 160 
53 158 65 11 146 120 131 162 149 185 173 129 144 193 191 186 190 112 48 30 19 57 24 156 170 180 55 42 34 175 89 114 36 16 135 45 196 61 139 199 50 166 86 70 171 91 116 13 71 132 194 160 200 105 
49 65 26 105 112 109 11 7 49 59 181 86 183 154 8 80 73 135 14 158 200 159 108 17 166 39 25 171 3 21 47 31 10 12 94 104 148 185 128 62 162 129 180 143 68 169 82 131 191 132 
55 42 99 27 39 109 12 191 71 100 175 154 45 127 102 96 104 167 186 86 54 43 97 94 89 200 13 50 36 25 69 118 180 16 56 116 68 156 160 9 34 65 62 11 35 148 79 139 111 80 84 93 131 128 72 37 
64 83 65 153 131 70 116 48 12 14 114 28 72 80 113 57 86 199 105 155 52 129 186 104 85 133 42 195 134 143 100 5 127 92 166 147 178 115 10 89 94 99 146 123 162 173 81 126 144 158 169 40 59 148 149 90 182 170 177 140 175 71 132 49 156 
62 106 132 183 23 70 171 180 64 170 104 181 166 72 173 120 24 95 118 126 158 200 147 92 174 153 140 61 113 14 148 198 177 5 143 66 186 192 152 107 155 71 81 10 102 16 51 142 169 105 13 127 2 80 179 88 57 12 176 134 67 40 136 
49 72 34 195 25 162 153 191 193 71 169 99 51 200 96 100 94 3 37 135 108 177 109 115 161 113 139 79 121 182 66 74 45 171 172 93 43 31 76 27 73 30 129 17 138 48 114 87 128 131 
62 39 164 172 162 119 196 32 25 96 14 182 137 75 68 171 123 24 98 158 72 142 136 46 13 167 111 177 40 174 99 43 199 170 154 114 153 92 186 7 51 166 195 91 193 192 3 181 131 159 185 81 129 147 155 74 152 143 34 2 65 52 5 
63 9 119 118 54 161 184 152 34 132 40 185 148 195 191 174 70 55 88 39 62 25 166 116 31 131 82 76 80 199 16 6 74 146 169 24 134 95 61 37 106 155 13 79 187 114 129 50 12 160 86 10 140 97 51 85 30 127 159 57 72 91 7 180 
49 17 158 193 80 47 105 95 119 186 132 86 16 24 39 49 81 98 123 89 184 171 127 36 147 128 83 129 113 145 115 43 21 131 162 72 102 179 82 116 62 154 155 14 79 173 170 160 126 31 
45 14 73 172 146 135 127 98 52 3 178 16 30 47 126 104 12 54 186 112 61 34 89 40 57 184 115 75 144 160 193 70 97 10 36 95 149 198 81 68 151 169 31 102 49 33 
47 99 52 105 16 91 37 27 6 162 71 25 153 19 57 177 90 79 20 106 109 129 118 155 10 200 196 42 192 12 102 94 18 145 138 62 132 147 11 68 135 174 191 82 158 22 169 103 
53 73 143 59 19 30 172 71 138 132 62 65 139 198 43 69 174 13 191 9 153 34 49 147 136 199 89 115 91 148 195 92 110 169 193 166 31 29 159 28 54 116 99 11 186 184 185 106 90 14 3 131 104 145 
52 136 162 80 89 104 22 54 34 185 195 52 20 30 62 128 139 81 145 40 39 100 56 5 76 112 2 199 32 111 31 158 119 86 181 132 99 134 4 82 153 15 183 147 146 3 61 72 85 66 107 91 90 
52 111 54 172 12 147 85 167 3 2 21 158 16 192 107 5 69 4 116 14 94 184 28 42 148 171 191 62 99 98 156 30 80 162 139 32 123 52 118 86 176 155 173 57 138 103 200 166 55 132 19 7 43 
49 131 56 11 86 127 55 153 68 111 143 166 79 156 20 61 81 106 89 82 200 65 85 142 57 25 23 146 62 148 132 139 48 114 115 73 5 2 135 182 173 99 195 172 17 32 162 109 178 87 
39 193 185 180 8 177 45 175 174 31 29 62 3 145 199 129 32 200 74 30 34 109 85 33 132 57 153 13 107 93 135 127 118 172 48 70 54 195 91 134 
62 166 171 164 11 181 93 115 184 111 158 86 80 153 145 136 35 13 90 131 132 194 69 156 113 162 47 99 10 186 45 169 43 107 172 100 127 52 173 32 200 28 30 180 62 3 54 36 73 148 34 88 135 140 48 151 21 118 112 196 16 178 147 
40 126 89 70 42 145 39 100 187 104 139 40 36 127 97 191 81 67 172 9 170 144 107 14 11 146 92 113 184 49 94 27 25 103 65 117 52 162 24 114 71 
54 123 116 182 178 200 149 109 140 82 198 40 132 42 186 166 115 14 131 35 51 99 142 30 65 92 158 147 155 199 143 169 54 47 146 28 84 72 135 24 48 13 57 79 138 105 162 193 81 121 104 171 195 98 159 
60 79 114 14 181 102 108 111 96 72 29 169 47 160 37 136 3 49 92 69 44 153 56 80 85 51 187 52 129 50 100 170 173 19 172 200 99 61 43 30 145 17 115 28 132 186 171 98 143 10 195 158 57 138 5 149 16 62 31 184 185 
51 155 73 62 143 102 136 71 92 42 98 185 59 56 140 95 132 13 76 192 158 149 126 53 114 51 45 113 66 30 171 37 100 34 85 67 112 195 166 94 170 3 160 180 181 129 99 153 5 145 142 106 
57 71 169 150 61 85 93 193 109 136 27 65 145 80 191 153 200 134 45 69 49 18 31 34 132 92 148 29 126 2 170 161 3 127 162 135 100 172 151 52 15 115 158 28 47 102 99 149 67 97 171 129 6 89 20 77 192 16 
52 49 42 24 127 37 7 92 25 108 193 153 6 14 107 142 155 81 143 54 184 71 28 144 185 173 99 100 166 198 13 97 39 109 115 131 102 69 52 116 16 176 136 139 90 145 34 30 106 191 80 172 72 
47 61 97 16 40 20 153 79 37 114 44 140 106 156 99 29 151 200 27 109 146 55 73 108 62 66 178 128 34 196 169 39 192 107 3 132 65 82 68 72 149 143 158 186 23 191 33 167 
64 180 156 61 48 132 92 32 158 11 115 185 192 138 50 175 113 118 193 172 66 105 199 200 5 4 171 91 54 147 170 149 148 110 72 95 3 100 136 151 179 135 139 2 99 71 42 128 111 155 88 43 131 81 28 89 94 178 126 127 65 140 153 30 52 
42 42 91 40 106 11 81 200 55 162 12 122 28 71 52 86 17 180 94 147 192 131 143 76 99 62 195 21 149 68 172 135 184 83 3 177 70 127 181 129 118 173 170 
50 127 162 109 32 34 41 14 153 108 61 33 52 56 37 100 170 67 63 198 200 55 111 92 18 172 199 171 85 44 134 99 42 28 43 39 180 72 54 94 40 185 194 91 150 45 16 29 156 112 155 
65 25 104 140 148 111 119 191 123 70 155 68 56 145 184 61 49 180 2 17 142 106 154 34 164 53 57 37 115 192 39 113 32 31 150 16 86 185 193 11 167 176 85 160 149 162 94 131 28 200 170 146 116 107 65 66 40 182 100 80 81 77 47 27 109 151 
62 151 32 62 113 144 106 192 183 19 158 109 71 118 91 153 155 131 90 193 72 156 37 66 73 49 116 92 98 99 69 146 57 145 50 126 56 43 21 9 95 178 199 80 85 74 191 184 29 83 54 28 55 63 67 89 132 51 140 198 138 24 14 
55 51 55 194 109 187 175 179 102 86 88 14 172 200 11 130 91 19 193 170 153 155 114 192 186 38 139 173 135 182 10 61 132 32 112 107 17 8 81 25 94 171 126 30 72 65 150 191 178 104 143 166 12 20 79 28 
56 131 99 68 146 49 9 184 87 114 98 92 195 174 80 186 53 132 66 179 51 200 34 112 192 106 61 3 118 135 199 90 65 143 102 190 104 81 134 172 55 39 164 189 74 10 43 107 54 70 11 129 47 35 167 89 7 
40 99 139 199 193 123 92 126 86 91 44 181 178 57 30 136 131 147 142 184 173 111 43 40 107 198 28 42 135 66 172 75 65 5 11 109 89 174 122 188 191 
50 80 164 76 176 158 195 28 43 72 91 142 106 14 143 146 73 134 36 160 2 94 168 46 47 57 4 75 62 29 149 171 196 136 131 32 10 151 127 104 135 22 45 67 172 140 79 49 102 39 194 
57 66 127 31 105 37 71 175 155 16 49 96 98 34 65 22 111 47 118 90 72 11 169 184 45 57 131 178 199 113 2 85 99 28 170 102 153 107 119 106 48 79 195 91 112 193 42 139 104 129 145 30 5 156 81 130 114 33 
47 161 16 135 106 156 70 66 143 192 114 134 149 51 160 61 98 178 55 186 65 196 25 79 52 33 107 158 166 185 126 96 159 85 44 170 136 191 127 132 195 173 198 104 24 109 138 39 
54 140 52 51 102 11 170 100 3 49 143 71 68 24 178 155 105 9 67 28 87 47 127 175 98 13 184 34 75 72 135 97 152 81 79 39 17 80 126 107 76 94 25 99 158 147 185 145 37 19 136 159 89 153 113 
54 19 178 179 80 176 66 43 135 4 142 194 10 14 20 6 162 159 149 30 2 72 69 5 62 107 92 67 158 3 65 87 199 127 154 37 99 27 13 198 195 81 34 11 143 57 47 100 129 12 148 40 22 132 28 
51 28 160 195 136 153 174 67 34 173 33 131 185 12 4 32 47 128 35 30 134 112 105 86 196 161 25 15 16 29 61 71 148 130 193 54 50 56 155 79 3 180 100 57 175 48 108 81 158 111 179 162 
44 91 162 153 169 115 184 72 31 49 85 181 171 158 92 178 100 136 147 200 12 57 104 32 139 3 27 44 73 40 140 99 180 159 70 79 16 123 185 62 55 198 65 80 105 
49 31 94 132 129 92 115 52 25 172 119 155 116 140 96 191 55 91 137 7 43 164 37 166 182 3 126 70 62 109 51 39 134 85 81 19 143 142 86 135 192 89 107 56 71 12 108 40 193 195 
41 162 25 171 185 175 4 128 172 145 195 16 2 94 27 186 115 147 164 132 200 13 39 111 95 199 57 148 52 180 62 107 70 69 116 23 28 90 126 65 14 129 
52 96 25 102 180 16 115 145 39 100 192 129 189 162 153 72 82 136 137 113 20 37 138 66 81 50 126 156 184 198 114 27 43 108 5 131 134 143 28 30 170 140 32 17 70 169 89 59 107 139 147 171 56 
42 62 162 115 149 173 172 70 158 15 100 9 67 28 147 153 54 27 42 159 109 32 169 6 39 79 52 104 160 140 25 116 72 89 102 181 81 143 146 98 107 113 75 
47 2 68 192 28 170 18 147 30 48 79 93 184 143 39 114 71 116 70 159 80 131 89 140 14 193 31 47 88 16 129 85 139 104 34 175 132 107 43 10 199 135 3 72 134 112 49 99 
53 190 105 4 160 155 150 90 195 153 175 66 148 131 65 32 171 109 33 54 126 198 170 106 104 163 138 172 26 11 145 114 94 98 2 31 71 14 128 193 200 92 19 82 28 199 146 30 111 70 164 88 67 57 
53 67 135 9 48 98 132 16 10 14 136 175 174 158 62 148 90 155 101 169 107 12 157 34 80 85 194 105 125 94 32 199 49 70 69 30 89 182 143 6 177 106 193 172 185 192 103 3 24 147 71 129 28 82 
50 104 97 105 10 106 178 185 175 94 61 95 32 111 180 57 37 158 33 171 197 51 169 170 177 132 172 85 118 99 34 143 161 192 156 96 6 187 22 28 16 107 31 19 45 113 127 68 100 199 89 
55 191 118 73 33 16 56 94 132 99 11 111 75 139 80 149 23 42 105 72 148 25 91 184 86 180 31 5 120 7 108 3 116 39 107 89 145 154 161 98 194 170 172 178 187 160 2 131 171 159 169 81 192 57 52 115 
47 131 39 188 166 74 160 99 43 175 147 92 9 153 54 12 32 57 118 148 89 133 185 179 155 107 146 156 81 65 17 100 150 7 16 55 171 112 129 195 34 186 159 115 56 140 19 127 
47 39 61 82 11 100 160 14 31 34 158 54 119 45 180 151 65 24 131 170 67 200 92 184 89 68 71 183 194 85 99 111 127 145 80 56 156 50 116 174 107 106 19 139 94 25 137 109 
59 29 57 79 70 73 98 182 107 54 30 199 72 115 35 106 153 145 160 171 116 150 143 180 138 104 196 28 184 56 14 24 155 90 162 175 136 4 94 132 47 191 25 99 148 61 110 33 128 105 172 198 158 31 100 10 113 170 119 139 
44 105 33 147 37 113 54 65 132 180 19 107 171 52 53 182 42 178 56 111 155 158 118 69 68 70 32 159 154 27 136 28 143 67 86 83 25 47 200 7 137 104 24 114 194 
61 19 150 16 85 168 43 140 184 133 27 186 28 147 131 180 172 173 166 143 153 61 5 10 45 13 175 48 57 65 182 115 72 134 114 4 111 63 107 68 112 139 73 178 158 185 14 70 79 126 54 145 122 104 142 9 106 96 90 80 62 200 
60 158 81 151 51 150 139 153 100 65 50 33 39 140 22 198 72 9 180 135 147 102 83 70 24 114 45 42 175 94 61 136 75 20 27 171 17 166 162 67 28 148 37 10 192 3 53 34 185 106 85 182 104 127 156 154 12 13 91 160 30 
49 85 91 65 40 19 125 106 28 81 37 185 76 8 120 12 153 50 80 154 186 11 123 161 67 33 131 10 184 13 30 162 7 56 156 66 9 192 93 114 92 113 108 169 200 16 71 155 79 31 
53 106 181 61 49 184 3 107 92 34 151 114 16 135 104 5 17 165 72 199 183 95 189 2 126 96 35 166 105 122 153 85 129 65 97 180 160 42 51 108 20 142 31 21 30 148 109 99 171 87 150 39 71 80 
40 5 43 6 179 57 128 82 157 129 112 56 139 153 16 115 132 148 169 159 73 20 95 114 97 17 171 161 136 167 30 94 162 23 34 146 22 51 149 100 85 
55 111 160 62 52 162 98 49 167 104 65 51 135 20 60 145 9 169 34 193 27 106 136 109 191 80 54 16 132 200 170 81 100 7 113 102 42 171 89 61 123 148 186 29 198 85 127 158 14 25 172 94 31 19 74 199 
48 139 76 98 160 70 88 13 179 184 135 129 32 29 43 96 170 154 33 39 16 142 22 148 3 143 11 48 196 131 147 30 57 51 62 178 56 74 37 89 42 175 191 67 59 99 116 192 161 
56 24 52 170 178 72 31 22 10 184 5 196 50 59 97 115 139 47 197 199 92 109 65 21 132 192 30 16 172 80 99 150 135 74 160 181 173 85 68 107 81 169 40 39 106 166 42 94 25 127 86 100 20 134 34 136 3 
49 72 28 198 20 53 89 166 139 50 12 91 153 57 56 102 61 65 126 100 182 162 92 200 62 151 2 71 76 103 35 34 155 86 49 160 98 8 140 79 146 161 149 70 74 104 136 156 39 31 
52 114 187 80 23 53 31 89 131 30 138 178 29 132 49 51 99 6 115 172 8 4 98 42 185 62 7 22 162 195 69 143 123 70 134 170 71 95 72 145 175 160 166 168 127 139 184 68 198 28 25 121 82 
58 81 181 140 89 116 52 199 16 180 30 107 14 129 93 108 104 186 153 12 54 67 43 197 62 166 173 184 138 61 66 164 99 147 131 191 167 143 94 162 154 17 97 100 102 65 178 148 28 27 106 172 123 31 160 5 134 34 174 
54 174 92 105 81 11 30 173 99 115 160 52 86 113 145 82 65 45 134 179 33 118 178 20 89 198 9 12 175 57 3 90 135 25 96 184 72 111 161 149 43 50 28 91 151 132 95 31 196 186 107 170 108 140 70 
63 199 171 110 192 185 109 79 140 85 28 49 31 172 68 111 121 138 10 180 69 127 63 142 5 136 12 107 187 61 139 190 176 98 149 100 13 32 105 35 52 51 20 170 145 143 17 3 116 9 30 80 14 42 45 16 153 33 150 128 44 55 23 194 
57 129 146 156 24 180 70 126 45 91 66 123 159 13 166 119 136 168 55 114 84 73 47 69 116 118 64 11 131 104 194 195 25 134 171 85 172 196 28 115 56 62 128 81 88 153 65 184 92 186 9 200 61 198 145 173 95 72 
57 200 145 158 198 7 171 162 9 135 65 37 50 146 180 160 195 100 108 3 19 30 107 155 43 115 190 153 89 142 105 170 178 143 49 184 150 16 11 32 97 67 34 140 137 29 95 13 166 79 71 167 156 70 128 72 25 42 
58 54 99 191 56 190 91 180 115 169 3 181 162 135 90 69 105 168 134 81 40 149 100 144 128 23 71 5 61 33 145 170 112 92 192 11 50 161 184 195 85 70 80 140 166 199 29 174 132 106 27 79 148 25 34 39 104 116 147 
48 151 111 51 145 47 181 118 81 102 98 92 68 160 158 106 119 196 90 7 156 114 116 55 3 139 40 17 12 186 37 89 132 71 43 85 180 131 99 195 75 33 16 46 126 66 154 11 113 
59 100 71 27 105 106 138 104 146 114 123 16 172 115 143 59 73 170 107 184 139 149 91 39 183 180 178 99 5 116 90 14 49 48 151 127 33 153 68 80 155 79 159 111 42 57 158 66 195 89 56 166 192 54 40 132 81 94 3 199 
49 134 3 170 110 94 81 57 171 25 5 166 6 30 129 71 147 79 65 113 184 118 172 82 136 68 22 99 145 20 72 37 92 69 108 107 12 2 24 98 140 31 102 95 180 19 158 89 155 39 
47 25 200 37 70 116 80 167 79 104 90 14 159 49 86 17 91 26 6 199 139 94 156 98 109 9 16 171 186 56 180 43 65 131 140 150 11 184 67 95 92 149 12 192 194 115 182 29 
54 159 39 57 9 158 73 150 160 193 186 175 47 140 16 83 74 113 102 79 11 28 142 35 100 111 67 82 5 43 130 118 86 37 10 92 71 177 42 85 34 116 194 70 66 172 195 198 29 156 19 98 17 147 90 
48 99 10 28 49 40 185 3 90 146 172 97 92 184 42 70 159 12 27 85 80 95 107 136 132 186 166 30 195 153 91 171 177 79 47 200 158 16 61 196 31 170 67 69 25 128 140 37 94 
55 197 51 175 89 150 94 164 33 138 19 26 186 192 126 92 178 107 149 155 85 153 106 200 117 179 71 42 98 40 14 80 100 162 11 3 96 116 49 108 148 70 47 119 52 17 111 158 34 30 32 6 104 191 114 177 
51 42 198 17 147 155 127 131 70 107 186 142 97 14 113 88 57 148 145 192 16 154 156 56 5 61 81 94 104 195 173 62 191 22 166 139 24 6 106 79 20 130 50 28 117 12 9 89 114 7 111 150 
55 192 194 123 23 82 180 131 101 153 90 66 17 24 27 148 137 104 47 26 149 62 68 57 54 99 51 19 34 146 170 29 25 31 159 85 84 151 184 39 22 13 65 147 135 199 93 10 128 160 107 191 6 112 11 185 
46 105 111 191 164 159 51 39 150 162 104 82 149 172 194 16 181 128 176 175 25 178 70 127 143 186 92 171 131 3 81 185 200 180 75 183 158 6 192 28 155 195 11 85 93 153 102 
49 89 131 180 156 70 24 145 21 14 143 5 36 111 161 174 116 138 136 3 173 25 118 104 94 95 77 12 171 149 130 147 62 19 65 54 11 170 34 193 142 153 92 81 158 139 45 80 57 128 
54 65 6 54 99 131 55 24 8 79 172 156 31 78 198 175 104 53 100 10 191 142 166 70 61 182 16 34 85 17 113 66 145 28 111 92 171 62 180 40 160 161 68 56 139 73 152 115 82 7 147 25 96 105 86 
63 4 89 3 153 70 170 32 195 178 149 10 92 144 41 114 168 49 180 139 169 176 86 160 48 111 148 47 51 109 56 155 172 54 5 198 142 81 2 162 62 140 126 66 158 161 31 136 118 191 194 14 175 120 22 147 105 37 186 98 108 119 61 115 
56 49 30 72 159 85 20 11 113 25 143 56 57 139 67 9 69 16 34 74 195 167 106 162 104 180 100 150 199 160 7 192 191 146 73 99 50 155 158 186 178 175 54 149 62 5 200 53 129 59 111 196 71 142 187 27 193 
67 51 127 97 132 146 34 193 199 166 143 135 126 89 108 22 48 180 42 106 20 181 152 184 31 43 191 36 188 129 169 70 185 145 115 25 173 98 24 195 3 21 2 54 74 76 100 197 80 150 116 200 53 160 105 176 86 142 162 19 9 69 139 102 47 66 179 175 
48 198 159 38 11 128 81 65 130 171 43 161 200 114 14 108 99 90 195 190 92 196 143 57 80 192 20 107 39 148 140 113 31 37 142 147 145 98 158 103 197 22 89 104 25 68 156 115 132 
47 175 79 56 184 43 145 112 147 180 25 4 33 69 65 21 121 200 48 161 86 100 40 126 172 106 132 152 91 89 150 98 192 199 191 85 148 114 142 50 140 62 135 99 24 187 158 14 
56 84 89 66 3 180 52 186 160 36 42 17 92 43 172 171 175 107 149 116 143 138 182 40 112 192 59 111 168 29 25 2 195 69 79 27 145 132 200 7 28 61 174 71 184 108 191 161 118 198 177 34 81 158 128 96 15 
55 135 10 5 160 25 22 4 111 99 175 91 169 72 183 137 185 68 2 143 191 106 114 81 128 139 57 39 86 65 80 28 105 73 52 155 69 49 110 148 3 21 158 172 67 153 11 145 32 85 56 180 194 199 98 31 
64 146 132 33 159 19 139 191 104 7 162 71 89 200 5 199 188 69 50 106 192 128 134 135 52 59 122 90 70 73 98 79 164 179 49 158 195 25 92 3 62 145 56 47 142 140 81 34 95 37 178 86 74 40 182 160 17 197 16 143 100 186 196 96 138 
56 146 86 57 33 61 199 107 194 89 12 29 186 159 90 66 140 67 73 15 45 179 102 11 114 93 50 99 96 72 34 94 143 181 20 10 184 51 182 104 171 180 178 151 3 13 155 81 56 132 188 55 108 2 80 172 54 
54 166 113 147 104 100 68 132 170 3 139 160 102 171 184 94 138 13 31 56 158 131 2 9 146 52 82 186 28 39 95 51 143 118 90 156 183 135 134 198 72 140 199 5 128 77 16 161 66 159 155 195 92 169 88 
58 148 193 158 153 188 197 86 111 92 19 143 43 132 24 135 21 69 45 74 126 162 62 150 51 155 90 34 145 3 61 186 37 200 181 20 27 9 40 14 11 46 115 89 136 47 96 160 94 102 28 71 194 22 140 177 49 180 172 
61 37 56 9 112 140 61 88 199 31 43 119 98 138 128 30 16 144 172 143 14 134 92 178 135 5 100 17 165 66 105 132 108 72 65 104 194 182 49 158 139 80 102 176 74 184 167 28 162 10 131 85 200 32 170 136 147 81 129 68 70 89 
59 50 176 5 68 62 76 127 81 28 74 79 162 143 13 155 96 148 57 20 160 2 85 199 29 80 114 186 192 147 25 135 14 113 17 189 112 177 24 56 4 171 9 92 185 104 149 158 42 98 183 82 72 191 48 11 65 136 3 145 
52 126 98 191 127 162 24 12 113 10 199 94 135 170 102 56 96 144 111 153 168 193 108 132 14 185 166 3 200 139 21 149 145 45 40 16 79 136 171 29 155 80 37 121 134 61 180 33 109 88 85 184 158 
52 102 153 111 73 32 185 24 34 80 99 93 123 96 142 20 5 29 175 107 49 198 106 98 62 100 8 25 28 89 56 131 75 166 145 159 116 54 48 127 132 50 172 40 173 147 61 115 51 119 167 70 37 
56 33 51 111 184 179 191 97 186 90 188 171 8 148 34 85 65 115 145 11 178 170 106 177 55 160 12 21 61 126 82 200 30 162 57 167 196 50 183 3 192 175 66 37 114 151 147 149 116 109 127 169 25 102 81 193 10 
53 89 99 192 106 136 186 2 17 108 5 71 85 83 119 34 170 28 155 24 138 123 193 32 188 199 3 180 147 20 50 40 11 171 102 69 80 111 56 178 62 156 153 72 65 92 177 194 42 154 39 6 172 134 
45 47 48 182 16 20 8 106 51 30 89 128 86 172 32 62 131 70 138 185 114 73 98 102 68 127 196 118 81 166 79 180 109 10 119 29 160 92 143 200 136 107 142 87 82 39 
58 34 171 91 75 11 28 14 51 180 99 170 82 186 62 16 85 162 67 113 71 164 42 106 138 80 47 43 193 142 31 95 92 165 181 127 65 5 100 119 57 139 72 19 79 182 7 168 50 134 115 166 192 93 129 112 76 25 132 
51 6 67 39 139 104 12 100 49 85 195 157 118 47 161 19 8 2 65 25 34 199 31 51 108 71 61 148 180 11 145 98 21 131 9 103 126 136 170 54 194 24 28 142 14 177 10 192 5 99 72 42 
55 14 167 191 18 65 162 200 95 134 17 104 71 66 166 35 114 127 169 198 76 52 139 154 138 105 92 132 168 155 131 26 160 153 11 170 135 72 61 24 74 62 70 171 143 49 185 5 56 178 25 6 39 83 51 129 
59 102 95 145 36 32 88 140 114 69 31 127 113 111 3 80 186 2 5 55 53 43 27 107 108 128 177 49 89 161 17 115 159 48 99 98 19 50 10 14 198 149 143 185 94 147 28 155 71 167 196 168 25 134 66 126 56 146 82 184 
55 144 147 148 35 99 97 24 129 143 19 156 200 102 100 118 6 158 89 92 116 42 91 199 39 160 13 186 192 96 47 81 43 193 119 25 176 135 127 16 71 20 198 115 69 36 173 62 126 132 108 180 107 195 181 90 
50 2 134 128 136 5 33 83 111 100 195 82 142 198 91 149 49 62 42 170 40 132 171 48 166 72 80 19 162 131 11 191 169 161 184 146 196 57 145 102 29 148 175 160 9 89 28 23 71 7 181 
57 29 89 160 115 112 169 111 109 199 138 148 105 86 90 49 52 85 91 40 114 174 4 28 3 69 25 2 6 93 159 135 54 92 134 12 151 131 171 66 166 37 144 26 102 178 71 100 62 67 155 104 94 195 31 149 33 173 
59 136 48 109 195 23 106 80 99 37 134 186 70 188 148 185 158 175 150 138 66 160 10 100 7 26 28 105 131 118 11 56 113 119 69 6 81 9 184 3 115 47 97 2 94 133 183 72 102 192 142 169 146 53 107 153 71 61 126 82 
52 170 172 114 69 194 27 16 54 184 89 31 136 140 37 155 165 166 195 9 199 134 185 81 135 143 131 105 186 52 14 107 70 180 156 46 196 92 109 191 99 145 182 19 171 128 51 11 139 34 177 55 25 
53 106 80 109 25 112 19 40 33 60 100 186 181 54 187 105 115 155 11 10 4 175 162 129 31 142 81 139 79 143 52 36 5 191 126 148 51 170 158 198 195 149 9 160 8 28 107 104 166 56 57 119 39 29 
54 70 108 139 62 66 105 142 161 10 104 19 48 173 131 126 37 94 9 49 43 34 14 193 92 65 200 99 191 166 158 127 162 145 39 140 116 95 143 3 171 71 132 186 86 102 42 7 160 136 56 61 182 28 2 
45 95 127 169 57 195 50 6 175 10 147 167 61 71 20 192 12 162 172 140 156 181 114 66 149 69 62 5 33 70 94 137 83 14 96 107 90 128 99 178 100 52 142 116 73 191 
62 179 178 156 7 25 31 135 195 114 177 116 94 2 147 12 91 106 81 50 127 16 72 74 19 27 158 181 56 105 71 182 6 168 66 118 39 13 169 129 80 5 93 54 144 149 198 28 99 102 172 150 188 185 40 109 119 162 34 20 190 8 139 
49 135 80 50 131 65 81 195 136 147 158 180 107 98 31 3 33 156 85 49 200 114 70 6 16 52 159 10 140 76 161 97 12 105 182 127 47 100 142 25 115 186 137 42 21 190 39 139 91 169 
60 70 150 54 13 178 108 126 2 10 30 66 68 118 127 143 183 192 130 17 106 62 139 172 40 95 49 100 18 94 63 114 21 6 140 39 3 184 107 170 179 102 97 155 28 32 24 175 104 34 27 43 200 162 51 195 45 56 61 199 171 
60 175 199 89 79 77 10 132 15 162 2 21 98 72 169 33 3 40 161 68 92 131 19 14 147 42 51 85 191 178 13 16 5 61 111 34 158 47 73 167 28 30 139 118 39 65 95 100 50 106 200 102 172 60 37 145 4 43 8 70 170 
52 19 166 54 113 131 10 179 32 56 88 96 106 145 68 173 134 158 116 128 99 126 199 115 132 155 198 153 100 89 178 150 79 118 159 75 41 67 37 49 137 62 135 114 63 85 11 154 107 102 170 82 176 
42 129 3 153 169 104 151 109 158 89 71 200 138 56 16 107 2 10 193 172 166 99 25 79 160 132 171 31 195 50 175 85 159 37 80 12 11 28 154 51 62 39 113 
50 180 111 173 81 179 91 159 195 185 60 62 70 146 143 136 86 66 160 82 42 158 80 49 61 142 96 106 115 50 2 4 112 170 166 19 12 28 184 90 5 54 43 99 186 89 65 31 172 16 114 
51 86 98 158 7 144 82 5 102 160 145 48 28 81 91 57 137 105 191 31 200 185 199 156 140 99 150 85 56 129 104 43 108 175 32 71 11 127 21 80 182 100 33 149 136 162 19 180 30 39 181 195 
60 145 115 55 152 5 143 42 166 77 160 65 95 162 22 149 28 134 102 113 72 172 133 127 16 88 67 146 170 4 153 187 31 97 195 23 41 130 56 83 81 119 184 108 6 80 20 98 138 104 194 147 34 73 2 111 109 193 37 151 89 
51 57 31 169 126 117 193 178 37 166 186 170 136 153 104 114 54 49 143 198 102 111 162 47 184 171 174 3 128 62 72 100 118 183 139 146 185 173 10 181 107 109 150 79 91 156 191 32 64 13 80 51 
50 185 36 107 162 20 86 138 102 131 51 13 115 10 93 111 79 3 142 71 35 53 34 116 145 132 175 106 89 7 18 91 140 166 22 25 92 114 113 6 4 48 24 49 192 127 134 135 30 52 57 
58 130 188 34 108 195 45 67 99 190 33 123 8 5 150 168 171 105 54 111 37 11 106 115 131 149 20 192 127 94 183 182 89 82 186 49 199 21 200 132 85 198 81 57 196 70 114 180 4 155 72 90 109 80 30 97 116 56 153 
46 72 112 9 199 13 114 111 147 104 98 140 143 25 19 138 81 139 94 194 30 74 145 90 34 115 120 52 79 126 119 116 171 99 92 168 86 2 68 118 192 93 130 200 148 160 16 
61 149 96 10 156 123 191 104 71 100 184 178 94 37 109 56 169 199 20 128 18 180 127 34 25 81 105 9 181 54 74 148 86 168 62 79 195 51 97 158 93 49 31 162 82 198 196 11 187 69 68 48 85 170 136 193 183 172 159 131 72 3 
60 147 108 119 161 16 68 175 29 32 131 57 127 104 193 37 33 46 25 87 180 115 158 69 182 186 106 199 23 142 74 162 5 80 107 3 65 140 191 145 45 170 52 172 10 176 28 178 198 197 96 59 39 143 100 70 166 128 129 184 151 
61 193 200 92 138 183 10 42 65 137 190 147 79 72 98 54 76 19 127 187 135 21 129 71 179 68 182 132 30 167 191 150 28 172 142 37 153 109 126 39 136 123 34 81 3 80 143 145 139 89 85 56 134 31 176 51 166 178 32 43 24 70 
51 2 88 72 42 87 106 94 47 119 156 92 173 115 16 175 116 51 200 127 132 28 27 61 10 155 79 123 53 69 198 141 5 193 105 70 195 192 171 30 32 104 91 184 140 181 44 180 25 90 98 143 
59 56 156 107 193 171 102 32 160 82 90 104 112 54 142 198 149 72 196 92 141 31 100 168 128 155 132 57 94 137 6 13 138 122 49 81 89 170 188 51 12 191 96 185 186 88 19 98 166 106 183 68 61 150 17 79 180 114 146 172 
62 198 145 170 36 191 91 42 195 50 31 19 22 106 153 89 172 119 155 139 94 107 73 2 79 51 136 29 10 104 37 149 129 108 32 52 40 65 45 25 181 30 28 142 62 165 14 154 60 147 114 56 92 143 53 95 102 16 110 100 158 39 61 
62 189 16 62 6 80 61 104 155 195 145 140 109 129 57 65 28 83 20 40 169 102 168 177 14 73 11 74 103 148 193 146 157 107 158 50 119 139 72 174 128 147 51 30 90 79 137 48 180 123 37 132 17 85 54 23 52 56 39 108 161 86 2 
44 166 25 108 139 140 153 19 37 106 77 98 57 51 102 171 104 32 81 90 128 115 180 178 143 49 100 24 82 56 186 167 62 10 195 105 34 45 11 72 109 172 39 132 52 
47 111 108 62 198 132 29 67 72 99 74 123 148 54 32 94 40 192 162 156 65 30 159 155 116 91 92 147 180 96 66 11 146 138 19 16 169 153 182 3 61 149 47 113 173 89 191 200 
59 56 43 9 162 88 19 156 10 90 149 28 139 118 136 25 184 94 155 187 158 39 108 132 31 69 72 120 51 145 67 153 173 150 114 83 57 5 106 126 22 111 169 4 99 166 172 92 160 2 115 40 37 192 66 195 52 191 81 87 
50 143 65 59 178 181 115 170 192 61 62 162 174 200 127 182 56 154 47 186 128 161 155 102 142 107 37 39 171 27 16 57 145 31 91 14 119 136 100 184 79 138 54 156 146 125 180 139 67 77 40 
51 94 116 194 127 40 51 57 90 196 50 167 5 150 186 158 136 115 192 81 73 36 128 100 147 80 29 159 16 61 52 200 153 184 98 32 113 71 106 118 2 112 151 182 45 166 195 181 30 34 104 145 
47 90 6 170 147 50 106 5 184 116 36 129 182 195 134 180 104 109 158 114 81 162 40 86 127 145 55 48 74 79 126 65 16 85 155 62 83 82 10 171 160 34 2 190 177 140 43 148 
56 153 11 97 93 160 65 108 16 139 20 32 111 3 34 121 59 180 39 172 138 142 72 110 131 56 173 36 200 81 88 14 79 196 155 75 114 120 181 162 187 198 30 192 118 12 104 86 57 92 185 140 171 127 100 19 107 
49 57 178 156 22 73 145 61 65 81 80 70 114 170 83 113 143 158 96 84 123 51 171 155 135 131 66 39 71 56 177 183 179 82 142 118 27 49 79 24 31 172 149 162 164 159 138 35 166 193 
57 10 8 134 153 95 102 146 56 182 142 172 118 191 151 89 184 3 26 19 92 37 5 107 144 165 14 123 16 31 132 24 71 171 200 188 131 149 198 43 105 114 65 166 106 113 119 70 127 52 49 97 21 9 57 162 11 136 
56 129 80 32 149 199 47 17 197 185 112 11 138 92 7 79 96 147 159 153 198 68 183 143 25 5 42 93 135 29 86 55 39 192 136 81 74 195 196 145 139 150 160 33 15 85 61 94 65 193 128 162 111 172 178 95 115 
50 90 162 36 10 106 126 62 123 28 161 127 79 159 85 70 154 134 45 65 20 111 42 107 148 75 181 99 153 31 92 170 169 186 72 194 39 144 119 167 102 166 180 193 100 171 61 136 191 158 48 
50 166 52 175 115 84 137 145 136 68 32 131 8 65 127 86 169 45 99 34 178 82 107 33 49 79 70 156 135 88 100 2 51 98 132 3 134 81 129 89 5 200 72 54 158 140 151 162 62 39 153 
58 131 7 155 166 35 112 168 69 127 31 98 148 96 147 86 52 88 30 45 50 170 47 11 105 162 48 100 161 197 136 143 94 65 53 12 104 172 176 75 17 2 24 141 114 151 146 62 113 159 32 106 33 66 182 171 157 25 142 
49 175 107 49 157 114 5 111 179 66 131 161 94 180 172 117 148 89 199 54 102 44 136 184 166 98 181 143 34 105 57 24 16 31 11 110 91 164 37 72 159 150 30 90 13 155 145 188 65 32 
55 3 182 174 147 111 94 172 130 68 107 47 178 193 106 126 14 173 143 57 32 24 135 9 79 45 76 81 114 140 37 156 17 30 49 171 98 139 25 28 99 179 87 180 155 129 153 166 92 160 4 191 148 192 200 40 
51 85 143 162 54 139 52 113 152 29 102 10 136 171 140 142 60 24 87 155 132 72 100 39 3 181 71 18 180 30 148 184 196 147 13 193 43 19 128 106 108 200 32 42 119 99 68 89 118 149 62 137 
48 98 48 115 96 20 85 7 106 135 179 22 73 150 154 159 177 104 169 70 5 175 191 184 90 25 126 199 105 62 200 139 30 158 173 132 118 94 198 102 28 24 107 51 17 19 89 26 138 
57 31 49 179 79 54 146 107 200 12 71 164 175 115 109 56 148 80 155 103 20 85 191 183 178 57 39 186 106 154 114 26 92 82 74 6 128 86 129 11 35 149 150 102 34 47 7 50 192 43 17 195 68 139 2 51 14 147 
62 26 112 14 149 161 28 105 5 68 115 27 3 143 93 109 128 153 94 191 31 160 24 181 57 135 169 37 106 182 100 148 186 127 80 192 34 30 61 85 89 132 195 11 50 91 162 111 54 126 43 177 69 15 184 56 151 39 133 119 20 116 130 
58 172 17 170 199 134 145 97 143 32 109 61 180 198 7 85 21 54 182 146 181 174 3 72 28 22 169 160 155 196 80 2 71 111 104 29 39 49 62 34 86 128 200 91 158 95 14 81 33 186 93 100 171 65 118 162 123 114 37 
49 115 85 195 199 116 40 148 62 77 151 173 171 170 74 48 17 131 193 134 6 190 166 180 102 7 39 98 112 3 150 57 68 155 36 186 81 191 142 130 152 69 129 172 31 160 126 149 61 88 
51 188 147 70 135 98 136 99 56 20 179 140 191 75 109 166 91 54 134 92 127 9 85 29 171 189 145 25 69 105 168 42 126 151 197 31 175 28 62 94 37 14 47 178 143 139 196 180 169 48 142 90 
57 29 195 68 113 27 61 170 105 192 75 72 25 160 139 123 96 79 182 39 150 99 21 24 116 66 172 140 56 115 37 47 134 65 135 142 92 19 42 114 34 153 43 196 12 14 107 169 102 41 161 71 143 191 84 30 18 119 
56 123 37 182 168 148 191 115 166 142 33 9 106 111 80 104 54 113 41 154 13 143 132 170 107 67 55 65 48 198 118 73 17 192 161 49 25 30 108 134 50 6 114 51 178 195 77 102 164 135 162 126 45 52 194 103 28 
41 118 143 150 149 108 90 104 67 139 184 156 106 127 132 32 185 151 47 92 34 69 80 161 88 159 89 172 166 39 192 126 178 72 82 19 54 130 33 128 107 30 
53 168 4 187 186 148 67 65 149 196 66 140 23 91 147 62 24 114 99 34 153 173 56 119 191 92 5 45 143 151 135 54 192 111 126 150 85 174 139 160 115 31 43 100 69 27 107 3 132 199 116 57 19 146 
53 62 111 162 80 158 90 195 68 130 6 176 31 29 136 100 115 98 165 79 33 106 114 181 173 174 166 71 54 81 102 113 5 129 169 82 22 164 61 20 42 34 52 3 145 153 161 134 66 160 142 99 48 104 
