1925
1 379
2 1662
3 577
4 880
5 810
6 797
7 1515
8 1435
9 1188
10 1929
11 309
12 198
13 447
14 1955
15 305
16 1635
17 387
18 952
19 1801
20 448
21 1231
22 932
23 23
24 814
25 1315
26 1322
27 1974
28 751
29 667
30 627
32 352
33 1762
34 815
35 1150
36 20
37 847
38 1972
39 1366
40 1293
41 1802
42 487
43 1601
45 1879
46 1069
47 371
48 1973
49 1058
50 1383
51 1604
52 459
53 985
54 289
55 637
56 1763
57 325
58 869
59 1325
60 1496
61 1437
62 1339
63 1398
64 1997
65 1921
66 265
67 1597
68 1743
69 1254
70 1275
71 1875
72 1709
73 1768
74 199
75 927
76 516
77 665
78 1374
79 44
80 946
81 1077
82 944
83 1083
84 1507
85 1814
86 1994
87 755
88 929
89 1513
90 336
91 1694
92 1162
93 923
94 152
95 1179
96 712
97 1100
98 695
99 1957
100 1034
101 1588
102 872
103 989
104 574
105 1750
106 1158
107 661
108 1380
109 333
110 440
111 1628
112 1529
113 624
114 963
115 1439
116 1908
117 1780
118 267
119 772
120 227
121 329
122 1253
123 826
124 1518
125 425
126 726
127 1248
128 816
129 705
130 1930
131 1359
132 413
135 1412
136 1761
137 920
138 988
139 1550
140 1669
141 861
142 1887
143 1044
144 1818
145 1637
146 537
147 644
148 1579
149 1575
150 937
151 1674
152 686
153 1135
154 83
155 1176
156 1232
157 1795
158 1904
159 1571
160 768
161 6
162 1425
163 1866
164 783
165 1078
166 1189
167 1353
169 987
170 129
171 719
172 876
173 225
174 1011
175 160
176 1198
178 856
179 1386
180 1066
181 1354
182 900
183 288
184 1520
185 766
186 877
187 1153
188 1831
189 29
190 1830
191 452
192 33
193 1021
194 1807
195 1956
196 479
197 304
198 1512
199 1357
200 457
201 1262
202 322
203 1341
204 1489
206 702
207 105
208 1566
209 669
210 436
211 716
212 1944
213 1629
214 145
215 1729
216 582
217 1472
218 1593
219 1407
220 184
221 965
223 1130
224 616
225 643
226 135
227 1014
228 1698
230 615
231 242
232 210
233 1461
234 1924
235 1563
236 1616
237 204
238 975
239 823
240 98
241 1937
242 1165
243 1881
244 124
245 1492
246 222
247 1544
248 385
249 859
250 310
251 1561
252 356
253 367
254 219
256 1260
257 1784
258 1480
259 1422
260 297
261 72
262 1261
263 953
264 1088
265 558
266 790
268 417
269 1951
270 670
271 1849
272 1334
273 1528
274 1376
276 366
277 1677
278 500
279 1961
280 200
281 774
282 552
283 211
284 1995
285 141
286 1287
287 146
288 1279
289 477
290 820
291 553
292 629
293 1002
294 1864
295 1009
296 1265
297 478
298 694
299 613
300 1546
301 281
302 1115
303 881
304 1732
306 285
307 80
308 956
309 16
310 654
311 1163
313 1249
314 1392
315 1317
316 1298
317 912
318 572
319 3
320 926
321 1823
322 1387
323 913
324 1454
325 1460
326 180
327 158
328 8
329 642
330 531
331 295
332 584
333 401
334 1786
335 980
336 316
337 951
338 61
339 35
340 917
341 1706
342 173
343 1234
344 1844
345 1408
346 170
347 1037
348 999
349 377
350 1748
351 1913
352 1549
353 1800
354 1001
355 1634
356 441
357 1220
358 1051
359 865
361 169
362 659
363 321
364 1147
365 300
366 1108
367 1413
368 681
369 645
370 1557
371 887
372 269
373 1024
374 351
375 291
376 1838
377 1948
378 730
379 1759
380 1320
381 1808
382 1901
383 1258
384 623
385 56
386 1791
388 397
389 65
390 1598
391 1907
392 1155
393 2
394 874
395 1013
396 658
397 342
398 1172
399 1000
400 948
401 1670
402 1764
403 1704
404 1923
405 1837
406 240
407 63
408 611
409 770
410 1772
411 1714
412 456
413 945
414 1859
415 1456
416 84
417 1377
418 662
419 77
420 1911
421 524
422 330
423 1242
424 698
425 1206
426 1720
427 1005
428 499
429 1199
430 1057
431 1599
432 149
433 1722
434 1738
435 1903
436 1810
437 1916
438 303
439 784
441 1829
442 1805
443 1555
444 1872
445 687
446 382
447 230
448 1474
449 393
450 1218
452 1469
453 1506
454 1753
455 208
456 1770
457 1711
458 651
459 1382
460 835
461 491
462 1964
463 1752
464 871
465 51
466 139
467 568
468 507
469 1430
470 978
471 307
472 1536
473 734
474 811
476 449
477 1307
478 831
479 1554
480 818
481 324
482 1892
483 1721
484 1744
486 930
487 292
488 1375
489 758
490 1926
491 693
492 700
493 284
494 830
495 540
496 1463
497 955
498 100
499 1043
501 1785
502 727
503 1048
504 142
505 1372
506 894
507 1832
508 484
509 1286
510 237
511 249
512 526
513 1012
514 933
515 1595
516 49
517 777
518 1745
519 592
520 1615
521 41
522 1447
523 1345
524 455
525 1813
526 792
527 1068
528 1210
529 101
530 1187
531 821
532 935
533 1344
534 1702
535 725
536 1296
537 1594
538 1559
539 1084
540 1164
541 713
542 1931
543 1227
545 68
546 1523
548 1244
549 1737
550 86
551 1402
552 503
553 1142
554 192
555 610
556 982
557 1848
558 196
559 1841
560 32
561 551
562 1718
563 311
564 1804
565 1675
566 1302
567 1141
568 191
569 1891
570 1985
571 1446
572 403
573 796
574 1746
575 1987
576 453
577 807
578 339
579 1758
580 1657
581 675
582 1303
583 1414
584 817
585 1063
586 579
587 481
588 1274
590 136
591 99
592 1203
593 1548
594 1949
595 866
596 358
597 652
598 973
599 595
600 1857
601 1645
602 1882
603 765
604 1806
605 299
606 176
608 671
609 1502
610 614
611 754
612 1661
613 1245
614 564
615 707
616 1902
617 1556
618 747
619 1025
620 182
621 741
622 1393
623 1394
624 256
625 850
626 215
627 1190
628 1266
629 1541
630 130
631 95
633 189
634 550
635 735
636 593
637 239
638 557
639 1608
640 1825
641 960
642 1181
643 1602
644 745
645 1827
646 1055
647 1208
648 891
649 252
650 761
651 1847
652 569
653 153
654 901
655 93
656 263
657 1448
658 1440
659 1433
660 119
661 804
662 674
664 103
665 1219
666 236
667 708
669 1239
670 896
671 1196
672 1715
673 241
674 1568
675 1395
676 885
677 53
678 168
679 969
680 868
681 369
682 1368
683 1194
684 187
685 1074
686 1527
687 1673
688 1505
689 1728
690 1819
691 404
692 1943
693 1993
694 1713
695 1238
696 1309
697 541
698 663
699 1862
700 1290
701 238
702 424
703 1193
704 1416
705 248
706 1112
707 226
708 1046
709 1917
710 676
711 1053
712 924
713 947
714 1161
715 1455
716 194
718 1815
719 703
720 118
721 775
722 320
724 57
725 554
726 618
727 171
728 762
729 251
730 1049
731 1090
732 934
733 688
734 1689
735 266
736 1988
737 1330
738 1621
739 1640
740 1877
741 327
742 843
743 1050
744 40
745 692
746 1004
747 1235
748 495
749 381
750 137
751 1300
752 1033
753 21
754 854
755 1236
756 1333
757 1054
758 272
759 907
760 471
761 1840
762 1167
763 795
764 633
765 1350
766 763
767 888
768 1079
769 1103
770 1619
771 990
772 605
773 1503
774 1636
775 216
776 1498
777 1026
778 931
779 279
780 167
781 1577
782 668
783 1230
784 1765
785 1438
786 1152
787 1284
788 326
789 1873
790 1138
791 429
792 1968
793 412
794 957
795 1308
796 278
797 1288
798 117
799 202
800 268
801 1131
802 157
803 298
804 1336
806 25
807 1229
808 535
809 788
810 1216
811 757
812 1493
813 1273
814 1979
815 1647
816 1065
817 608
818 1543
820 1656
821 1270
822 1797
823 150
824 1560
825 1301
826 293
827 542
828 1338
829 1653
830 2000
831 1120
832 113
833 1999
834 916
836 1356
837 1755
838 581
839 677
840 490
841 78
842 787
843 1910
844 1318
845 717
846 231
847 1313
848 1295
849 1708
850 1724
851 680
852 372
853 1482
855 1243
856 1742
857 890
858 1352
859 75
860 837
861 1652
862 607
863 1530
864 809
865 276
866 1899
867 1983
868 318
869 1906
870 1850
871 461
872 497
873 794
874 776
875 243
876 1942
878 151
879 1946
880 39
881 1225
882 482
883 1982
884 1281
885 697
886 1912
887 163
888 465
889 1067
890 1381
891 203
892 1136
893 626
894 954
895 858
896 1678
897 445
898 1036
899 1059
900 1510
901 1700
902 195
903 1719
904 1160
905 653
906 1567
907 228
908 110
909 739
910 1027
911 1263
912 1384
913 1726
914 274
915 1614
916 1466
917 505
918 782
919 1883
920 378
921 862
922 578
924 508
926 70
927 1509
928 1611
929 1731
930 405
931 1963
932 1666
933 1110
934 185
936 941
937 430
938 1494
939 444
940 270
941 1032
942 682
943 1769
944 1771
945 1776
946 1638
947 756
948 1458
949 504
950 1693
951 313
952 966
953 1045
954 744
955 1936
956 1730
957 1443
958 1803
960 1778
961 1880
962 1984
963 1349
964 1707
965 1173
966 1583
967 174
968 108
969 532
970 701
971 347
972 1280
973 1452
974 428
975 1591
976 1267
977 205
978 1468
979 711
980 1845
981 1710
983 1347
984 1038
985 656
986 373
987 451
988 71
989 122
990 1453
991 106
992 806
993 1299
994 1660
997 357
998 1574
999 1031
1000 1757
1001 1861
1002 282
1003 1094
1004 905
1005 1975
1006 140
1007 466
1008 493
1009 301
1010 1885
1012 1562
1013 1843
1014 1564
1015 1361
1016 11
1017 388
1018 566
1019 587
1020 548
1021 409
1022 1609
1023 1174
1024 143
1025 1400
1026 1126
1027 1734
1028 1369
1029 1842
1030 919
1032 346
1033 338
1034 1991
1035 154
1036 752
1037 1533
1038 116
1039 1436
1040 995
1041 1712
1042 882
1043 1146
1044 1444
1045 1321
1046 1028
1047 678
1048 1157
1049 1389
1050 235
1051 501
1052 984
1053 1062
1054 720
1055 1668
1056 609
1057 45
1058 836
1059 580
1060 1390
1061 683
1062 319
1063 183
1064 691
1065 1954
1066 123
1067 1766
1068 767
1069 519
1070 672
1071 546
1072 1531
1073 1132
1074 722
1075 290
1076 813
1077 710
1078 1953
1079 179
1080 26
1081 398
1082 127
1083 878
1084 1370
1085 828
1087 1965
1088 1685
1089 383
1090 1888
1092 1570
1093 845
1094 621
1095 534
1096 1500
1097 1723
1098 527
1099 431
1101 1256
1102 206
1103 1695
1104 1251
1105 337
1107 323
1108 1092
1109 736
1110 1839
1111 172
1112 870
1113 769
1114 1667
1115 529
1116 1450
1117 1522
1118 1976
1119 640
1120 565
1121 585
1122 1175
1124 1876
1125 728
1126 1572
1127 1052
1128 1406
1129 1932
1131 520
1132 1612
1133 848
1134 1111
1135 1581
1136 58
1137 353
1138 1740
1139 1091
1140 635
1141 981
1142 1940
1143 317
1144 1751
1145 838
1146 1306
1147 1613
1148 1029
1149 1252
1150 90
1151 260
1152 43
1153 1623
1154 970
1156 922
1157 1517
1158 1264
1159 148
1160 533
1161 1072
1162 704
1163 392
1164 421
1165 1642
1166 1204
1167 1671
1168 102
1169 1516
1170 48
1171 803
1172 1070
1173 840
1174 740
1175 1457
1176 1551
1177 1086
1178 1061
1179 1701
1180 427
1181 1922
1182 1676
1183 1106
1184 1471
1185 79
1186 1915
1187 1015
1188 829
1189 131
1190 921
1191 908
1192 1184
1193 1365
1194 416
1195 522
1196 15
1197 1846
1198 1385
1199 349
1200 1124
1201 207
1202 220
1203 104
1204 539
1205 450
1206 583
1207 1304
1208 875
1209 1939
1210 1986
1211 1998
1212 1909
1213 245
1214 1159
1215 1105
1216 1272
1217 1432
1218 827
1219 1967
1220 1488
1221 590
1222 1247
1223 360
1224 841
1226 1379
1227 38
1228 286
1229 1343
1230 1514
1231 1600
1232 332
1233 634
1234 974
1235 1739
1236 1310
1237 1833
1238 808
1239 603
1240 1470
1241 1417
1242 1047
1243 88
1244 1789
1245 1329
1246 363
1247 1096
1248 729
1249 889
1250 1725
1251 834
1252 147
1253 1099
1254 911
1255 1535
1256 370
1257 1532
1258 893
1259 81
1260 18
1261 1826
1262 1576
1263 977
1264 1688
1265 1449
1266 1328
1267 234
1268 1935
1269 1337
1270 596
1271 462
1272 1547
1273 1224
1274 781
1275 1214
1276 1914
1277 1246
1278 1817
1279 1716
1280 867
1282 343
1283 315
1284 1363
1285 632
1286 699
1287 446
1288 523
1289 1133
1290 1118
1291 732
1292 1367
1293 724
1294 1409
1295 915
1296 1665
1297 786
1298 1736
1299 400
1300 1481
1301 419
1302 992
1303 1977
1304 696
1305 1240
1306 1020
1307 1622
1308 860
1309 506
1310 488
1311 1089
1312 115
1313 1228
1314 177
1315 1116
1316 964
1317 855
1318 742
1321 498
1323 1195
1324 1283
1325 1467
1326 406
1327 1125
1328 509
1329 1816
1330 1312
1331 1525
1332 341
1333 1495
1334 1853
1335 472
1336 638
1337 111
1338 350
1339 1169
1340 567
1341 1149
1342 517
1343 1767
1344 62
1345 1918
1346 1102
1347 1978
1348 1397
1349 521
1350 636
1351 604
1352 967
1353 588
1354 561
1355 1521
1356 1401
1357 555
1358 280
1359 844
1360 1255
1361 12
1362 314
1363 1405
1364 1811
1365 1168
1366 374
1367 1851
1368 359
1369 1291
1370 1418
1371 1360
1372 1836
1373 598
1374 1373
1375 492
1376 839
1377 340
1378 1705
1379 1475
1380 1257
1381 1793
1382 1145
1383 1580
1384 1586
1385 1213
1386 906
1387 647
1388 22
1389 258
1390 128
1391 1777
1392 159
1393 1042
1394 1185
1395 1134
1396 443
1397 261
1398 156
1399 689
1400 1626
1401 1222
1403 961
1404 166
1405 355
1406 144
1407 679
1408 1962
1410 1016
1411 936
1412 335
1413 1346
1414 1687
1415 709
1417 1171
1418 1292
1419 562
1420 1749
1421 13
1422 164
1423 892
1424 439
1425 1606
1426 1980
1427 801
1428 1856
1429 594
1430 1809
1431 96
1432 864
1433 570
1434 375
1435 819
1436 1085
1438 1648
1439 1821
1440 1305
1441 1362
1442 1680
1443 1699
1444 460
1445 423
1446 928
1447 1039
1448 469
1449 897
1450 368
1451 1268
1452 1285
1453 334
1454 559
1455 1278
1456 1792
1457 1237
1458 396
1459 296
1460 1863
1461 852
1462 1663
1463 1485
1464 1148
1465 395
1466 1319
1467 1747
1468 1289
1469 800
1470 380
1471 1631
1472 1071
1473 949
1474 1388
1475 273
1476 560
1477 1788
1478 1192
1479 1552
1480 1783
1481 1773
1482 197
1483 1545
1484 743
1485 89
1486 1691
1487 1796
1488 939
1489 399
1490 162
1491 1107
1492 1651
1493 731
1494 1690
1495 1578
1496 1894
1497 1799
1498 1259
1499 213
1500 1464
1501 4
1502 1989
1503 972
1504 1874
1505 1538
1506 1082
1507 536
1508 958
1509 1423
1510 253
1511 1197
1512 1925
1513 1424
1514 750
1516 649
1517 1781
1518 1371
1519 1473
1520 1205
1521 910
1522 849
1523 1526
1524 779
1525 354
1526 121
1527 463
1528 1624
1529 1618
1530 1170
1531 1632
1532 943
1533 483
1534 648
1535 1890
1536 1655
1537 833
1538 1233
1539 1075
1540 31
1541 733
1542 940
1543 994
1544 232
1545 1097
1546 92
1547 19
1548 1684
1549 1717
1550 1465
1551 344
1552 331
1553 842
1554 1542
1555 364
1556 938
1557 1659
1558 1282
1559 1221
1560 294
1561 112
1562 365
1563 1327
1564 306
1565 1212
1566 886
1567 1590
1568 1109
1569 1122
1570 1865
1571 571
1572 764
1573 597
1574 1958
1575 10
1576 1596
1578 1442
1579 1250
1580 798
1581 959
1582 87
1583 1035
1584 221
1585 1006
1586 1654
1587 5
1588 212
1589 134
1590 271
1591 67
1592 1649
1593 1945
1594 1215
1595 639
1596 254
1597 914
1598 434
1599 175
1600 1824
1601 895
1602 1539
1603 1137
1604 218
1605 410
1606 1867
1607 1348
1608 1898
1609 1098
1610 1404
1611 525
1612 470
1613 422
1614 1223
1615 1023
1616 986
1617 1587
1618 114
1619 389
1620 1154
1621 530
1622 600
1623 97
1624 193
1625 1992
1626 390
1627 161
1628 362
1629 1426
1630 1996
1631 1434
1632 82
1633 432
1634 1896
1635 685
1636 1143
1637 438
1638 1895
1639 1966
1640 759
1641 1589
1642 714
1643 1040
1644 746
1645 773
1646 1431
1647 822
1648 1558
1649 418
1650 1399
1651 528
1652 1959
1653 1497
1654 1428
1655 1201
1656 201
1657 132
1658 853
1659 1897
1660 630
1661 1697
1662 1927
1663 1121
1664 1080
1665 60
1666 1584
1667 1852
1668 1411
1669 606
1670 442
1671 476
1672 1565
1673 1683
1674 993
1675 925
1676 1396
1677 1483
1679 573
1680 1990
1681 511
1682 1007
1683 1166
1685 125
1686 1782
1687 1534
1688 94
1689 69
1690 1828
1691 1938
1692 983
1693 1332
1694 259
1695 1241
1696 778
1697 723
1699 950
1700 186
1701 394
1702 1391
1703 1041
1704 1479
1705 706
1706 1311
1707 223
1708 563
1709 1633
1710 308
1711 1178
1712 1511
1713 1177
1714 1934
1715 496
1716 475
1717 1331
1718 737
1719 1860
1720 1462
1721 1971
1723 1692
1724 738
1726 348
1727 753
1728 233
1729 1183
1730 1128
1731 47
1732 657
1733 1335
1734 464
1735 91
1736 1200
1737 1095
1738 549
1739 1592
1740 1620
1741 178
1742 1900
1743 1226
1744 962
1745 1854
1746 791
1747 1271
1748 1643
1749 1682
1751 1658
1752 538
1753 1878
1754 996
1755 37
1756 1093
1757 1117
1758 1114
1759 1625
1761 1490
1762 544
1763 1905
1764 1779
1765 812
1766 244
1767 918
1768 50
1769 1358
1770 1835
1771 34
1772 1441
1773 1340
1774 799
1775 1182
1776 209
1777 1119
1778 1276
1779 1419
1780 46
1781 1886
1782 1269
1783 76
1784 1003
1785 36
1786 1610
1787 1314
1788 1760
1789 1491
1790 27
1791 1919
1792 489
1793 515
1794 138
1795 1933
1796 1415
1797 1326
1798 1211
1799 1324
1800 547
1801 133
1802 473
1803 1537
1804 1884
1805 1727
1806 345
1807 224
1808 1073
1809 217
1810 1703
1811 1486
1812 1277
1813 1889
1814 1156
1815 1209
1816 426
1817 1144
1818 1607
1819 785
1820 1870
1821 328
1822 155
1823 66
1824 1478
1825 715
1826 902
1827 1741
1828 376
1829 247
1830 1139
1831 1733
1832 1869
1833 1017
1834 458
1835 1569
1837 229
1838 1421
1839 494
1840 622
1842 684
1843 1573
1844 512
1845 302
1846 1364
1847 1754
1848 1140
1849 1113
1850 85
1851 1630
1852 30
1853 1756
1854 1316
1855 1644
1856 1639
1857 883
1858 514
1859 14
1860 789
1861 780
1862 1060
1863 1008
1864 851
1865 386
1866 1429
1867 1941
1868 1696
1869 979
1870 214
1871 690
1872 1081
1873 1787
1874 655
1875 718
1876 628
1877 188
1878 660
1879 1519
1880 513
1881 28
1882 1180
1883 641
1884 52
1885 250
1886 1064
1887 898
1888 793
1889 391
1890 1858
1891 1508
1892 64
1893 556
1894 545
1895 361
1896 255
1897 1129
1898 1950
1899 1582
1901 1672
1902 1445
1903 9
1904 1427
1905 617
1906 1646
1907 1
1908 126
1909 664
1910 1378
1911 1501
1912 408
1913 454
1914 749
1915 1297
1916 802
1917 190
1918 1294
1919 631
1920 257
1921 1030
1922 1484
1923 283
1924 54
1925 1952
1926 589
1927 857
1928 832
1929 1820
1930 1969
1931 74
1932 591
1933 620
1935 264
1936 1420
1937 748
1938 1076
1939 846
1940 1056
1941 576
1942 646
1944 420
1945 287
1946 1855
1947 1207
1948 1794
1949 1217
1950 262
1951 1822
1952 24
1953 1101
1954 976
1955 510
1956 1018
1957 1893
1958 543
1959 1627
1960 55
1962 599
1963 1202
1964 1650
1965 903
1966 275
1967 760
1968 721
1969 1871
1970 575
1971 997
1972 1774
1973 1641
1974 1947
1975 909
1976 1617
1977 411
1978 435
1979 17
1980 1868
1981 384
1982 485
1983 120
1984 1603
1985 863
1986 1410
1987 1355
1988 1735
1989 474
1990 1104
1991 407
1992 109
1993 601
1994 1981
1995 486
1996 904
1997 1476
1998 1123
1999 1487
2000 1151
