1994
1 103
2 1772
3 1660
4 1217
5 659
6 135
7 1416
8 1128
9 1921
10 1570
11 1453
12 716
13 276
14 1290
15 481
16 254
17 1977
18 1759
19 300
20 1045
21 1130
22 1725
23 459
24 1334
25 616
26 1907
27 816
28 793
29 1658
30 1163
31 618
32 975
33 724
34 1091
35 102
36 1181
37 819
38 1881
39 475
40 874
41 650
42 551
43 1331
44 999
45 461
46 80
47 847
48 1989
49 1381
50 968
51 1823
52 1805
53 812
54 1406
55 1754
56 1172
57 1451
58 1352
59 1017
60 1898
61 1894
62 86
63 91
64 766
65 796
66 682
67 1266
68 1007
69 1363
70 85
71 1636
72 1901
73 1058
74 1099
75 1987
76 1588
77 947
78 1814
79 1248
80 789
81 1629
82 214
83 978
84 939
85 900
86 168
87 1644
88 539
89 483
90 797
91 1637
92 678
93 1976
94 1787
95 1263
96 1285
97 934
98 1415
99 907
100 1198
101 1359
102 1704
103 45
104 1125
105 1073
106 1106
107 1441
108 984
109 1833
110 1678
111 1368
112 1722
113 32
114 22
115 1729
116 1160
117 1884
118 1096
119 804
120 1389
121 1143
122 1810
123 933
124 1966
125 1802
126 1593
127 347
128 237
129 879
130 473
131 1258
132 289
133 1735
134 66
135 322
136 1419
137 286
138 1470
139 627
140 1127
141 222
142 743
143 271
144 594
145 609
146 635
147 1338
148 1483
149 555
150 1267
151 10
152 7
153 242
154 1152
155 1183
156 1915
157 1971
158 1307
159 1769
160 1999
161 190
162 890
163 386
164 729
165 1136
166 916
167 179
168 1783
169 1952
170 1272
171 1496
172 96
173 1599
174 705
175 317
176 956
177 283
178 1118
179 1386
180 1774
181 1886
182 321
183 1086
184 282
185 303
186 11
187 1298
188 346
189 931
190 1443
191 1387
192 753
193 1929
194 1288
195 409
196 764
197 133
198 896
199 1796
200 1710
201 396
202 172
203 1770
204 1529
205 919
206 432
207 2
208 308
209 1322
210 1712
211 744
212 1026
213 37
214 59
215 966
216 1743
217 972
218 582
219 1225
220 471
221 1849
222 1488
223 1778
224 28
225 1041
226 912
227 1223
228 579
229 1560
230 501
231 1646
232 472
233 1687
234 1738
235 201
236 1647
237 1528
238 55
239 1382
240 1519
241 1284
242 1635
243 1566
244 738
245 1234
246 249
247 817
248 109
249 16
250 1168
251 1837
252 1605
253 1995
254 1688
255 675
256 585
257 770
258 1923
259 238
260 692
261 676
262 1895
263 1674
264 421
265 1474
266 1251
267 1001
268 1077
269 1514
270 117
271 212
272 1836
273 1308
274 1811
275 631
276 1650
277 1230
278 176
279 1613
280 137
281 1893
282 1309
283 1930
284 1224
285 713
286 595
287 1892
288 767
289 1755
290 783
291 1336
292 723
293 1009
294 929
295 1047
296 667
297 1558
298 403
299 1520
300 359
301 437
302 1150
303 1959
304 605
305 385
306 553
307 1536
308 1054
309 392
310 1537
311 1252
312 250
313 1070
314 671
315 541
316 1897
317 1169
318 163
319 1943
320 95
321 127
322 329
323 928
324 647
325 479
326 1918
327 408
328 1896
329 291
330 748
331 323
332 1052
333 1641
334 1865
335 1491
336 681
337 1937
338 1527
339 1412
340 1122
341 1200
342 1582
343 458
344 205
345 1736
346 1956
347 1424
348 1371
349 33
350 377
351 864
352 961
353 1029
354 1311
355 153
356 663
357 1726
358 87
359 1960
360 296
361 965
362 1840
363 6
364 208
365 712
366 527
367 832
368 1340
369 1761
370 1279
371 171
372 638
373 841
374 607
375 1868
376 941
377 5
378 1746
379 1469
380 1204
381 387
382 1776
383 162
384 1795
385 1998
386 486
387 63
388 1312
389 1353
390 710
391 1398
392 157
393 1116
394 298
395 360
396 561
397 765
398 1764
399 1294
400 1144
401 1247
402 29
403 979
404 236
405 1616
406 1996
407 88
408 1313
409 1548
410 550
411 586
412 983
413 1633
414 1916
415 19
416 207
417 1594
418 455
419 1154
420 1241
421 449
422 106
423 1329
424 1074
425 1076
426 1174
427 193
428 1156
429 790
430 318
431 1037
432 1792
433 1815
434 1339
435 399
436 1832
437 1211
438 522
439 691
440 128
441 49
442 47
443 911
444 1812
445 161
446 954
447 1622
448 646
449 195
450 405
451 1842
452 628
453 537
454 284
455 882
456 1666
457 116
458 1619
459 1158
460 976
461 530
462 974
463 1653
464 358
465 1819
466 1742
467 626
468 1190
469 905
470 1107
471 1584
472 320
473 465
474 1350
475 1817
476 487
477 903
478 1518
479 389
480 1671
481 1170
482 495
483 81
484 1243
485 717
486 491
487 3
488 407
489 431
490 277
491 1439
492 1095
493 220
495 773
496 1178
497 730
498 1283
499 1468
500 876
501 683
502 146
503 643
504 554
505 1186
506 1771
507 1210
508 571
509 1079
510 1564
511 1630
512 1068
513 1411
514 1905
515 589
516 1458
517 1078
518 521
519 756
520 1202
521 887
522 1071
523 1260
524 788
525 74
526 1140
527 370
528 1151
529 1941
530 1013
531 1254
532 1544
533 1831
534 245
535 1555
536 1366
537 356
538 1477
539 715
540 1153
541 334
542 849
543 420
544 1717
545 1978
546 751
547 1931
548 1502
549 244
550 610
551 1423
552 1910
553 1903
554 67
555 1050
556 1862
557 30
558 603
559 1670
560 132
561 1827
562 264
563 508
564 25
565 1129
566 1753
567 878
568 444
569 769
570 1012
571 1969
572 1492
573 1820
574 1949
575 1187
576 700
577 1123
578 564
579 23
580 1745
581 1015
582 1476
583 957
584 1612
585 645
586 202
587 1194
588 246
589 1203
590 1854
591 1958
592 1229
593 252
594 1114
595 1354
596 339
597 380
598 54
599 785
600 1176
601 1408
602 733
603 1601
604 620
605 505
606 364
607 909
608 41
609 355
610 1486
611 1574
612 1585
613 164
614 1643
615 800
616 1392
617 802
618 869
619 734
620 894
621 834
622 1162
623 397
624 1927
625 319
626 1573
627 1364
628 1455
629 1320
630 517
631 859
632 782
633 1275
634 1373
635 1988
636 1911
637 1063
638 1264
639 1967
640 1961
641 280
642 1221
643 185
644 94
645 1405
646 152
647 1532
648 192
649 1696
650 38
651 349
652 1259
653 1583
654 784
655 1080
656 688
657 1097
658 1575
659 848
660 1414
661 567
662 1043
663 1402
664 1499
665 167
666 830
667 1231
668 1869
669 48
670 363
671 695
672 1762
673 17
674 1242
675 348
676 1741
677 1589
678 1592
679 1072
680 240
681 1380
682 805
683 591
684 1306
685 513
686 1501
687 1672
688 1478
689 1804
690 1872
691 269
692 155
693 1716
694 1006
695 1602
696 1115
697 1860
698 657
699 1155
700 923
701 875
702 1084
703 299
704 373
705 921
706 1715
707 118
708 1173
709 1535
710 622
711 410
712 1167
713 598
714 1604
715 811
716 1475
717 810
718 786
719 1656
720 468
721 418
722 696
723 39
724 1870
725 794
726 1950
727 1205
728 1060
729 1553
730 477
731 1055
732 506
733 1120
734 871
735 1775
736 382
737 1936
738 1471
739 1409
740 1595
741 1692
742 654
743 268
744 1
745 287
746 1540
747 1108
748 515
749 1718
750 1321
751 1867
752 136
753 863
754 189
755 124
756 944
757 1326
758 259
759 1685
760 1521
761 1333
762 1010
763 71
764 1138
765 1328
766 1750
767 973
768 1103
769 1665
770 1731
771 1446
772 325
773 340
774 419
775 311
776 1554
777 1908
778 1851
779 1767
780 1149
781 1707
782 679
783 1064
784 732
785 1494
786 1856
787 1401
788 1023
789 278
790 1890
791 625
792 670
793 1877
794 218
795 1467
796 1690
797 1188
798 1044
799 175
800 1705
801 662
802 1885
803 1452
804 1356
805 217
806 1185
807 850
808 1102
809 1018
810 1112
811 1822
812 593
813 191
814 680
815 518
816 1218
817 183
818 379
819 601
820 18
821 758
823 148
824 994
825 470
826 14
827 1317
828 1355
829 901
830 1874
831 726
832 170
833 1193
834 1157
835 938
836 406
837 352
838 1689
839 1938
840 844
841 361
842 1394
843 1236
844 725
845 644
846 61
847 138
848 590
849 1640
850 1974
851 204
852 1561
853 777
854 577
855 1062
856 736
857 1757
858 809
859 656
860 1587
861 708
862 1828
863 1085
864 698
865 1777
866 967
867 584
868 857
869 1955
870 1720
871 243
872 578
873 149
874 404
875 366
876 739
877 1434
878 959
879 1410
880 288
881 746
882 1983
883 1014
884 1703
885 1232
886 1459
887 265
888 1197
889 1473
890 466
891 1627
892 1456
893 1276
894 872
895 1216
896 53
897 72
898 1131
899 948
900 1357
901 154
902 835
903 1137
904 381
905 1343
906 70
907 815
908 1773
909 718
910 935
911 1559
912 253
913 1019
914 529
915 932
916 1723
917 774
918 1511
919 1598
920 1296
921 1270
922 1748
923 211
924 597
925 402
926 1739
927 1681
928 258
929 452
930 1733
931 467
932 520
933 100
934 1864
935 1268
936 430
937 1069
938 34
939 1090
940 899
941 596
942 1487
943 1684
944 424
945 862
946 215
947 1215
948 512
949 706
950 942
951 1449
952 1621
953 1610
954 199
955 272
956 629
957 955
958 1245
959 414
960 1926
961 1543
962 1946
963 592
964 866
965 1500
966 1238
967 423
968 1066
969 313
970 1094
971 1968
972 1482
973 1175
974 1463
975 1323
976 1906
977 26
978 787
979 198
980 46
981 400
982 1657
983 150
984 1269
985 1111
986 779
987 384
988 1059
989 544
990 1758
991 1652
992 180
993 422
994 383
995 1098
996 574
997 1498
998 858
999 1768
1000 442
1001 1780
1002 427
1003 523
1004 780
1005 538
1006 839
1007 1481
1008 731
1009 694
1010 1882
1011 1206
1012 1030
1013 1250
1014 1539
1015 1549
1016 456
1017 260
1018 1990
1019 581
1020 64
1021 1293
1022 1797
1023 500
1024 1337
1025 845
1026 1219
1027 1737
1028 257
1029 642
1030 1228
1031 226
1032 962
1033 1591
1034 971
1035 1625
1036 611
1037 801
1038 1826
1039 721
1040 1300
1041 1196
1042 1199
1043 1341
1044 434
1045 330
1046 1597
1047 1365
1048 829
1049 203
1050 824
1051 1180
1052 1744
1053 438
1054 1462
1055 51
1056 709
1057 655
1058 1088
1059 1611
1060 1265
1061 1944
1062 914
1063 130
1064 1304
1065 1557
1066 1093
1067 78
1068 435
1069 1709
1070 156
1071 210
1072 745
1073 441
1074 75
1075 1866
1076 79
1077 846
1078 998
1079 307
1080 615
1081 35
1082 534
1083 803
1084 1562
1085 940
1086 112
1087 326
1088 1523
1089 304
1090 1393
1091 213
1092 637
1093 1818
1094 1372
1095 1139
1096 750
1097 293
1098 990
1099 1852
1100 447
1101 1798
1102 1945
1103 129
1104 1525
1105 1244
1106 1484
1107 1975
1108 1457
1109 1461
1110 566
1111 332
1112 757
1113 1297
1114 1806
1115 1545
1116 177
1118 275
1119 1437
1120 821
1121 509
1122 1021
1123 1390
1124 297
1125 309
1126 251
1127 960
1128 1714
1129 1479
1130 608
1131 1697
1132 1432
1133 740
1134 448
1135 950
1136 1493
1137 1986
1138 1104
1139 660
1140 908
1141 1121
1142 602
1143 720
1144 855
1145 1838
1146 221
1147 1031
1148 393
1149 68
1150 1706
1151 1724
1152 1711
1153 1516
1154 1503
1155 963
1156 1634
1157 1061
1158 344
1159 295
1160 439
1161 1035
1162 1947
1163 1385
1164 997
1165 1301
1166 759
1167 1466
1168 1719
1169 1464
1170 255
1171 342
1172 1948
1173 1800
1174 1522
1175 1383
1176 101
1177 1649
1178 1422
1179 549
1180 494
1181 367
1182 158
1183 1675
1184 415
1185 906
1186 1673
1187 1661
1188 665
1189 1578
1190 1786
1191 524
1192 1426
1193 1400
1194 228
1195 749
1196 1220
1197 1933
1198 327
1199 1667
1200 1051
1201 69
1202 474
1203 1159
1204 315
1205 795
1206 1935
1207 1287
1208 653
1209 1984
1210 1509
1211 433
1212 1708
1213 429
1214 1032
1215 1693
1216 1992
1217 372
1218 1963
1219 583
1220 613
1221 312
1222 1756
1223 1319
1224 225
1225 1920
1226 563
1227 233
1228 1839
1229 178
1230 1980
1231 1255
1232 413
1233 838
1234 1004
1235 489
1236 711
1237 569
1238 1556
1239 902
1240 547
1241 652
1242 1861
1243 145
1244 206
1245 1953
1246 142
1247 677
1248 294
1249 1349
1250 99
1251 1036
1252 1100
1253 1639
1254 600
1255 57
1256 1993
1257 166
1258 1620
1259 1740
1260 1912
1261 1691
1262 599
1263 1505
1264 854
1265 362
1266 1249
1267 1699
1268 216
1269 1932
1270 992
1271 989
1272 476
1273 84
1274 1445
1275 428
1276 762
1277 1824
1278 391
1279 1040
1280 223
1281 1524
1282 301
1283 1291
1284 1887
1285 345
1286 639
1287 1314
1288 1504
1289 510
1290 1789
1291 357
1292 1460
1293 1994
1294 1614
1295 775
1296 1642
1297 885
1298 980
1299 1000
1300 1888
1301 1891
1302 1546
1303 1534
1304 123
1305 1089
1306 1807
1307 270
1308 1134
1309 606
1310 4
1311 763
1312 1638
1313 1277
1314 686
1315 1572
1316 632
1317 1728
1318 897
1319 343
1320 480
1321 436
1322 651
1323 316
1324 1395
1325 416
1326 828
1327 1939
1328 125
1329 266
1330 533
1331 1982
1332 1700
1333 883
1334 1803
1335 261
1336 540
1337 374
1338 105
1339 181
1340 949
1341 426
1342 951
1343 1513
1344 1686
1345 134
1346 1428
1347 904
1348 119
1349 90
1350 1909
1351 229
1352 1425
1353 267
1354 1022
1355 1951
1356 1454
1357 1351
1358 546
1359 1914
1360 1105
1361 1208
1362 1659
1363 791
1364 1262
1365 1378
1366 545
1367 1135
1368 881
1369 668
1370 104
1371 1384
1372 936
1373 274
1374 1177
1375 1794
1376 993
1377 1655
1378 1515
1379 1286
1380 488
1381 852
1382 1940
1383 525
1384 634
1385 369
1386 820
1387 485
1388 82
1389 13
1390 1008
1391 1506
1392 497
1393 865
1394 977
1395 888
1396 241
1397 572
1398 336
1399 139
1400 324
1401 1318
1402 986
1403 640
1404 1734
1405 1825
1406 1148
1407 1164
1408 1829
1409 1361
1410 1508
1411 1676
1412 1282
1413 1344
1414 873
1415 856
1416 1843
1417 1991
1418 350
1419 194
1420 562
1421 1565
1422 1302
1423 273
1424 417
1425 822
1426 981
1427 556
1428 1793
1429 1552
1430 893
1431 1889
1432 1370
1433 943
1434 619
1435 292
1436 1082
1437 958
1438 371
1439 227
1440 884
1441 12
1442 1517
1443 898
1444 331
1445 1171
1446 411
1447 503
1448 263
1449 1878
1450 1624
1451 1590
1452 995
1453 570
1454 970
1455 1871
1456 702
1457 507
1458 1563
1459 499
1460 1110
1461 617
1462 1330
1463 445
1464 1048
1465 922
1466 1435
1467 1713
1468 1369
1469 120
1470 649
1471 1067
1472 1732
1473 1388
1474 1038
1475 1668
1476 580
1477 1577
1478 1664
1479 1985
1480 1212
1481 558
1482 1879
1483 1663
1484 351
1485 1101
1486 714
1487 576
1488 498
1489 1324
1490 1421
1491 1348
1492 987
1493 376
1494 1480
1495 1526
1496 159
1497 1883
1498 926
1499 1109
1500 281
1501 1875
1502 493
1503 1342
1504 969
1505 1335
1506 1821
1507 1841
1508 504
1509 814
1510 1781
1511 1146
1512 1278
1513 1533
1514 1025
1515 56
1516 1782
1517 1397
1518 44
1519 1858
1520 1033
1521 661
1522 925
1523 930
1524 1808
1525 1274
1526 412
1527 1799
1528 425
1529 1431
1530 1485
1531 666
1532 335
1533 1433
1534 1142
1535 83
1536 840
1537 1965
1538 633
1539 1253
1540 1396
1541 548
1542 24
1543 674
1544 689
1545 1003
1546 1615
1547 1834
1548 1680
1549 1904
1550 1846
1551 1617
1552 1857
1553 945
1554 107
1555 664
1556 1751
1557 464
1558 1880
1559 1497
1560 1876
1561 93
1562 1057
1563 918
1564 40
1565 1295
1566 314
1567 728
1568 1683
1569 1403
1570 1701
1571 1126
1572 1490
1573 614
1574 188
1575 624
1576 1418
1577 1119
1578 813
1579 173
1580 1512
1581 197
1582 140
1583 953
1584 184
1585 658
1586 1924
1587 818
1588 1913
1589 234
1590 1618
1591 1972
1592 126
1593 982
1594 587
1595 365
1596 341
1597 453
1598 1997
1599 89
1600 837
1601 1596
1602 1813
1603 851
1604 1981
1605 807
1606 964
1607 552
1608 1179
1609 1273
1610 781
1611 1429
1612 1679
1613 256
1614 737
1615 1133
1616 310
1617 1507
1618 169
1619 122
1620 772
1621 1117
1622 1677
1623 60
1624 1970
1625 1292
1626 248
1627 333
1628 1669
1629 1495
1630 328
1631 514
1632 1568
1633 1002
1634 1747
1635 1325
1637 1056
1638 388
1639 482
1640 1440
1641 108
1642 1438
1643 861
1644 390
1645 877
1646 111
1647 771
1648 1226
1649 1239
1650 1917
1651 1430
1652 1028
1653 290
1654 526
1655 1261
1656 1246
1657 891
1658 1569
1659 62
1660 378
1661 1848
1662 636
1663 1083
1664 690
1665 230
1666 511
1667 92
1668 1184
1669 1853
1670 1979
1671 1850
1672 114
1673 825
1675 182
1676 1042
1677 1760
1678 151
1679 1576
1680 742
1681 860
1682 892
1683 917
1684 115
1685 1436
1687 826
1688 1075
1689 648
1690 1053
1691 1465
1692 842
1693 1448
1694 1201
1695 946
1696 1407
1697 239
1698 1280
1699 910
1700 1788
1701 1315
1702 285
1703 1489
1704 952
1705 1346
1706 1791
1707 1332
1708 9
1709 1024
1710 50
1711 1922
1712 1256
1713 1195
1714 110
1715 1928
1716 1631
1717 727
1718 469
1719 536
1720 196
1721 778
1722 1962
1723 186
1724 232
1725 1065
1726 457
1727 1845
1728 187
1729 306
1730 43
1731 1191
1732 247
1733 542
1734 1855
1735 1538
1736 1816
1737 1345
1738 1271
1739 867
1740 147
1741 1942
1742 446
1743 1209
1744 913
1745 752
1746 1530
1747 836
1748 58
1749 224
1750 1749
1751 531
1752 1784
1753 776
1754 279
1755 1510
1756 1581
1757 565
1758 1049
1759 42
1760 1374
1761 1785
1762 937
1763 1227
1764 699
1765 1166
1766 991
1767 52
1768 833
1769 528
1770 641
1771 1934
1772 1367
1773 1358
1774 1541
1775 1632
1776 693
1777 302
1778 697
1779 1132
1780 1844
1781 799
1782 1835
1783 1721
1784 1531
1785 451
1786 575
1787 1087
1788 1413
1789 1005
1790 1626
1791 492
1792 337
1793 502
1794 687
1795 1165
1796 76
1797 1809
1798 827
1799 1645
1800 673
1801 490
1802 568
1803 543
1804 1027
1805 1790
1806 798
1807 1237
1808 1662
1809 1442
1810 1362
1811 1925
1812 1694
1813 1039
1814 1600
1815 496
1816 1182
1817 21
1818 1020
1819 1586
1820 97
1821 1034
1822 886
1823 1608
1824 927
1825 1046
1826 1310
1827 1580
1828 484
1829 77
1830 1316
1831 450
1832 719
1833 1899
1834 262
1835 1919
1836 684
1837 630
1838 354
1839 1628
1840 209
1841 98
1842 131
1843 1235
1844 36
1845 20
1846 573
1847 1702
1848 920
1849 1766
1850 1327
1851 27
1852 741
1853 73
1854 454
1855 988
1856 1447
1857 1189
1858 768
1859 1651
1860 1404
1861 1222
1862 915
1863 1547
1864 703
1865 1289
1866 1609
1867 1145
1868 368
1869 219
1870 1654
1871 1417
1872 1016
1873 831
1874 985
1875 200
1876 1542
1877 1695
1878 15
1879 621
1880 395
1881 398
1882 338
1883 996
1884 761
1885 868
1886 1763
1887 853
1888 1957
1889 375
1890 1081
1891 704
1892 870
1893 1603
1894 394
1895 1571
1896 1606
1897 160
1898 1092
1899 1450
1900 1376
1901 672
1902 144
1903 1391
1904 1964
1905 1648
1906 1347
1907 623
1908 760
1909 1472
1910 1360
1911 707
1912 1281
1913 1954
1914 880
1915 701
1916 722
1917 747
1918 141
1919 443
1920 1379
1921 1420
1922 1567
1923 1233
1924 823
1925 843
1926 401
1927 1765
1928 143
1929 1550
1930 1607
1931 1623
1932 1147
1933 1214
1934 604
1935 516
1936 557
1937 1551
1938 1859
1939 1213
1940 440
1941 1682
1942 235
1943 1863
1944 1847
1945 535
1946 559
1947 1873
1948 1113
1949 754
1950 560
1951 305
1952 1192
1953 8
1954 895
1955 685
1956 478
1957 532
1958 1011
1959 1730
1960 1427
1961 519
1962 1779
1963 1124
1964 65
1965 755
1966 1801
1967 1240
1968 1257
1969 792
1970 460
1971 113
1972 1830
1973 165
1974 1303
1975 1377
1976 1727
1977 174
1978 31
1979 1698
1980 924
1981 1902
1982 353
1983 612
1984 1375
1985 1305
1986 588
1987 121
1988 231
1989 2000
1990 735
1991 806
1992 669
1993 462
1994 1299
1995 808
1996 1444
1997 1161
1998 1399
1999 1207
2000 889
