1000
2 215
9 373
10 424
11 601
12 257
13 900
14 7
15 755
17 556
18 955
19 801
20 354
21 708
22 238
23 496
26 903
27 850
28 695
29 993
30 979
31 245
33 394
34 987
37 465
38 670
41 411
43 744
45 204
46 324
47 747
49 566
50 504
53 23
55 499
56 208
63 716
64 626
66 578
67 317
68 333
69 980
74 460
75 728
78 246
82 161
84 512
87 816
88 184
89 757
91 970
92 735
95 739
98 786
99 527
100 533
103 703
107 171
108 146
110 46
116 454
117 275
118 138
119 537
122 917
129 777
131 942
133 380
137 413
138 915
139 306
140 902
143 426
145 935
147 583
149 771
152 370
153 397
155 589
156 222
157 711
159 554
160 870
163 937
166 620
168 432
169 77
171 383
172 74
175 525
177 655
178 782
180 218
181 713
184 721
185 598
186 464
188 299
189 305
191 524
192 81
193 565
198 621
199 284
201 477
202 71
203 287
205 247
207 249
208 938
210 472
211 10
213 309
215 57
217 969
219 541
222 483
223 252
224 325
232 447
233 961
235 280
236 540
239 741
240 730
244 753
245 140
246 569
247 478
248 53
249 21
253 131
254 894
256 439
259 347
260 856
261 994
264 353
267 944
275 705
279 227
281 559
283 205
285 366
287 338
288 242
290 921
291 451
293 322
295 195
296 16
297 830
300 625
301 63
302 829
303 300
304 573
308 144
311 913
312 881
314 593
318 20
319 789
321 463
323 155
327 766
330 255
331 476
335 929
336 613
337 951
339 662
340 943
342 56
344 31
347 770
348 754
351 960
353 579
354 931
355 778
357 445
358 535
361 100
362 49
365 232
367 912
369 686
371 109
372 124
376 180
378 698
382 637
383 823
384 736
385 375
386 868
387 298
388 407
389 349
391 17
393 702
395 441
397 707
399 984
402 880
403 815
404 462
406 193
407 871
410 365
411 495
412 457
413 95
414 151
415 98
422 165
424 13
425 750
428 89
433 223
435 727
436 164
438 674
444 330
448 999
449 679
450 194
452 343
453 307
454 267
455 765
456 872
457 501
458 746
460 272
461 775
462 549
463 78
464 806
465 283
466 832
469 256
470 22
471 599
472 919
473 318
475 196
477 642
478 990
479 336
481 974
482 181
483 76
484 584
485 94
486 93
487 434
492 12
494 580
495 39
496 803
500 43
502 311
503 474
504 294
507 659
508 327
509 538
512 453
514 99
516 720
520 563
521 731
523 414
525 62
526 58
528 224
530 316
532 733
533 192
535 630
537 977
541 65
544 873
546 869
548 893
549 821
550 293
552 864
556 185
560 66
565 509
567 26
570 762
572 80
575 734
577 404
578 629
580 357
582 2
583 860
584 959
587 162
588 588
589 940
591 363
592 831
594 409
595 134
598 37
599 963
601 168
602 220
603 839
604 701
605 332
607 600
608 200
609 127
612 344
613 92
614 768
615 189
617 962
618 719
621 211
622 502
626 909
627 820
628 399
630 393
631 694
632 547
633 876
634 86
635 369
638 187
640 616
642 296
644 685
646 339
647 971
648 661
649 651
651 740
652 745
653 941
655 608
663 470
664 415
665 936
670 103
672 663
673 532
674 206
676 376
677 471
678 486
679 635
683 972
684 624
686 351
687 696
688 427
689 412
693 295
694 244
695 364
696 102
698 636
699 656
701 263
705 433
709 799
711 875
712 834
715 157
716 644
721 586
723 91
727 988
728 118
729 492
731 96
732 802
739 817
740 423
741 229
743 683
744 5
745 381
747 791
750 154
751 811
754 417
755 737
756 36
758 361
759 764
761 128
762 190
763 560
764 70
765 430
767 116
768 709
771 450
775 175
777 183
779 666
781 356
783 251
786 645
787 326
788 585
790 174
791 286
796 511
797 391
799 841
800 84
801 954
804 253
808 125
810 687
813 269
817 459
818 725
820 675
824 310
825 235
828 968
829 571
830 769
832 668
834 544
835 866
836 507
838 313
841 863
846 233
849 851
850 335
852 262
855 469
856 715
857 763
860 323
861 723
863 97
865 158
866 914
867 52
868 693
871 141
874 289
875 697
879 490
882 933
884 107
886 805
887 448
888 420
894 467
897 798
898 331
899 386
902 927
904 405
905 837
907 301
908 691
909 137
910 368
911 167
914 202
916 985
918 212
919 83
924 779
925 682
929 234
930 981
931 153
936 348
939 428
943 418
944 493
947 908
953 237
954 899
955 879
956 297
957 160
959 555
961 150
964 572
966 610
969 482
971 122
972 654
976 939
977 926
978 787
980 784
981 188
983 105
986 742
987 4
988 774
992 783
993 422
995 729
998 597
1002 41
1003 382
1005 945
1008 575
1009 446
1010 833
1013 219
1014 605
1015 44
1016 33
1017 807
1018 862
1020 958
1021 592
1026 268
1027 606
1030 722
1032 19
1038 191
1040 542
1044 596
1048 845
1049 303
1053 384
1056 429
1057 724
1062 632
1063 581
1064 934
1067 920
1068 159
1074 416
1076 677
1081 514
1084 852
1086 50
1092 126
1093 907
1094 842
1099 634
1100 29
1101 781
1102 48
1103 379
1104 38
1106 226
1108 72
1110 304
1111 217
1113 818
1114 609
1116 641
1118 516
1119 611
1121 90
1123 773
1126 718
1128 1
1129 561
1131 337
1132 355
1134 169
1136 82
1138 455
1139 548
1140 34
1141 638
1142 315
1144 710
1149 438
1150 132
1151 360
1152 690
1153 639
1155 897
1156 916
1163 388
1168 904
1169 203
1170 953
1173 896
1177 120
1180 800
1184 681
1185 884
1187 67
1188 732
1190 239
1191 279
1194 271
1195 558
1196 487
1197 377
1200 901
1201 494
1203 923
1204 45
1206 6
1211 30
1212 946
1218 671
1221 8
1222 136
1223 274
1225 55
1226 216
1228 341
1229 793
1234 292
1235 468
1240 957
1244 403
1246 602
1247 836
1249 25
1251 631
1255 614
1256 221
1257 991
1258 123
1260 967
1261 329
1268 948
1270 704
1271 956
1272 210
1273 892
1275 27
1277 647
1278 498
1280 350
1281 285
1283 552
1284 488
1288 790
1289 640
1291 406
1294 617
1298 291
1299 142
1302 152
1303 214
1304 519
1305 431
1306 966
1309 759
1317 664
1318 466
1320 281
1322 207
1323 534
1324 760
1326 930
1329 767
1330 60
1331 986
1334 452
1335 367
1337 928
1338 882
1339 228
1340 444
1341 449
1342 261
1344 506
1345 550
1347 706
1350 68
1351 254
1352 419
1357 878
1361 139
1365 352
1366 822
1367 265
1368 865
1369 792
1372 797
1373 172
1374 177
1376 978
1378 485
1379 421
1380 952
1381 676
1382 568
1383 182
1384 843
1385 209
1387 130
1388 526
1389 398
1392 264
1395 965
1397 700
1398 553
1400 906
1401 947
1403 69
1406 877
1409 521
1410 574
1411 910
1413 633
1414 680
1415 259
1417 147
1418 443
1419 362
1422 898
1423 522
1427 603
1428 342
1430 591
1434 270
1437 480
1438 812
1442 997
1444 867
1445 795
1447 983
1451 531
1453 85
1454 345
1455 513
1456 846
1457 319
1461 825
1464 395
1466 838
1467 51
1469 536
1470 785
1471 995
1475 359
1476 595
1477 101
1482 804
1483 186
1485 119
1488 197
1490 9
1493 751
1494 692
1498 288
1502 11
1504 35
1507 551
1508 389
1509 752
1511 87
1514 396
1515 810
1516 758
1517 813
1519 623
1520 213
1521 148
1524 660
1525 667
1528 874
1529 320
1530 156
1531 618
1532 282
1533 374
1534 828
1536 738
1545 371
1547 135
1549 321
1550 646
1552 278
1553 726
1554 529
1560 481
1562 643
1565 176
1566 250
1567 543
1568 989
1571 390
1572 88
1578 627
1581 717
1585 849
1586 18
1588 179
1590 761
1591 814
1593 594
1594 149
1595 780
1597 518
1598 826
1600 699
1601 61
1602 173
1603 260
1604 497
1609 612
1611 883
1612 886
1613 402
1615 530
1618 491
1619 401
1624 385
1625 517
1626 358
1627 248
1629 425
1630 835
1633 932
1634 622
1635 515
1638 604
1641 844
1642 853
1646 258
1647 308
1648 996
1654 888
1655 922
1658 392
1659 925
1660 672
1661 520
1663 564
1664 302
1671 855
1676 198
1678 652
1679 918
1680 111
1683 824
1685 328
1686 170
1687 241
1692 243
1698 964
1699 64
1706 276
1707 505
1711 794
1715 523
1720 475
1724 113
1728 314
1731 479
1736 539
1737 861
1738 42
1740 312
1741 590
1743 998
1746 975
1747 484
1748 440
1749 848
1750 115
1751 649
1752 408
1755 340
1756 653
1759 489
1760 546
1762 110
1764 949
1766 346
1767 562
1768 628
1770 40
1773 129
1774 199
1775 859
1776 858
1777 410
1779 854
1782 372
1785 231
1786 166
1787 108
1788 133
1789 748
1793 378
1794 587
1795 32
1798 657
1799 678
1800 570
1801 607
1805 73
1808 28
1809 673
1811 112
1812 665
1813 437
1814 788
1816 500
1819 545
1820 47
1823 684
1824 528
1828 911
1829 117
1831 796
1832 473
1834 857
1835 749
1838 669
1839 976
1841 743
1843 163
1844 756
1846 992
1847 889
1850 510
1852 436
1854 435
1857 776
1859 508
1860 615
1862 895
1863 809
1865 619
1866 840
1872 334
1873 106
1875 240
1876 225
1877 982
1879 201
1880 1000
1881 277
1885 576
1886 75
1888 772
1890 658
1892 14
1893 387
1896 178
1897 290
1898 79
1899 456
1901 458
1903 54
1904 557
1906 905
1909 114
1914 973
1915 104
1916 442
1917 819
1923 400
1926 950
1928 827
1930 3
1932 273
1933 145
1934 567
1941 650
1943 461
1947 714
1951 891
1953 577
1956 230
1957 847
1960 689
1961 503
1965 924
1966 712
1968 24
1972 121
1975 582
1977 648
1979 885
1980 266
1981 887
1982 688
1987 236
1988 808
1989 15
1995 59
1996 143
1997 890
