994
1 1808
2 1316
3 342
4 1630
5 624
6 1773
7 1673
8 1157
9 1904
10 1622
11 1476
12 1089
13 500
14 269
15 1314
16 1841
17 408
18 949
19 116
20 200
21 861
22 1599
23 887
24 46
25 705
26 888
27 370
28 1852
29 1051
30 762
31 1334
32 1822
33 1234
34 1239
35 1900
36 794
37 193
38 640
39 1999
40 1183
41 279
42 1325
43 725
44 620
45 1854
46 1747
47 1021
48 826
49 1592
50 1611
51 1590
52 1044
53 1106
54 1966
55 1731
56 1017
57 626
58 769
59 381
60 334
61 1670
62 258
63 1230
64 928
65 591
66 13
67 1888
68 1868
69 946
70 227
71 1667
72 1485
73 755
74 1318
75 400
76 86
77 911
78 1031
79 493
80 467
81 959
82 147
83 1285
84 442
85 18
86 31
87 288
88 228
89 1392
90 1008
91 1007
92 508
93 1455
94 1159
95 843
96 1105
97 248
98 1961
99 1982
100 1884
101 1405
102 1336
103 1922
104 1143
105 194
106 874
107 1331
108 837
109 283
110 1344
111 1130
112 1845
113 29
114 507
115 402
116 151
117 1141
118 198
119 1897
120 28
121 1320
122 459
123 546
124 1160
125 727
126 1934
127 694
128 1245
129 1110
130 1947
131 1269
132 1535
133 1858
134 1120
135 652
136 522
137 206
138 808
139 1193
140 1543
141 1709
142 1658
143 1162
144 1553
145 1442
146 1602
147 903
148 520
149 876
150 1216
151 1962
152 122
153 169
154 83
155 1003
156 1257
157 175
158 1423
159 738
160 1002
161 1703
162 1192
163 1013
164 1237
165 992
166 1059
167 658
168 1628
169 1935
170 1940
171 1233
172 1648
173 34
174 1146
175 1288
176 1954
177 1302
178 550
179 554
180 285
181 566
182 850
183 894
184 1171
185 1202
186 1156
187 1077
188 931
189 956
190 1578
191 1299
192 1384
193 397
194 107
195 1340
196 1276
197 744
198 45
199 1235
200 1116
201 1604
202 355
203 920
204 1061
205 571
206 877
207 385
208 890
209 1862
210 1652
211 1451
212 782
213 1209
214 1842
215 1924
216 1686
217 934
218 1033
219 1308
220 1689
221 605
222 1321
223 1262
224 718
225 1823
226 450
227 163
228 486
229 1163
230 425
231 1792
232 743
233 1329
234 1422
235 332
236 369
237 736
238 1519
239 530
240 312
241 1108
242 1018
243 1979
244 232
245 692
246 1052
247 1201
248 1298
249 379
250 642
251 1681
252 1058
253 684
254 1166
255 1038
256 1412
257 1261
258 471
259 202
260 204
261 1692
262 594
263 1612
264 1076
265 1402
266 1583
267 1545
268 1577
269 1307
270 1341
271 1566
272 1203
273 190
274 741
275 226
276 363
277 1144
278 1284
279 733
280 1853
281 1177
282 982
283 1113
284 840
285 91
286 1324
287 543
288 341
289 1236
290 1815
291 1378
292 1469
293 1978
294 1779
295 1072
296 1373
297 539
298 1112
299 634
300 1180
301 531
302 871
303 1060
304 759
305 1217
306 301
307 916
308 160
309 1840
310 1393
311 1419
312 1438
313 1807
314 1809
315 1986
316 273
317 178
318 63
319 675
320 93
321 356
322 1185
323 746
324 170
325 1859
326 774
327 445
328 156
329 1467
330 1886
331 885
332 314
333 249
334 443
335 1544
336 307
337 1691
338 115
339 1049
340 128
341 798
342 1452
343 1306
344 12
345 590
346 1825
347 1603
348 608
349 129
350 711
351 1902
352 1883
353 498
354 1263
355 1777
356 56
357 689
358 1781
359 1641
360 1424
361 1503
362 1721
363 1965
364 600
365 418
366 26
367 152
368 719
369 1347
370 1264
371 915
372 1768
373 1546
374 607
375 420
376 1677
377 278
378 1129
379 686
380 441
381 1981
382 923
383 264
384 294
385 1929
386 1238
387 537
388 839
389 1856
390 1875
391 1977
392 388
393 997
394 1752
395 1964
396 88
397 1988
398 693
399 458
400 779
401 1798
402 494
403 1890
404 1173
405 320
406 1656
407 1508
408 637
409 1632
410 396
411 666
412 1863
413 1289
414 756
415 606
416 1138
417 720
418 42
419 1490
420 308
421 1570
422 1750
423 983
424 120
425 1838
426 789
427 924
428 740
429 6
430 1354
431 1839
432 274
433 972
434 123
435 1983
436 1848
437 610
438 729
439 311
440 898
441 1219
442 595
443 1973
444 1101
445 1258
446 309
447 229
448 1723
449 489
450 473
451 112
452 1382
453 1826
454 268
455 1401
456 1512
457 80
458 1178
459 1832
460 1458
461 1484
462 1610
463 495
464 929
465 85
466 1532
467 628
468 1795
469 210
470 1739
471 165
472 346
473 1619
474 698
475 1793
476 1303
477 416
478 1864
479 1197
480 410
481 1891
482 851
483 655
484 1099
486 1487
487 1724
488 937
489 854
490 1074
491 1810
492 1794
493 875
494 1225
495 483
496 333
497 1657
498 1729
499 1557
500 1093
501 315
502 1799
503 66
504 761
505 1265
506 511
507 1782
508 9
509 980
510 1906
511 252
512 867
513 340
514 1738
515 912
516 846
517 1910
519 1820
520 1963
521 1403
522 1494
523 597
524 1220
525 823
526 1874
527 803
528 1917
529 584
530 33
531 514
532 646
533 1920
534 439
535 611
536 1472
537 919
538 102
539 1959
540 1323
541 30
542 1214
543 1918
544 1626
545 84
546 1090
547 1444
548 1176
549 974
550 1397
551 1814
552 1048
553 100
554 842
555 289
556 1664
557 1742
558 935
559 896
560 1700
561 649
562 1328
563 51
564 1103
565 1473
566 657
567 1877
568 753
569 19
570 1399
571 1278
572 828
573 143
574 1136
575 424
576 804
577 936
578 1937
579 1388
580 1949
581 793
582 184
583 1539
584 1232
585 1448
586 240
587 1771
588 1699
589 619
590 1253
591 1372
592 660
593 457
594 632
595 1154
596 961
597 271
598 1928
599 902
600 146
601 1505
603 99
604 435
605 536
606 1332
607 67
608 1869
609 36
610 1024
611 1678
612 1086
613 1620
614 979
615 636
616 393
617 1715
618 1433
619 1600
620 1813
621 662
622 1713
623 776
624 313
625 1266
626 668
627 760
628 330
629 1674
630 488
631 1377
632 913
633 802
634 790
635 1333
636 135
637 1475
638 96
639 24
640 331
641 907
642 421
643 1301
644 3
645 1633
646 1706
647 784
648 277
649 1655
650 1790
651 1170
652 224
653 1676
654 138
655 1564
656 1010
657 1279
658 1305
659 1985
660 1128
661 588
662 1296
663 475
664 644
665 164
666 687
667 1925
668 669
669 1078
670 1551
671 1989
672 1459
673 841
674 487
675 516
676 1023
677 1522
678 1145
679 241
680 1878
681 557
682 1645
683 533
684 816
685 299
686 291
687 106
688 368
689 853
690 118
691 883
692 824
693 882
694 728
695 589
697 889
698 1789
699 1041
700 1172
701 665
702 788
703 878
704 1565
705 1259
706 1065
707 111
708 598
709 512
710 1746
711 234
712 1109
713 1050
714 721
715 433
716 183
717 1867
718 799
719 1205
720 1716
721 1806
722 324
723 1726
724 862
725 742
726 1501
727 1525
728 1580
729 1571
730 971
731 1659
732 502
733 1139
734 187
735 1351
736 1896
737 941
738 161
739 1898
740 1404
741 438
742 580
743 1386
744 59
745 254
746 16
747 641
748 957
749 534
750 1075
751 623
752 429
753 1184
754 155
755 1518
756 1533
757 136
758 1335
759 1765
760 648
761 284
762 942
763 1587
764 820
765 110
766 1624
767 955
768 627
769 101
770 1492
771 466
772 1213
773 1643
774 1357
775 645
776 1243
777 664
778 775
779 1016
780 89
781 1268
782 75
783 1124
784 1952
785 1256
786 1879
787 1740
788 812
789 1705
790 1283
791 154
792 267
793 1646
794 1270
795 1701
796 1142
797 497
798 1548
799 811
800 454
801 1168
802 943
803 422
804 1734
805 1095
806 413
807 899
808 690
809 1684
810 1991
811 906
812 1300
813 1763
814 1486
815 1121
816 1778
817 218
818 337
819 44
820 462
821 1478
822 1353
823 504
824 261
825 447
826 335
827 1870
828 303
829 778
830 891
831 981
832 174
833 1967
834 1091
835 1310
836 1383
837 685
838 1914
839 263
840 615
841 503
842 926
843 767
844 541
845 1025
846 1737
847 329
848 551
849 295
850 547
851 282
852 361
853 722
854 375
855 1413
856 1581
857 1926
858 398
859 428
860 1207
861 1212
862 1427
863 921
864 832
865 1861
866 339
867 1009
868 848
869 630
870 1953
871 1297
872 14
873 1137
874 621
875 23
876 479
877 765
878 1274
879 863
880 895
881 1047
882 1855
883 349
884 945
885 987
886 716
887 815
888 706
889 1337
890 1903
891 444
892 47
893 1387
894 1915
895 61
896 650
897 108
898 771
899 1169
900 1908
901 1561
903 1708
904 542
905 1697
906 1524
907 576
908 1454
909 556
911 901
912 984
913 579
914 1919
915 814
916 622
917 1273
918 415
919 406
920 1359
921 423
922 940
923 1088
924 1495
925 1394
926 700
927 688
928 672
929 1595
930 1005
931 805
932 395
933 145
934 1085
935 1647
936 186
937 954
938 1732
939 1568
940 302
941 781
942 822
943 1791
944 792
945 1909
946 436
947 768
948 1666
949 171
950 994
951 1001
952 795
953 1606
954 124
955 275
956 7
957 893
958 930
959 938
960 1614
961 474
962 491
963 207
964 201
965 1126
966 1477
967 1167
968 15
969 739
970 506
971 1675
972 104
973 344
974 317
975 602
976 167
977 1196
978 1221
979 810
980 1938
981 674
982 1927
983 142
984 87
985 708
986 587
987 1468
988 1969
989 1644
990 951
991 800
992 149
993 162
994 1415
995 180
996 1045
997 870
998 1366
999 1222
1000 325
