100000 3000 3000
12120 33150
87099 60225
66815 94950
8163 30924
97984 45411
98417 75332
68571 46043
15688 93520
33560 92208
43057 39715
64544 90927
67711 34087
14204 69311
49273 93520
8676 46072
33560 56316
16198 21274
49278 38072
54198 75031
6873 19375
65221 38072
17766 78177
11789 6012
67359 21913
25894 95670
26897 71212
51885 216
98417 94867
45224 85884
62415 30278
21310 20766
27120 39593
65414 85437
34974 90852
68636 80714
90837 34087
32739 24122
95595 21381
3978 52945
35606 53299
79460 65662
75192 7419
30393 11566
2548 14204
11245 98179
4701 2440
90690 34282
26897 29346
55709 34300
25175 3746
90563 99685
22925 78801
12939 98415
13064 32030
39818 73259
10328 25175
32973 49273
36292 6285
67767 83876
4419 74422
92808 76310
29243 87099
98821 33148
86782 3297
77955 22550
5143 33618
67608 20766
52800 96553
62916 59710
70876 94382
437 83445
59068 13826
33419 68528
58557 44214
3978 37268
5677 2827
93155 27863
90690 19807
94231 45231
46100 21310
91699 51158
99602 52800
2254 90837
49273 19140
83445 67362
5925 2827
54672 82989
30099 53803
17971 69311
72314 18166
95036 7577
47402 56937
81834 92208
79246 45292
13531 43057
70490 99336
61803 32030
29913 27720
3903 13534
75870 44854
20664 47674
68912 78177
78192 69450
68899 31760
51760 21308
27259 11661
3978 47402
64282 94311
30099 45094
70876 10910
6824 80714
49251 95036
75192 56280
38000 23231
84275 23969
99785 53803
22945 14291
48727 6051
90276 46100
67526 37702
85437 88689
41743 38072
69837 56316
10063 79591
89339 33284
5677 79433
2479 41881
85490 5412
32973 79851
38360 37702
4832 72314
37997 46491
50722 54214
67858 12529
96954 82164
45702 70725
69642 69686
94382 51158
46305 33419
27885 18166
49127 98415
96954 20664
28256 16888
77798 93872
48259 59710
45702 57830
37455 71694
46043 83941
69577 34224
82628 85437
93872 37702
49587 39593
71043 96697
36986 82164
79880 26695
42828 27720
4257 97563
48130 25616
31312 1362
15327 94069
82164 47031
67482 28283
17274 72211
66733 33796
60174 24229
23992 30094
24890 75332
75343 29133
21962 30578
16105 18516
4832 94447
24122 72382
42634 56580
9839 564
38508 31083
70490 71598
61096 68781
26695 82856
10308 55519
48727 45231
11164 24509
13064 41881
51198 58426
62339 10063
91528 58788
76366 19909
78291 53982
11732 48259
19031 78758
42324 20494
54198 69642
78849 25894
84641 1003
7184 34859
90590 2253
93792 31760
74897 34076
3746 25016
39461 96697
39818 38629
54672 59710
4467 41607
50567 85177
93717 29243
10416 43702
96954 62455
68571 19489
13064 76181
37268 79900
69368 87919
58686 28300
82628 6051
32030 78177
97873 65792
41992 82856
34859 17669
68841 12659
83628 73102
55119 79109
97873 81186
23416 76310
58622 21308
93260 87746
99785 89997
30393 51592
36323 49127
12659 72646
21814 30094
41308 16382
32469 27491
6370 53586
87245 47121
81926 21682
47674 51158
91669 43044
56580 66144
94410 43702
26562 31287
49896 14659
58788 79507
9087 17996
98145 64114
28306 67526
93717 87099
76108 10416
11566 63054
99602 71815
41229 33618
11164 49896
37369 32920
7785 93520
79880 82989
63054 94311
8032 52810
60587 78057
54360 37326
74637 16111
23416 85244
68899 2194
76441 18355
84275 19807
82145 42324
50722 82989
7671 75343
32973 65880
4933 65860
80742 45400
70240 75332
7792 18516
54672 83451
55119 66413
48811 11928
21689 6370
1820 47341
65132 27632
92730 56673
40439 4467
42634 20494
68618 47674
6506 34859
93155 92833
48811 17766
85074 2464
88816 87099
70712 53629
43906 68899
96358 33417
9735 98045
98821 38717
94867 77314
45702 19536
79109 443
52150 2194
72973 21913
42171 58426
98643 64301
36202 90276
71043 32894
76181 27491
83445 2068
41308 60225
18790 5982
17655 70725
36524 38000
6506 66937
9087 33417
55025 35430
28584 73813
78631 20766
94319 32438
79460 13534
56580 51189
36348 13534
13605 18790
10308 70490
66733 68912
49278 85244
64919 25894
76108 63303
45113 46877
67421 41938
57402 21274
23427 53803
91699 68704
42788 56316
24229 38268
8676 78291
17669 46877
1883 55344
89991 70693
52150 88689
45895 6051
73337 68781
96761 43057
6203 16888
64130 75319
35718 79123
89997 23233
79109 13826
68618 69686
78057 71265
30119 11928
86176 83941
73840 41308
96358 20766
64544 18630
93260 57583
45224 94867
50201 8817
86825 34167
12939 38717
30119 33796
43043 85064
4782 69431
30393 79507
85884 50502
64349 17766
97864 18909
11164 94116
22145 67421
62461 34873
66224 41607
73338 64274
83662 89213
8817 3570
49896 52150
39560 69450
68912 69431
10328 37326
51885 11661
87298 48306
35771 42553
61803 97886
45027 79246
49251 17113
89991 4902
79910 16105
94410 86278
97950 9797
80326 35771
85074 32509
34859 36323
89331 91771
3675 63054
437 94447
23992 26322
21689 93155
18630 47963
6798 23901
66976 98643
12038 54672
7671 98415
55344 41607
12929 24890
3897 71043
26562 58426
28059 21308
18166 22550
56280 79603
80698 38162
62916 10063
84179 29204
14671 58426
21381 75332
72314 83876
7374 29204
5530 68462
43057 69832
65499 55545
57402 33294
18892 75870
52173 83451
89576 80028
68899 67934
18892 80714
4868 13605
80551 73337
46282 81459
72973 21308
98821 3243
52800 73338
5530 85064
71815 83711
78192 19140
56822 32920
80551 58788
22642 46635
68841 81459
59557 56280
59068 20671
91392 79603
4257 64544
79591 62346
8660 5143
1501 6894
6242 65198
50442 64274
91817 34859
79880 7374
40439 19489
11851 53218
8721 67934
17989 38072
57607 22550
28402 98257
13531 46364
48074 28283
43260 67828
15835 32894
52709 94069
9428 8743
72520 6242
92730 3243
64639 18569
79591 78291
11969 16382
69189 23231
36870 20928
31005 39715
8645 45658
65792 62346
93260 53838
84641 64544
79425 10416
4431 98417
10328 45231
72703 34076
79910 45848
68781 29204
98684 49135
49913 58826
58788 44854
5982 87919
6370 21128
13531 4431
31005 1362
50567 32509
11732 70490
48649 69832
67359 25873
46100 35126
3297 48415
96553 33796
89576 89991
93155 30984
34974 7419
80980 98396
13064 56481
76366 95669
66976 46043
79900 24936
3243 66937
84641 13412
86635 38717
30457 76310
82427 56280
76465 84742
21381 69450
9428 24936
12251 21308
11789 79460
98885 91275
45027 38798
75192 93162
9298 67362
57763 20129
437 25616
89331 79851
31928 11605
76585 8039
20671 83445
83701 75870
32438 70725
58557 63397
43715 92833
87429 11732
30393 30038
96300 53838
19536 77861
20671 48639
38000 2254
92435 82427
98257 12994
37455 60225
11789 96553
74116 90563
48415 23233
87429 67283
89165 7785
39783 38629
26897 61118
92116 34766
6873 67526
4257 82164
30578 50307
86836 71694
36323 12939
79523 42828
81049 804
26562 7763
68781 7407
11851 99722
46043 6285
54360 67526
36986 53629
39785 34611
11732 46877
98689 45231
8163 96543
12120 12925
22837 98745
26322 33618
21880 24680
87429 24122
8176 29133
41992 54799
42634 19909
7184 96761
3139 804
98885 56937
49278 14917
19581 48018
72211 50916
31760 5412
59330 88657
48990 70490
48130 64100
71598 33284
58826 84742
46282 20672
54799 79704
34531 25616
34873 91150
38933 20069
25016 74422
79851 45848
93244 89454
43906 53982
73337 76465
7184 67482
39461 20766
53931 47121
66976 81926
35606 93244
83949 25656
62415 86176
87298 53435
77791 28623
7374 34873
89991 18569
29913 11566
91528 27120
49587 10355
96954 17669
68618 3570
21962 38508
10328 55709
13605 56822
68781 28623
83941 79611
49896 70490
96777 89213
79425 38076
55119 95595
67089 56580
66733 64301
19489 2068
81729 86278
6912 98257
81926 85244
78849 48727
69368 10355
74422 65198
45231 40282
9087 78801
69435 34167
14291 5143
79109 65793
65414 34076
98257 98643
97049 30924
97008 38629
94231 61118
1883 95670
73840 44030
49278 27863
83701 85064
11351 62198
50201 66102
51592 67283
93987 52129
72561 12160
6798 64130
6824 57296
96553 78177
32729 51298
70693 62455
4933 8660
14659 30161
97008 34897
90890 2220
67858 68912
21128 53629
84641 77314
21814 6285
7184 67283
8817 62346
18630 33417
9428 71694
80980 30984
71598 40282
19489 20494
81459 27259
69577 65700
2569 22945
12120 56280
27195 54626
19489 17113
54198 61699
95096 18892
50201 52173
7293 5143
31287 34611
9839 32920
70693 64114
66733 30119
80551 69642
47402 62346
21689 90837
16105 62459
56060 81049
83451 21308
22735 85244
94231 23900
78801 23900
8032 28300
3978 6824
22322 3450
25616 27720
45848 4380
89339 14700
79433 66224
31287 99336
39995 88076
54628 6051
2569 93872
1439 44854
38000 51592
90693 31083
95595 70240
85490 8676
57830 56747
48770 84742
4706 76310
92116 30672
14204 46072
91528 5530
73337 58426
42324 45231
78631 19909
89576 18355
5925 55709
8743 64544
21913 16382
14204 25616
19581 55545
75192 82856
13064 24936
79109 56580
97019 77955
4902 32920
5677 26897
80029 75870
67359 68912
80714 46364
74897 71562
81395 28283
1883 4380
32469 19940
58788 81833
44214 20928
80538 44030
44329 63397
38933 40282
32973 81186
69837 19489
41992 47031
31760 39995
98643 45094
19581 98145
20766 62346
21880 39783
81049 12939
30578 48990
77194 216
96954 24122
18174 81459
54672 65860
13605 10108
70259 13525
52709 45224
85074 75319
20450 3450
29197 79591
91227 27720
46072 48306
78958 73904
13525 23986
94231 75972
36457 71265
91699 97049
61772 39783
91699 37455
6832 19909
66125 32469
54198 70490
46043 2827
98684 64639
98585 5143
15835 29913
31524 61118
85437 79611
84823 77300
13605 31287
68102 79507
6012 65700
14552 7577
44891 48811
76441 6894
7374 79425
24229 74422
61772 63054
35718 18790
28584 41607
63303 88689
44030 94447
72166 19140
83546 48649
76849 8032
38000 17766
86836 34611
91699 74607
69577 13412
58557 12659
18604 79910
76849 14291
45224 88816
56558 53629
12929 74422
61805 18630
67828 30099
65566 93872
65863 49135
69189 21913
84641 21128
31005 53586
30393 14266
71815 13525
3675 78291
86176 12994
28256 47402
31312 13750
31652 57997
43044 90927
27292 33419
2479 63101
45411 21689
75031 95036
22925 8660
8721 4902
93260 90852
66125 53982
97864 564
65847 99336
8163 38031
79771 47122
14692 58686
79910 16382
39461 41229
31773 36292
80634 57583
21880 86836
21962 79880
65024 14291
74897 65847
1883 67608
19489 24936
21689 28623
12251 19909
65221 78891
66413 26695
17274 53386
25175 47963
96954 49278
43044 77791
43057 92743
50307 22735
67421 32894
17971 99602
9378 12659
77798 75319
12120 28703
38630 66937
8645 98745
7785 10355
60798 65198
51582 64130
90590 34167
67482 85798
56558 46877
16198 78177
8242 13581
47121 10933
4431 88878
13539 53586
91150 73102
67283 83876
66733 65792
45758 7979
77791 79507
45292 75332
64301 49127
54626 25656
79460 43057
81834 30094
29913 39432
86782 46364
92271 12939
78891 19940
79109 132
45094 28703
48776 33419
94608 63397
2780 95595
99360 46282
70259 24936
86176 33796
17989 36323
71043 16888
94311 32237
59330 85244
76849 14671
28300 76465
93260 11969
45140 8866
46491 90927
7299 3570
6894 97563
36202 20069
24826 25616
55119 54799
60798 67767
34873 28306
29243 8817
72166 20919
38360 28059
37997 37326
2194 90927
57602 82856
27559 21682
87245 88296
60191 64114
79365 55025
38000 77736
41992 80634
75192 11969
33560 81834
47341 87099
70490 43809
1308 96777
97049 20928
77300 10355
19031 35430
46305 34859
99360 37326
98684 29063
76465 38629
12529 24509
70712 50567
4933 93863
33560 75343
69642 19192
584 91982
40663 69431
21310 66144
81459 8866
79851 50916
78849 38360
51885 92208
64282 22550
79433 49127
7407 2194
38360 41607
19662 45027
51885 95334
19031 8294
45758 77791
69832 68462
76366 36292
23427 74607
91699 32920
11566 55692
67608 46043
20766 76465
45848 51760
6506 67359
98821 65880
94608 5982
6242 29913
15688 4419
98417 83451
67757 11605
76849 99685
66413 89339
66976 65860
13064 66144
28584 66224
46305 99336
24680 48259
21381 14552
67089 54360
12929 26293
86782 8743
65512 24509
14659 2253
91699 55344
50201 74422
70002 1003
2620 75332
30119 47122
48259 15009
26293 39995
21128 53586
54799 56316
48130 57583
5982 7577
564 56937
95096 52129
48990 18909
18604 48074
8743 8866
30578 45231
59557 98689
1135 43585
64544 39593
98326 23416
12929 28256
57830 73259
73337 24509
88296 20843
31287 65847
6506 67283
29204 47122
75192 66815
12038 43260
28256 80538
30452 7173
49251 70490
6242 39715
38000 8817
45140 95499
43585 68462
81834 8093
8817 84704
98684 13826
57763 76428
88816 24826
48776 3746
89576 61932
89165 73338
22145 95669
20726 66937
6506 23992
59068 2068
67089 79523
38360 25063
92543 35277
87298 86528
56558 39461
19536 2827
56822 14291
89339 93872
31760 50442
76441 56937
22925 46364
58796 81395
7299 80742
38630 51298
19807 76428
38630 43715
55119 4868
30393 61699
23992 32509
53435 19940
43057 10108
57607 75319
78758 12223
64349 95499
11928 53586
58788 10063
91982 46491
17989 4701
58826 20671
35606 4902
77314 51158
23900 50502
69078 65132
68781 27720
4257 27632
4902 25873
34859 31083
55770 19909
95036 92833
44891 48990
4701 69189
52709 6912
30457 45292
55784 30094
37369 51592
2220 50502
21913 23233
17989 53982
79910 47674
94950 81833
27292 78891
22837 20129
3978 62461
45224 69642
45895 53386
70002 46043
61932 9428
34766 41607
13826 98396
60798 35718
80551 804
57602 52129
55556 2827
77194 47121
84641 90590
18569 22298
69189 37326
26695 44214
3139 57296
35606 78758
2464 41607
76849 80484
48990 89991
31005 92743
1362 25873
65024 54672
59557 59330
33284 77300
18166 75343
86176 39432
25944 7792
91275 55344
56576 22550
10308 79591
36781 50916
83949 56822
49896 82427
4902 55770
96553 27720
45140 90690
20671 53435
99602 29133
98684 56937
89739 32729
92808 63101
84731 13539
22145 53386
78291 11605
79460 35277
66815 76465
30038 14117
45848 75972
60587 22145
8645 37702
21128 41038
38630 73904
21785 29346
90590 93863
45231 41938
69189 53629
55880 46364
25063 18516
12038 34766
17669 37326
32438 42553
77905 94069
47031 20494
80538 80742
60798 62198
9428 93872
25175 72646
41721 37702
78852 62916
11661 23901
9378 19375
4380 88816
29063 19375
72703 79880
54799 30278
48811 2220
11164 83445
8242 96697
8294 98319
6798 95499
3903 28256
92271 24439
46305 90689
70240 78852
66413 30984
22145 1003
53435 39995
93312 53386
9378 20664
42324 26695
47121 53803
14481 20919
96543 85437
37268 64282
94867 43585
15835 34859
45113 48259
48416 92116
6832 58426
31312 50916
78631 37268
21814 22735
98257 62346
32973 43707
91699 45400
30578 67757
8817 98145
24509 69832
43057 54626
6012 23058
78801 24509
64919 75870
2068 25873
67711 66224
77905 41308
89339 75972
31773 64282
92435 25016
21880 69686
19489 64100
56558 72382
92730 89331
89339 70490
9797 56937
78849 31760
77314 16382
43260 10355
39783 65662
26897 39461
60174 94608
57830 75076
12659 98643
53586 48306
18604 90689
75192 21682
64349 62916
24229 50916
91771 64301
37551 33150
74675 69686
55556 26322
90563 21913
47402 43044
89213 85064
22837 39818
74116 63054
32739 36457
21785 32739
4706 40161
132 10054
56673 52945
78631 68912
67711 48770
10910 95036
38268 19375
89739 48770
25063 19192
76181 68528
54672 72561
64100 24797
50307 66815
96697 56423
86176 49587
2440 14917
70220 26293
81729 84275
12160 8743
55025 11605
98202 3297
86836 51760
31005 14659
29063 20486
50722 58810
93717 12529
81459 41938
73840 53435
66976 38508
28283 8385
53218 97008
14700 23231
36524 72382
13581 70926
3675 79425
10306 98643
31312 2068
88657 39593
7671 26293
15688 46305
79109 45758
19192 53982
76310 77861
85064 47122
46282 80538
18355 41607
8242 30099
27885 6894
55119 14659
34282 75319
70240 99336
67711 65793
72561 17737
96358 34766
98689 30094
37551 24890
13525 60225
22322 69577
4257 49278
10308 72166
46751 8039
66815 89339
21962 92833
7184 59710
33294 79591
55784 46877
70876 58102
57763 85798
58826 67359
72973 97712
63944 42553
69577 28623
18630 72382
78057 27632
89991 69431
31773 79603
3570 65132
32729 55025
61096 49913
88689 27720
74637 85490
76310 14659
26897 2068
33618 19375
31928 14692
67482 51189
69078 52945
8385 36870
96300 23900
71043 18516
41229 34897
14659 91669
69832 34224
64130 81834
18790 49251
87429 94382
74637 74116
87298 5412
65024 69368
57763 18166
17989 584
57997 35277
19662 65863
30393 64114
52810 47031
61932 24229
1818 34087
43043 25656
5677 43044
60174 43044
12038 77300
42840 45702
44329 46635
70712 36015
97864 95670
63397 88992
30099 20494
94410 14671
98585 78852
10308 39995
97008 25873
64942 25016
83628 71694
56747 44854
13064 42626
23416 72211
49278 21381
38508 24229
46305 54799
64942 43715
31773 82427
29063 83876
99602 83641
38000 10063
17989 30119
38798 67283
13525 68665
78852 88992
13064 50916
68618 80714
82628 14671
98045 8176
25175 74607
98745 20766
9735 67932
6798 92543
24509 45698
52800 41607
73840 67283
78973 90520
89991 92116
37551 12251
1308 1501
64130 10416
25175 50916
45658 29133
8176 24680
13605 13826
85884 67828
31773 28703
97864 43057
87919 67362
67828 74675
35120 6873
17655 82427
52709 1439
46100 69832
45411 564
94319 32920
56576 36870
89331 67421
89997 2253
69837 40439
53299 22550
65627 94319
18604 57607
79851 37326
84823 99785
94382 35277
93260 56423
55519 73338
61699 87919
50201 97049
61772 34859
42324 45113
72314 90689
43043 68636
7763 55025
86635 22642
64919 83628
47121 21913
87746 36292
22322 85064
67711 91982
80484 30984
69368 97008
46305 65198
55119 98689
19581 6051
97008 45658
21274 9087
5677 21381
71598 50502
73840 70240
96761 46043
34611 78891
92271 6012
40262 44005
47121 70078
82164 45658
39560 12994
8876 58622
56822 35430
49896 45698
82989 70490
43260 88657
66125 23567
42840 35277
25933 23231
3570 47031
55519 13750
37268 32920
22925 79365
83546 72646
69642 90563
54628 75192
43715 56481
45094 67526
22945 66148
89331 68102
68815 55880
216 56580
89739 23231
36348 72314
66210 27195
7763 24192
21274 22349
94319 30578
69391 38798
15914 56423
7293 55692
22837 52945
60174 76366
1135 95499
79109 60191
9428 30099
87245 19940
66815 50502
77194 45698
67482 87919
63101 53386
68636 86278
57602 70241
82039 38268
8817 33284
19807 1501
38717 33618
70002 61118
42171 65880
22145 92743
97886 34076
53931 70002
92743 88076
23058 13581
68841 13010
79425 16105
5677 20664
65880 36870
92435 47341
35771 93520
49278 56316
33294 30094
90890 30393
79365 39593
80980 90563
7979 55692
30278 64544
21962 64349
4832 87919
57402 56580
65860 25616
82145 68704
8242 24229
77736 46100
85064 39995
87245 36348
45224 43585
72166 29204
45411 20766
83445 20843
78758 564
65847 77861
6873 64274
59557 16105
64301 42828
12529 54799
49273 58622
95036 98396
93987 35126
98202 93162
3243 73102
31652 53629
21310 97019
72520 20450
13531 2253
62339 28256
67711 90520
25063 11245
58826 42626
29063 48649
67089 44214
3903 79365
27559 52810
443 30161
65566 12939
28584 67362
44329 50916
85798 46491
78057 16111
51885 67858
34897 8866
69832 85798
22837 4431
11164 24439
87429 48306
49913 36015
38798 98319
91392 32469
3675 31083
79880 62459
68841 27863
73826 47402
83711 11605
1501 7419
54672 56576
62415 50916
2569 95595
34282 21381
84641 80698
26562 98202
92271 95334
11969 56673
13534 12251
65627 55025
13534 45698
85884 54360
93987 68528
66413 55025
62461 95499
21128 57763
79851 32030
77736 46635
54672 37997
6798 82856
12659 21308
98745 58622
88296 32920
59330 30094
9839 79109
4902 75332
39593 79603
67828 54626
6506 14204
91669 47031
10933 24439
77736 69078
62415 82628
92271 18569
85490 72211
75031 98413
8676 38268
91669 52810
13525 79591
64349 62455
49913 46364
81395 72561
89576 19940
67828 64349
97712 7785
4467 91795
94867 72166
27195 41607
55344 24229
66148 1501
23058 8743
76849 46043
2780 50916
81926 76428
36348 11661
93717 2569
21880 12223
45172 68704
78958 52173
7792 44005
17989 41992
584 24509
1820 63944
48990 73904
97019 65132
50722 85884
12160 28300
12120 70712
65499 23058
68781 66937
13270 48130
85490 68912
87919 79507
98257 6824
11164 71265
45411 66413
84823 37702
82145 92808
14552 27863
1308 19807
7792 71562
43057 98415
5925 45848
4431 66102
67828 17996
74675 7785
98326 45140
94116 62461
49135 41607
84179 81834
88878 73102
89739 37455
91771 64100
36986 26322
7299 46282
89331 2220
6824 69832
32438 50442
38798 79900
57763 68665
88296 72166
72166 31524
78958 45094
72520 90520
55880 34897
89213 78891
67089 58557
53838 10054
68636 55784
4902 75870
15327 80484
69435 58102
7184 38798
50201 7407
96777 85064
30984 88689
31005 42828
45848 84704
10054 30924
19581 89576
48990 78291
98585 54628
89331 14291
54778 66125
55905 76181
70490 41721
81459 79771
31083 73338
29063 48639
78973 12929
47341 67828
37268 27863
71856 71043
90690 52810
36202 99602
79109 14481
67932 65132
17989 12223
79507 56937
38031 93987
4380 16888
45895 68618
65566 97008
41607 45698
45411 28256
70712 88992
21689 3297
85884 93872
79851 83876
11661 13826
73337 5412
61096 82752
66413 53803
15688 7419
73102 88076
37268 98257
21128 36870
21785 68636
98202 76366
52709 90852
80742 62459
79365 64301
95096 77905
68571 3450
62415 73337
11969 47402
8385 13412
70693 10054
42840 77861
29913 46100
7617 77791
24192 38076
94116 12994
12120 86732
78057 74607
59068 80742
12120 33148
40663 21381
67757 51189
56580 70241
85884 55545
50567 17655
3978 70693
2569 16111
7293 62346
53931 67608
89991 83876
92808 54799
38933 45658
80326 27885
5982 74607
87245 90563
98257 75332
65792 75972
18790 23901
12120 8660
47674 83662
94231 19140
69686 55344
84823 15914
67089 48306
1308 25616
77194 94116
6093 97563
72166 99722
14659 64100
62461 36323
17989 33284
92543 64301
4933 28300
21274 97049
68841 34766
50307 82164
58796 52129
94116 79365
6798 75192
29197 61805
67089 57583
85177 19375
4832 79460
13270 72382
32973 21682
84731 24890
38162 56481
74637 52800
26695 60225
15835 66937
67858 29133
18604 41308
82628 21689
19489 18630
9378 99685
85884 96777
82989 16888
68571 43707
18174 55770
71815 6832
56580 27632
96954 45895
90590 56280
57997 75332
9735 44214
94319 66733
27120 69431
69368 91669
64639 19940
59557 37997
5677 7785
69435 55519
13270 20494
89739 18776
51298 71598
10306 23986
45702 79900
18174 69189
21962 40439
34974 28703
94231 13525
64942 11661
22145 26897
2620 78801
79523 63054
82989 35126
84641 38933
10306 13534
31652 42553
6203 92743
443 57583
71694 88657
50307 65662
8242 78852
45094 36870
58557 92808
97864 58622
20450 33796
49896 16111
75972 13826
36524 58810
71856 47402
53435 65792
72703 87919
29204 90927
63944 18516
31312 79910
50307 55344
82752 56280
65860 7173
13531 41607
21310 46072
42788 93162
83701 38162
65566 18516
61803 43044
84641 66733
30393 25620
5677 66102
70078 10063
19581 45027
91699 24439
75031 96697
93244 64639
70240 51760
38031 3746
8743 38717
55556 17669
79910 20069
11566 20766
42840 79523
80698 44214
93260 48811
87298 13534
45411 73102
56481 53982
94608 22349
36348 55770
39785 710
89576 23416
53629 73338
65024 53838
60174 52129
11851 8876
51158 56316
22945 8876
82628 40262
78192 75332
37268 66144
13270 28283
88296 80698
33294 46072
53931 94447
8866 41038
3903 41038
30578 9428
77905 83445
75031 7785
50567 7785
65024 89739
46282 4902
45758 31083
2254 24229
40161 30709
69642 98745
33294 17766
23992 65512
8645 89454
7617 65792
68515 94231
6824 90563
78758 76181
58557 77791
47674 88816
65499 34859
8817 52810
28256 77736
32973 79704
51885 65662
77905 50567
93312 69450
92208 43044
51885 79704
26562 804
15914 26322
60587 87746
3297 85798
34167 90852
96761 10355
45411 57830
68781 71562
61805 11928
32469 14117
65414 12160
41308 94069
54198 12160
58796 76428
92743 78291
45172 87919
46751 64114
61548 71694
98745 69686
13412 38268
8242 13412
34531 80484
70490 39818
38630 21814
28283 3570
92271 11245
53629 85244
61548 12529
67858 91275
65863 95334
19581 64919
69450 5412
93863 3570
21880 53838
9839 16382
11566 24229
93312 30984
89339 77736
66148 59557
54672 79704
46751 92208
71856 94950
29197 43260
77905 57997
21814 79851
66129 16888
22145 48727
60174 98257
47674 13525
68636 17113
58557 14117
34531 91669
4706 17737
21785 6506
77194 68636
87298 62455
67089 28256
15327 46282
48990 64130
53386 14266
96543 65847
43906 12223
67283 43707
21274 9428
31760 28059
66733 54626
68704 85244
71562 25873
31005 23901
12925 6051
19662 25933
37551 28300
36348 804
13412 44030
9735 36870
36202 7374
60587 72973
24797 62198
63054 98319
29063 59330
73813 7979
57607 77861
78057 62459
10308 56316
12925 6012
24680 28300
93717 46100
54672 94447
71856 72211
1883 90693
67482 9797
67858 78958
37369 76108
57402 27259
57672 13010
20671 27863
42840 26897
80326 14266
20919 43702
24122 79611
97984 25016
85490 48990
71694 52129
70220 46877
39622 73813
45224 20766
93260 46491
18516 20494
12038 43702
6242 51582
24192 64301
72520 34859
53218 46072
58796 24192
7617 39432
35771 56747
90276 45658
67711 2464
16382 5143
79523 64942
899 28059
29063 32469
21880 95499
60759 98179
79109 48018
80980 64100
37369 19807
22322 74607
69391 12994
45411 8385
93312 20129
39432 98396
95595 11661
584 13826
48416 53982
49273 56747
66129 69642
3675 9378
99360 99722
43585 56747
56822 85064
77798 71043
97049 32509
70876 49273
10306 30393
61772 86528
25944 90693
45848 50502
79460 92208
87298 13581
62415 23986
20919 14917
91817 66125
4832 83641
7184 20672
93872 24229
87298 38798
51298 24890
1362 36348
62415 69435
4467 87298
55905 61772
13531 85177
63101 36292
60587 88076
43044 33284
69837 57957
48990 30161
37455 94231
60174 38798
97950 92743
73 14552
10910 85437
18892 80538
53982 14117
19581 73338
80980 38076
97019 62346
58686 32920
76441 69450
31426 6285
47341 62346
8660 65566
38031 20664
38031 34611
11605 17988
54198 25656
12994 76428
72973 38573
8294 27259
22837 96697
98396 88689
80980 94311
17766 15009
47121 52810
78758 65221
84823 72211
36986 26562
56937 25616
63101 8743
3897 94608
45848 80484
20671 23233
60174 3450
28402 88296
15688 97712
22925 47402
46072 32030
80551 87746
65860 21128
72211 54626
3243 90520
25063 17988
28283 60759
83674 24439
45411 42626
47121 25933
88992 38268
2548 85884
91392 61772
8163 48130
97049 46072
67767 36292
76441 26322
67932 19375
59557 98045
10308 2068
16382 85244
67359 5143
30924 32894
94116 99722
32739 41721
28180 80484
13064 80742
92116 26293
2569 15327
91227 60191
21962 46491
36457 61772
9428 98413
31426 78801
53838 93872
32030 8039
90520 28623
86782 48259
59557 20671
84641 85798
64919 68618
16198 4419
47674 34859
37455 70241
54626 15009
4467 51189
39560 20664
21310 20494
12925 24122
3675 2569
17274 30119
70712 70490
4431 51592
28703 14117
96553 60225
51885 73
20671 45698
67858 67283
96358 5412
61803 3450
56423 61118
86176 47402
29204 51760
10933 20486
82628 19909
72520 66413
72166 83876
72211 39593
8876 8039
93244 61699
23969 45400
40663 90563
11164 9797
29243 8163
80326 32469
89576 89213
69311 13750
6093 25620
35606 20928
61805 70926
45758 90689
89739 48018
48811 564
9797 10355
69391 68665
17989 34300
93244 43057
9298 82427
10054 30161
34859 13581
9087 80484
93717 91771
30278 98319
18604 82145
14204 48306
75031 12223
69642 91982
48074 36870
43057 12994
87746 64130
24509 11928
71043 30099
20671 71043
90689 30457
98684 81833
12223 30094
13064 21913
83701 23900
9735 13826
36348 25933
15327 79611
66148 14692
36986 45113
16198 30984
30457 22735
59557 62455
1003 45400
98045 28283
98417 53982
31312 89454
89576 38933
5982 15009
32729 34897
14204 67934
8242 53629
22322 84742
47674 68899
57672 44214
13750 23233
57997 86528
64100 44854
56673 22298
77194 804
2780 18355
46877 22642
68841 70876
70201 77955
74637 216
24797 70926
8242 11566
38630 94447
94116 83546
54672 79851
57830 67767
90689 98257
44891 38508
91275 4419
53629 32030
38508 29346
55784 79603
35606 66937
80326 15914
2548 98179
67421 84742
9735 28306
6012 91150
33417 53655
15688 14671
98417 43702
72646 48306
71043 56280
60587 49135
23058 98415
4701 23986
50201 92116
91150 32729
21962 98643
10306 68528
9298 17766
91528 94116
56558 82856
57583 65132
9087 98396
46751 95036
25175 26695
3450 37702
97049 88992
17655 67932
7617 89165
91227 45231
92730 56580
69577 12939
66148 80029
13010 68515
65512 34859
49913 49587
19940 36292
28584 53299
8676 58788
3139 34300
98202 31083
443 84179
65863 45400
38268 41038
18909 52945
98257 55709
48811 32237
51158 19909
42171 77736
12038 17655
61096 78177
61772 41229
96761 68912
20450 65198
86782 5982
84641 55880
1362 22550
36348 62461
30119 56316
28300 19909
93717 96543
30452 41308
437 25656
13064 55880
2780 20766
69642 26293
21785 98415
78192 59068
29197 8866
2479 61096
65512 8093
76441 32920
48811 18174
21962 74637
71212 62459
1135 20766
97864 71815
40663 12038
67858 93155
96697 69431
65792 35277
65880 13534
62415 48727
83662 35771
51189 3570
95036 91982
81834 41881
22925 45231
98257 78177
96954 38629
5530 94231
67767 81459
73965 20069
1820 38000
8242 90689
65793 41607
8163 94950
17989 74897
98326 86278
13531 8385
31652 48259
51198 93162
66976 53838
4868 12529
65512 14671
65024 26897
66129 19807
49251 57997
21814 42828
55119 66224
98585 48416
81834 41038
63054 82427
69642 63397
51158 93520
899 27292
47121 46100
29913 30278
16198 29133
66125 88878
89739 10328
21913 30161
21274 10108
69431 72646
94116 53586
93792 93872
12925 56822
22145 38508
4431 12929
66148 14291
4832 6824
97049 4782
40663 66937
93717 98745
58557 92543
46100 28300
85074 81729
68636 10416
25944 20766
4902 36870
23969 30984
6012 68665
89454 22550
82145 23416
72520 12929
19662 39432
3066 17669
53435 18166
5925 46635
80742 75972
7763 20928
80326 71562
91392 35277
443 97019
19662 54626
53931 56822
65221 30161
85884 65847
69189 91795
96543 67767
67711 51298
93872 47402
46364 25873
34974 36457
87298 20843
82039 25063
10108 30094
6051 51760
18355 67757
75076 33148
26562 78057
1362 28703
51298 710
28180 27292
5982 54626
31287 25894
11351 96954
9378 31773
42324 60191
53435 82039
27120 65662
67359 26897
75192 74675
90689 35126
98885 18790
14700 94950
53586 73904
28300 48018
87298 48074
78891 62459
57997 56280
51885 23567
46564 92271
37997 35430
64349 90852
92208 84704
38933 10933
9839 93244
86782 57763
8163 46751
53931 7407
84179 67359
35771 56280
17655 72211
91392 23969
64919 30578
67711 25894
67828 13525
13605 27863
73840 90465
67828 68665
80980 84742
89339 88296
98585 53838
96954 45758
76366 28703
27559 50916
89739 7785
42171 69577
8032 54626
97019 53803
70876 54672
56316 70926
56822 66102
94382 80742
13525 3746
84641 35277
55344 16382
57672 61772
70002 75332
92833 23901
13525 72646
70002 95036
59330 22349
3978 31083
26293 20672
29243 11789
35120 50502
62339 18630
2440 82164
48727 56937
8721 38933
15327 80634
84641 6824
7293 18630
67608 98413
66733 78801
83546 34076
83674 63397
7792 95595
64942 86278
48990 23058
63216 45231
98145 39593
92435 51592
38933 37268
65863 38268
40161 46072
31287 64282
20671 98415
91150 31760
22945 68528
6873 6824
2479 6506
36348 93987
34531 81834
65024 73
21962 12160
60174 78177
34974 6051
8660 83641
29913 98179
49278 8385
6832 74607
17766 61118
22322 75332
30393 49896
45224 2780
68841 67934
9797 79900
92271 87099
64130 40282
53629 82752
83445 77861
86278 14671
39622 83546
2220 75076
79859 45400
52150 31426
79109 94608
33284 20726
13064 83445
92435 98745
68899 73965
87298 21128
92271 16105
20672 32894
9797 93520
67421 70220
96777 6285
43585 8866
18909 39995
76366 70725
13826 25620
44891 16888
31005 56822
67767 22735
90276 39715
90690 63054
2254 93863
70876 29204
94867 89165
30099 26695
13605 41229
6242 65847
87298 7617
53629 56481
45140 16382
19940 56280
20486 5143
22642 88689
14692 69431
77314 48649
36348 44005
46491 97563
2569 6093
45895 68515
78057 22349
90693 67359
74637 4380
17996 34087
97864 88816
16105 25933
36202 92271
67608 34167
91771 90520
93872 25873
6093 94311
34282 7979
42840 43809
7374 6370
50201 80484
83674 48776
8721 58622
10910 54672
84823 45113
33417 25873
1883 41881
55880 40282
91817 21682
83949 38268
45172 52173
12939 14117
56576 48074
60174 32920
216 79365
6596 57957
8385 23058
41308 12929
45094 43707
3066 51189
75192 10054
56423 32030
65414 22735
2464 8743
42171 10108
3978 76585
564 53386
67608 20486
72561 32509
78192 87099
38573 99722
70002 55519
68618 46364
30457 28059
58788 18909
11732 49273
92435 7293
2827 34224
24509 6894
49273 62916
57672 93162
98257 7979
57402 66129
66815 35277
77194 8645
69832 3139
98417 48306
18790 15914
2827 20069
65221 68912
97864 94069
34873 98319
4380 31760
13531 83941
80551 70002
44891 61699
28306 84275
98684 12529
87746 37997
46364 25616
21880 65512
63101 6093
34531 70693
36781 97563
710 86635
2548 50567
437 28059
36781 68528
32438 6012
14692 13010
15688 38031
59330 95595
51189 69431
1135 48306
24122 45172
17113 76465
63216 63054
73102 73
2464 75972
96358 77861
93260 97049
65221 81395
60798 2780
62415 74116
16111 53655
59330 39432
15327 33560
35120 62455
66144 20069
57402 88878
52810 43702
60587 34873
69391 23900
87298 91669
33294 53655
28180 28256
50722 36781
79507 64274
31005 66733
54214 23058
34531 92808
68899 79507
71856 2479
17669 45658
79859 91669
53299 64282
64130 98413
41308 53982
13010 11928
7374 94116
39785 41938
98821 27863
98045 4419
78057 8817
19581 98885
72314 51198
49135 38268
46751 30709
69435 63944
20450 65793
32030 77861
78891 85064
65024 58810
78758 82427
91699 18166
93872 75319
57602 17766
53386 14552
10308 83941
67421 88816
63303 21308
79523 49251
71617 31005
42626 75870
25933 95595
1820 79591
48770 5982
45895 73904
4431 43260
23058 42553
43585 12929
93312 16382
93863 46491
38573 41038
54198 68815
70220 1003
18604 77798
43906 19909
89339 53629
8032 21381
90890 45231
31005 12120
50201 55905
2479 66102
79425 98179
48811 65863
34974 79704
22145 23058
15009 22298
98417 40161
57997 65792
18355 46364
66413 45113
83701 64919
56558 71043
76181 34282
30393 83941
55119 2569
96300 7671
32739 6798
2254 18166
46305 48990
52709 13826
54778 17988
30578 8032
6242 13581
91699 65221
72561 28283
51298 21913
82039 64114
36524 94608
68781 56937
38360 94867
27292 66102
34087 23233
12925 90852
84275 83876
65863 37997
17989 53655
53931 39622
4902 26322
12038 90563
47121 85064
87099 98413
18166 10054
11164 11928
15688 98257
13270 59557
98257 41881
94608 8039
22642 67362
87099 19192
58686 5412
437 7785
52129 86528
30452 52150
57402 83641
34087 39995
83674 24680
97019 49127
46877 91795
36986 27632
24122 66733
68899 33618
91392 83701
6506 92543
11245 13750
69311 25873
66144 24936
64639 42828
90890 70078
88816 98643
9087 23969
57402 10416
78849 19940
78631 45895
7785 67757
4933 83641
40663 52709
84823 66224
31773 56558
18776 97019
48018 55709
20664 24797
98821 71815
36348 20766
87099 31524
79425 7979
20672 77300
92808 53629
4701 54628
11164 52945
47341 42828
65880 25620
8660 95499
72211 43809
31760 95669
57957 2253
33560 88689
132 98319
94867 23986
19940 48415
83628 93520
35606 564
62339 18355
94231 41229
99386 56481
7763 44854
42171 66224
61932 79433
45140 29197
76108 95334
2827 98413
32973 50442
51592 79704
53218 49135
50567 45658
94867 76585
93520 94311
35606 86836
66815 12223
5677 25016
2220 46072
87429 16888
9298 52150
80698 24797
63216 76108
8660 443
9298 37455
25944 34076
29243 46751
42840 77194
64282 79603
63101 30161
47121 52173
25944 18892
50567 83941
37326 44854
44891 23901
50201 58686
42840 25175
52800 91771
65847 33284
53629 6894
77194 5677
86782 53803
30924 28703
17996 82752
98326 27120
9087 83711
78801 14917
62415 90276
99386 19536
17971 79460
91150 76428
18909 83941
45224 79523
7671 12939
83701 56937
8817 90276
86782 36323
13539 45658
79910 27632
46877 93162
89339 39783
77194 61548
9298 30038
49913 7617
7617 66815
5530 45698
40439 94382
80326 77861
31928 49135
37760 28306
20069 18630
37551 1818
36015 13826
59330 35126
36348 31287
27292 65793
30924 34087
9087 48130
96358 67526
12160 57957
34611 82903
45758 3066
65863 39818
89576 8294
67932 36870
61548 53803
72520 53299
22925 78852
6798 11789
37369 39560
39785 86528
13270 71043
70201 39785
23969 38162
21381 41938
30457 99785
51298 19192
97019 16382
3450 32469
63303 69642
66224 30278
80980 56280
57602 77300
21880 32469
74422 88689
34611 79246
30672 83445
38360 56747
1820 97886
55556 13270
36986 96954
48130 75870
79910 31524
26322 33148
38798 32894
19536 32920
18166 32469
98821 78291
35430 73338
70201 24890
82989 20129
6798 65700
42171 4832
69577 24509
20450 53803
68571 4419
73 40282
18604 3243
55025 30278
39818 88689
56580 69450
72561 72646
2620 79900
1883 28623
80029 57583
51885 30924
7785 17669
97864 27632
62346 7293
79591 13525
53629 6894
6832 71815
96954 45895
31773 56558
56937 564
17655 72211
64274 79507
68899 67934
61803 97886
41038 21128
65024 14291
23416 76310
43057 39715
7671 98415
46877 70220
70725 45702
4380 31760
90689 46305
44854 56747
53435 39995
28300 8032
48990 85490
87919 67482
2068 59068
92208 46751
70490 48990
92808 34531
91982 69642
56747 35771
50722 82989
51298 21913
37455 60225
79507 68102
98257 98643
5982 7577
98257 41881
22145 1003
27863 20671
74607 78057
20843 83445
21814 38630
15009 5982
28283 3570
94447 44030
46364 68618
29913 30278
86782 36323
20766 96358
90563 40663
45848 75972
98745 20766
97712 15688
46100 28300
73 73102
85437 96543
2253 13531
79425 7979
23992 32509
79910 47674
21785 98415
36781 50722
57763 86782
31773 79603
55545 85884
46491 21962
51592 30393
8743 64544
53982 41308
45231 40282
23986 4701
98821 27863
710 51298
51189 67482
13534 65880
49251 57997
93872 93792
34859 47674
53629 56558
65860 25616
33618 68899
97864 43057
83641 4933
54672 59710
25616 56937
26562 31287
45698 77194
54778 66125
86176 47402
46072 8676
63054 90690
70490 99336
34087 67711
45231 30578
72382 18630
83941 79611
38162 23969
83451 52173
20843 87298
1883 4380
14117 58557
39715 6242
67711 48770
66148 59557
58426 51198
69837 40439
21962 38508
27559 21682
53931 56822
69686 69642
54198 68815
9298 67362
69832 85798
56280 82427
91795 46877
38360 41607
37760 28306
37702 38360
65198 60798
38162 80698
25016 64942
24122 96954
24890 70201
56580 70241
5925 46635
87298 48074
38268 88992
39593 88657
74637 74116
67359 84179
85177 50567
87746 93260
61803 3450
28703 1362
24509 584
92833 43715
54198 12160
57296 3139
65198 46305
98257 90689
30119 47122
65860 66976
15835 66937
9428 93872
84704 45848
36015 13826
87919 61699
25175 3746
34897 55880
8645 45658
50201 74422
28059 899
28623 69577
4419 98045
13064 42626
82039 25063
67711 65793
14659 55119
65847 6242
27720 25616
61772 41229
36292 19940
79425 10416
7617 77791
49278 21381
41992 47031
38072 17989
33560 15327
84641 66733
8385 13531
38072 65221
74422 12929
804 81049
93162 75192
77955 70201
7184 67283
33419 27292
68899 47674
65863 38268
58796 52129
41308 94069
5982 48770
59330 85244
95334 65863
24936 66144
8660 22925
42788 56316
16888 82989
14204 69311
65198 6242
43044 61803
79433 49127
8039 76585
6285 21814
93520 15688
82628 62415
70712 70490
30119 11928
216 74637
44891 38508
30278 64544
70240 51760
2068 10308
53435 73840
49251 18790
69311 25873
3978 76585
34087 39995
76181 78758
7763 44854
88816 97864
7617 87298
39593 49587
79365 216
76428 81926
32030 78177
95499 1135
76465 28300
90520 72520
72166 10308
52709 40663
67932 9735
99685 90563
99360 46282
8676 85490
52945 11164
7617 66815
37702 84823
8866 8743
8645 89454
86732 12120
79109 60191
59710 7184
81729 85074
21381 95595
90689 18604
67089 56580
64349 95499
56280 35771
8039 94608
1439 44854
93717 98745
2569 3675
78891 89213
7374 34873
17988 11605
33150 12120
63054 94311
29204 68781
75972 13826
79246 34611
73338 53629
2464 41607
69431 89991
89576 8294
8242 96697
23986 10306
67482 28283
68899 73965
13412 84641
34531 81834
29346 21785
82039 53435
13525 68665
43260 4431
4431 98417
79591 33294
71043 56280
65662 27120
36348 13534
55770 36348
43260 12038
55556 13270
21274 9428
66413 53803
21310 20494
21689 90837
55880 46364
20129 82989
76428 91150
64349 90852
39783 38629
86528 57997
49273 62916
79460 11789
70220 26293
4701 54628
69189 21913
30038 9298
56576 36870
80742 59068
21274 57402
41038 38573
17737 72561
98885 91275
11164 49896
39560 69450
17989 53982
12038 43702
16111 53655
53435 18166
48018 19581
57607 77861
65860 54672
39461 26897
11566 63054
92208 81834
8817 50201
46877 56558
41992 80634
16198 78177
91699 51158
97049 21274
99785 30457
46100 77736
26695 79880
87245 36348
73904 53586
94382 51158
8163 46751
15688 38031
69078 77736
53386 17274
36870 21128
93717 87099
20129 57763
57763 85798
37997 35430
74897 17989
45848 4380
94867 76585
65221 68912
26322 15914
36524 58810
39783 89339
90927 29204
59330 95595
94447 38630
83451 21308
94950 81833
5677 20664
27863 93155
86176 62415
92116 34766
90690 19807
73840 44030
68704 45172
44891 48811
21128 6370
42324 26695
62346 8817
51760 6051
28623 21689
27195 41607
79523 64942
72646 48306
97049 4782
49896 52150
25616 48130
46877 11732
24122 79611
49273 56747
84641 6824
21274 9087
91150 6012
56822 35430
29913 15835
8866 41038
23901 44891
80698 84641
12160 65414
99685 76849
91227 45231
89339 77736
31426 6285
216 51885
14671 15688
52810 47121
78057 26562
23901 31005
13750 11245
24797 64100
51298 71598
48811 2220
99722 11851
83546 39622
437 94447
9735 28306
98413 64130
14481 20919
30099 67828
30099 26695
58102 69435
37326 69189
66413 30984
14291 22945
93312 69450
31760 28059
82427 78758
24509 65512
10933 24439
64274 6873
20671 71043
30393 25620
98319 30278
21381 14552
67362 83445
64114 60191
58788 18909
54198 25656
36292 87746
80484 15327
72561 72646
31760 50442
76428 19807
13270 71043
55556 26322
18516 71043
56673 52945
68781 61096
31287 65847
86176 83941
38630 51298
52173 50201
90890 30393
50916 24229
20494 18516
51592 92435
38268 13412
21913 72973
17655 82427
73337 80551
82989 79880
1501 66148
77736 38000
94311 6093
64639 42828
35120 50502
10355 7785
69577 22322
4782 69431
98643 21962
2479 61096
80326 71562
44030 13412
9428 98413
4257 64544
65847 77861
26695 66413
14917 78801
50722 54214
11661 51885
34859 6506
23900 96300
62415 73337
4902 36870
87099 31524
12925 12120
35277 66815
69832 24509
8817 78057
37455 9298
80029 57583
132 79109
9087 48130
37997 65863
79365 64301
83445 13064
35606 564
90563 74116
72561 54672
99722 99360
21308 63303
4419 16198
67858 78958
83674 48776
37702 93872
20671 98415
34282 21381
50916 2780
74637 4380
14692 31928
33796 20450
2254 24229
69189 4701
57672 44214
86278 94410
23969 9087
34859 65512
58788 91528
21814 30094
98179 11245
96553 33796
26293 12929
67283 51592
9378 99685
51885 92208
54672 82989
8721 67934
39785 86528
27720 96553
76108 10416
91699 55344
78291 98821
46072 53218
42171 58426
78631 45895
93260 53838
49278 96954
70002 80551
43809 70490
39818 70490
7184 38798
55025 11605
41607 28584
12929 28256
54778 17988
2569 22945
2464 67711
34766 96358
3243 98821
44030 80538
12994 69391
47402 28256
79910 16105
67421 84742
90276 36202
78177 17766
77861 76310
48306 87429
7293 55692
54626 72211
95334 76108
84731 24890
8242 78852
74607 91699
22837 52945
92743 43057
30984 23969
43057 13531
24890 12929
70490 89339
4902 32920
32920 37369
81049 56060
89165 73338
94447 54672
6012 68665
87919 5982
43044 33284
8660 5143
41721 32739
48990 18909
29133 99602
23058 22145
41607 4467
21381 69450
79900 24936
21962 30578
79246 45027
38573 72973
77314 48649
62415 30278
47963 18630
92271 95334
5530 45698
79603 39593
30161 443
39995 88076
79425 98179
17669 55556
6824 3978
86836 34611
43260 29197
85177 13531
38798 60174
8176 98045
77905 94069
6824 90563
78177 61096
28059 437
72166 19140
62455 59557
93244 43057
69078 65132
18604 3243
80742 13064
13605 13826
27863 13605
48259 86782
77194 42840
79603 55784
16105 62459
19807 84275
19192 25063
83546 48649
35606 78758
66148 80029
564 97864
92730 3243
93872 53838
48811 11928
16382 45140
29346 26897
23058 42553
67757 7785
97049 93260
98415 43057
19375 9378
53982 48416
30709 46751
34087 90837
79910 20069
79460 4832
81049 12939
17274 30119
132 10054
79603 56280
97049 30924
77194 61548
71815 97864
84641 90590
50722 85884
92808 53629
61932 24229
83701 85064
86278 14671
36870 65880
32920 19536
60174 43044
34873 60587
32973 79851
56576 54672
86528 61772
68841 70876
33294 30094
30393 14266
66937 38630
12120 31005
62461 34873
58826 84742
4419 91275
90837 2254
79900 37268
13525 47674
95595 11661
39995 85064
4380 16888
67359 5143
79704 54799
79507 58788
14552 7577
56822 83949
67858 29133
22298 56673
52810 43702
77314 51158
6051 34974
65132 27632
95499 6798
78291 11605
24122 32739
20672 77300
54799 56316
91669 47031
24509 12529
79591 29197
64544 39593
71562 68781
34167 90852
99386 19536
93717 29243
95036 46751
10416 64130
10416 68636
34859 72520
59330 88657
56316 30119
63101 8743
65132 57583
68781 27720
32894 20672
82989 35126
45411 20766
75192 54628
47122 85064
46877 17669
67608 34167
30278 55025
67359 25873
75332 70002
50201 92116
21128 53586
56280 57997
64919 25894
71694 37455
83876 29063
17655 12038
28306 84275
70002 55519
8176 24680
48415 19940
66976 38508
23058 98415
43809 42840
45411 97984
79851 21814
55025 35430
95036 70002
3243 73102
73338 55519
93792 31760
36348 62461
78849 25894
11928 61805
22837 39818
52945 3978
27632 56580
804 80551
93155 92833
48074 28283
36323 17989
41881 13064
87298 53435
60174 52129
90689 35126
98145 19581
7407 68781
23416 98326
83662 89213
19581 98885
8676 78291
584 17989
20069 2827
58557 77791
39818 73259
36524 72382
24936 9428
21962 40439
21310 97019
36348 44005
69311 17971
45140 90690
25944 7792
66937 3243
95669 22145
98585 48416
78973 12929
88878 4431
56580 42634
68781 66937
89739 7785
64639 93244
21381 41938
92743 97950
5677 2827
2780 60798
28402 98257
42828 47341
13270 72382
30924 28703
32894 38798
37268 64282
45094 43707
99785 84823
25933 47121
67828 74675
65793 79109
64100 14659
15688 46305
46491 90927
29204 47122
22550 56576
15009 54626
17655 67932
39461 56558
97984 25016
65700 69577
88816 67421
29204 51760
6873 6824
73338 52800
92271 24439
68912 85490
39432 29913
17971 79460
83941 18909
66125 32469
28283 8385
67767 81459
43906 68899
94382 80742
19940 56280
33417 96358
82427 92435
57763 18166
710 86635
23427 53803
8721 58622
30094 98689
75192 82856
2780 20766
78758 564
34873 28306
56558 72382
58557 92808
33284 89339
69837 19489
91699 65221
75319 34282
17274 72211
22925 79365
48130 8163
37326 79851
59557 56280
3570 93863
48990 30578
12529 93717
88689 22642
56316 33560
93520 7785
97019 62346
30578 50307
41607 55344
31312 89454
2548 98179
89213 85064
58810 65024
87245 19940
84731 13539
33284 8817
71694 88657
46100 47121
25016 74422
74422 24229
24797 20664
88992 70712
55784 46877
61096 82752
44329 46635
87429 94382
69642 98745
9797 11164
88076 92743
64282 94311
77798 75319
93717 2569
80980 30984
21880 53838
46043 2827
84641 77314
3675 63054
38268 82039
66148 14692
29204 84179
70725 32438
10306 98643
30099 9428
68912 67359
44329 50916
17669 34859
61772 57672
97873 65792
10054 70693
45224 88816
2440 82164
95670 97864
48306 1135
41721 70490
45231 90890
35277 79460
84823 45113
19489 17113
1820 79591
9087 33417
37268 27863
67858 68912
5677 79433
74637 85490
92543 58557
46282 20672
16382 85244
19375 85177
564 45411
14204 6506
93872 77798
62459 78891
81926 21682
37455 89739
71043 3897
45758 96954
69832 6824
33148 12120
86176 12994
95036 7577
9378 12659
28623 1883
75332 98257
51582 6242
56280 80980
2569 15327
74675 7785
78801 66733
7671 26293
19489 2068
6051 12925
45094 36870
95096 52129
59330 30094
70201 39785
31928 11605
56280 75192
32030 79851
78891 85064
22145 48727
24192 38076
86825 34167
36870 8385
95334 51885
36457 61772
46282 15327
88689 85437
38360 56747
30672 83445
78852 88992
16382 55344
46305 33419
13525 71815
99785 89997
45895 68515
38573 99722
94069 97864
85490 72211
4701 17989
51189 3066
9797 93520
49273 19140
31524 79910
55709 98257
34611 31287
73840 41308
64349 21962
48306 46072
36457 71265
61699 93244
78192 19140
14266 80326
15914 56423
33148 75076
45895 53386
68899 79507
90693 1883
8294 27259
25175 10328
64942 11661
97049 50201
94950 8163
50442 32438
56822 66102
73337 68781
42324 60191
99722 94116
36202 92271
99336 46305
57296 6824
4431 66102
46282 80538
79704 51592
41308 77905
19662 25933
55119 66224
10355 77300
89576 89991
45231 98689
5143 98585
76181 27491
33560 75343
16198 21274
64544 84641
47402 71856
66125 53982
13605 4868
14671 58426
26897 71212
94382 70876
85064 22322
2194 52150
14700 23231
64919 75870
40262 82628
38360 78849
51158 56316
70876 49273
43260 10355
69189 91795
80742 80538
49273 93520
21310 46100
42626 58826
63101 2479
94116 77194
48018 89739
46751 64114
56481 43715
11164 24439
39560 37369
23058 65499
55119 98689
41229 13605
41607 52800
51298 24890
98885 56937
46282 4902
95595 2780
12223 21880
31312 79910
33148 98821
26293 92116
64282 22550
57997 65792
83941 50567
13010 14692
7617 65792
58796 24192
30393 83941
23058 6012
70490 11732
30457 28059
97864 18909
15914 18790
19662 39432
15835 32894
89576 19581
17669 96954
65880 32973
78801 31426
3570 47031
87746 64130
19807 37369
13010 68515
25933 36348
92271 6012
19031 35430
82427 49896
29133 16198
12939 38717
39818 38629
45231 48727
51760 86836
63216 63054
78973 90520
216 77194
34859 13581
79109 9839
69368 87919
29243 46751
9087 98396
92435 7293
3139 804
14204 46072
62916 64349
68781 56937
21381 40663
7979 73813
96543 8163
61772 91392
80980 64100
45292 30457
89331 92730
10108 13605
43057 96761
3139 69832
68462 69832
47121 77194
53803 97019
51582 64130
79900 9797
62346 47402
2254 18166
72520 6242
47341 87099
77861 83445
49587 10355
53982 56481
20069 36202
42324 82145
10054 75192
11661 23901
19375 67932
2479 66102
68704 91699
3570 51189
23231 38000
8039 32030
80698 24797
16111 78057
17996 34087
10054 53838
73337 76465
26562 58426
34611 82903
39785 41938
22550 57607
38031 93987
89165 7617
5530 68462
73102 45411
98319 34873
65847 99336
44214 67089
3139 34300
24122 12925
49587 49913
53629 82752
42324 45113
18174 48811
70712 50567
41038 81834
53586 6370
3297 85798
93162 51198
92543 6798
35606 4902
64100 44854
86836 21880
19192 69642
82164 4257
14117 30038
32469 3450
75332 2620
31287 64282
86782 5982
66224 28584
90465 73840
39593 98145
92743 22145
66733 64301
9087 80484
27491 32469
45172 52173
18630 19489
89991 18569
26322 33618
78057 62459
68636 43043
79880 72703
57602 82856
26695 82856
93260 57583
19940 78891
32030 56423
14659 30161
94319 32438
39785 34611
33284 77300
10910 95036
78958 52173
23233 20671
48130 75870
73338 31083
8817 3570
73813 39622
68618 45895
43585 1135
40282 73
60225 26695
89339 93872
76181 34282
21814 42828
21381 8032
79109 48018
49278 85244
67283 67858
14291 56822
38508 31083
83701 38162
22322 84742
13534 45698
78849 19940
13064 32030
79523 42840
34531 80484
47674 88816
21913 23233
61118 94231
45848 50502
79851 83876
12038 34766
30099 45094
18174 55770
94311 80980
77955 22550
89339 66413
4257 49278
55119 95595
21880 32469
45400 91699
94867 72166
65662 79460
18516 63944
52800 74637
22145 53386
93717 91771
25873 93872
83876 67283
18604 57607
36292 63101
25656 54626
60174 76366
20450 65198
50567 77905
51189 69431
92543 35277
67608 1883
61932 79433
47674 68618
20766 45224
1003 45400
66125 23567
30578 94319
56316 49278
60587 87746
78758 65221
99360 37326
34087 30924
93260 90852
65700 6012
30119 33796
93244 35606
94867 38360
66815 75192
10933 20486
2068 83445
64942 86278
34859 46305
28584 67362
67526 45094
97049 20928
14552 53386
68571 4419
77905 83445
46100 69832
21689 6370
35430 73338
94116 53586
1003 84641
96777 85064
50307 82164
1818 37551
46043 68571
61096 49913
67767 96543
9735 13826
46043 83941
88076 73102
65793 27292
54214 23058
23901 92833
84275 81729
20494 13270
57997 75332
66976 98643
56316 10308
54626 43057
46491 97563
67526 6873
65863 19662
33150 37551
76366 70725
55025 7763
72561 12160
64544 18630
61805 70926
72211 43809
48130 13270
73337 5412
18355 62339
72520 20450
13525 23986
70002 61118
75343 29133
68462 43585
16198 30984
20671 48639
8039 46751
23416 89576
84275 83876
20664 96954
81395 72561
66937 40663
4706 40161
71815 99602
29133 8176
15009 17766
75332 22322
67828 47341
59330 29063
9797 56937
32469 19940
90590 34167
29063 32469
98202 76366
63944 42553
23969 91392
26562 804
6596 57957
95036 75031
11928 24509
38798 79900
27720 91227
38933 8721
4419 74422
37268 66144
1820 63944
2068 31312
47121 53803
73 14552
23231 25933
35771 93520
32237 48811
69435 34167
79433 66224
95669 76366
62339 10063
59068 20671
12223 30094
48990 23058
57957 69837
87099 19192
20069 38933
50916 31312
64639 19940
29063 48649
31524 61118
2464 75972
31760 91150
75332 45292
32739 36457
3978 37268
75870 80029
13064 21913
61805 18630
8645 77194
43043 25656
88296 89339
13412 8242
76441 56937
37997 87746
98257 60174
21308 51760
64282 53299
60759 28283
73904 38630
42171 10108
73904 48990
76181 13064
18892 75870
98319 132
93520 94311
85884 67828
98257 78177
91669 14659
21880 65512
43057 69832
40439 19489
67089 57583
28584 73813
28300 12160
33284 17989
64114 98145
74607 22322
33419 68528
10306 30393
13064 56481
91392 83701
82752 56280
43906 12223
45400 79859
6203 16888
65662 51885
30457 76310
14917 20919
38798 87298
49135 60587
87429 24122
89739 18776
84179 443
24890 37551
44329 63397
44891 61699
98684 12529
11661 13826
82628 21689
30452 41308
2068 26897
65512 8093
19909 43906
47341 1820
20928 35606
15327 79611
55692 11566
53386 564
54799 41992
57602 70241
79425 7374
23233 89997
4431 12929
584 91982
48415 23233
76441 26322
26322 4902
67359 21913
98684 13826
21128 87298
44214 20928
12939 7671
92271 46564
66144 56580
81459 27259
20766 39461
37997 59557
71598 40282
71694 9428
53931 39622
89331 14291
8163 30924
83949 25656
84823 77300
3066 17669
32920 37268
48727 78849
80742 45400
49273 11732
8032 76849
48990 78291
67526 37702
75031 98413
87245 88296
46282 81459
46100 93717
98684 49135
77861 19536
81834 84179
48776 33419
16382 77314
79109 56580
66976 53838
12251 13534
45658 97008
6832 19909
41308 60225
65414 22735
6894 27885
83662 47674
1135 20766
74897 34076
35771 83662
47674 20664
17669 37326
18630 33417
33417 25873
96697 39461
43702 94410
40161 98417
22837 98745
71856 94950
10306 13534
47122 79771
22349 78057
27559 50916
12529 61548
28703 76366
20069 18630
21880 39783
95036 49251
94608 3897
46364 25873
437 83445
65566 18516
6894 76441
6832 74607
12120 8660
45702 79900
45113 46877
39818 88689
33284 71598
25175 74607
98326 45140
20450 65793
68618 64919
70490 10308
19909 55770
83701 75870
68528 36781
19909 12251
54672 10910
54799 55119
23900 69391
20069 66144
61803 32030
16888 66129
92543 64301
22945 68528
53629 69189
78801 2620
25016 3746
30099 53803
98689 59557
39461 41229
45411 66413
81459 18174
15835 34859
79523 67089
90520 28623
98326 27120
58788 80551
70490 49896
76310 14659
42840 35277
92435 25016
12994 43057
17766 61118
32920 60174
90927 2194
50201 58686
67482 85798
7184 34859
86782 53803
88076 60587
48639 29063
3978 31083
49896 14659
66129 69642
67858 93155
70241 37455
9087 17996
93520 83628
5982 54626
54672 79851
57997 35277
57763 21128
11164 71265
92208 43044
72211 84823
72166 83876
65132 97019
98413 87099
62415 74116
38798 69391
20486 29063
76310 92808
89331 79851
94231 68515
34859 65499
28283 81395
15327 80634
58622 98745
11732 48259
14266 53386
58557 12659
77798 18604
50567 45658
90927 64544
7785 17669
38933 84641
65221 30161
42553 31652
29913 11566
70002 1003
77905 95096
10416 43702
68704 85244
45224 94867
22298 15009
76465 38629
65860 4933
55519 69435
21689 3297
93863 2254
12994 98257
23416 82145
8645 98745
5982 74607
46100 35126
82145 18604
50916 79851
67934 68841
69368 91669
20766 76465
62339 18630
443 97019
58788 10063
24122 66733
63054 74116
70693 62455
91771 89331
61772 55905
47121 87245
17996 67828
45172 87919
2827 98413
65847 85884
10308 55519
79123 35718
6506 21785
91392 35277
84823 15914
6051 48727
26695 25175
57607 75319
5530 91528
87298 48306
31005 42828
42171 69577
1883 41881
94231 45231
30099 8242
30393 49896
67828 68665
22925 78852
90276 46100
25175 50916
91817 66125
94608 60174
49278 8385
22945 8876
17669 45658
38508 24229
91150 73102
18790 98885
93260 11969
97864 58622
65880 98821
24229 55344
57602 77300
91150 32729
34087 23233
77861 32030
50442 32973
61118 56423
72166 20919
64100 48130
78291 79591
95499 8660
2827 19536
42634 20494
45400 65863
46635 22642
65221 78891
67421 32894
65566 97008
66102 27292
36348 804
37455 94231
32469 14117
50201 66102
84704 92208
13534 79460
28256 62339
45094 78958
69189 23231
45758 90689
17737 4706
67283 43707
80714 68636
63101 92808
37268 38933
54672 83451
9839 564
38933 40282
23416 85244
71043 30099
55709 10328
52173 47121
25944 20766
99336 31287
58796 81395
93244 9839
78852 70240
14117 12939
53655 33417
86836 71694
25616 14204
443 79109
54672 70876
22349 94608
50916 36781
24826 25616
96777 89213
36202 7374
78849 31760
49127 64301
40161 46072
65627 55025
77791 79507
66733 31005
39995 18909
45231 22925
69642 54198
67608 20486
47121 10933
63216 45231
29913 46100
67858 91275
54672 12038
48770 84742
76428 57763
47402 22925
5412 85490
90276 8817
39818 65863
87298 4467
5143 33618
2780 18355
65793 41607
57997 31652
10328 37326
65847 33284
69686 98745
66815 50502
38076 79425
12120 70712
48306 53586
6370 7374
67362 87919
23233 13750
45758 77791
12929 43585
1818 34087
62455 87298
48990 89991
51885 79704
70240 95595
27120 69431
53982 14117
50567 32509
91669 52810
16382 9839
96543 65847
36292 31773
62346 65792
31760 39995
14692 69431
91669 43044
34859 36323
77736 46635
37455 91699
34531 91669
4832 42171
7419 75192
3903 79365
70926 24797
93987 35126
72166 88296
17766 33294
34611 78891
11351 96954
5677 66102
94311 32237
28180 27292
13412 8385
25175 47963
14291 5143
91771 90520
57957 2253
75972 89339
22945 66148
49896 16111
98585 53838
31083 45758
19807 66129
64919 30578
22550 89454
13826 59068
95499 21880
89339 53629
38072 41743
76108 37369
9797 67482
1501 6894
10328 45231
45094 28703
28300 4933
66937 35606
88296 80698
80484 50201
73840 67283
6506 67283
20671 58826
39785 710
37702 41721
54799 12529
74422 65198
41607 34766
6824 4832
64130 40282
21308 72973
57672 93162
41229 94231
2569 6093
9298 17766
57583 443
19940 53435
62415 69435
66976 81926
13270 28283
1501 19807
47121 53931
5677 21381
62461 94116
97019 18776
8876 11851
6798 11789
90563 12038
88878 73102
48811 65863
7299 46282
32973 21682
84641 35277
9378 3675
6093 25620
49913 46364
82164 96954
32973 79704
40439 4467
98684 29063
8743 86782
79109 14481
31773 82427
72520 53299
92743 78291
76181 68528
76310 4706
28256 28180
45400 23969
94231 19140
68571 3450
27863 49278
21308 58622
84823 66224
42634 19909
13750 31312
6506 2479
69450 56580
21880 24680
83941 10308
26897 42840
55905 50201
66733 33796
45658 38933
49896 45698
22642 86635
58557 44214
32973 49273
88816 24826
25894 95670
83701 56937
75076 2220
19031 78758
92116 48416
2827 55556
45758 79109
72211 39593
14552 27863
24439 91699
54198 70490
44891 48990
69577 34224
79523 42828
63397 83674
13826 52709
21274 10108
46364 18355
96697 56423
94608 79109
28703 34974
9428 61932
49135 38268
10306 68528
43585 45224
83711 71815
39715 31005
28180 80484
70490 49251
66144 21310
18166 91699
47031 20494
59068 78192
45172 24122
41308 18604
95499 45140
27632 97864
70693 34531
81395 65221
68665 57763
2253 89997
6506 67359
85798 84641
54626 8032
43906 53982
6051 54628
49587 86176
77861 42840
80551 69642
13605 56822
48649 69832
12994 76428
32438 6012
51885 23567
51885 67858
52709 90852
20766 11566
90689 8242
2827 5925
66148 14291
70259 13525
5143 16382
93162 42788
30119 66733
79859 91669
67608 53931
32894 30924
88689 63303
30457 90689
5982 18790
23427 74607
98413 67608
14204 67934
43044 5677
70693 64114
41992 17989
72166 99722
80538 18892
23900 83701
69368 97008
8660 4933
23986 62415
39995 10308
96553 11789
71562 74897
67767 60798
17996 82752
47674 51158
70078 10063
70078 47121
99602 36202
8817 38000
83876 89991
62455 64349
35771 80326
65792 53435
6506 23992
46364 80714
76465 66815
3297 98202
98417 94867
78801 24509
52810 8817
46072 97049
93987 36348
62459 79880
49278 38072
90689 72314
86836 35606
4902 25873
45411 57830
84275 23969
30094 10108
13525 67828
22550 18166
27195 66210
12939 69577
56316 70926
61772 39783
87429 11732
71815 98821
43702 20919
80698 44214
72561 32509
9839 32920
17988 25063
18174 69189
94069 52709
70002 46043
77791 28623
32920 76441
73 51885
65024 54672
85437 10910
62415 50916
80742 75972
47341 92435
19581 73338
73826 47402
4467 51189
67767 83876
18516 25063
60759 98179
2479 41881
31005 14659
68912 78177
72520 12929
25616 437
12659 72646
81834 41881
48727 62415
72314 4832
2569 16111
91669 87298
64942 43715
12223 75031
80326 77861
82145 92808
88878 66125
13064 24936
86782 46364
85884 45224
74422 88689
584 13826
7785 5677
89991 4902
7785 75031
9797 10355
92435 98745
96761 46043
3297 86782
31760 68899
93987 52129
75870 44854
20928 36870
6242 29913
33796 86176
48306 98417
49135 65863
70693 3978
79910 45848
79523 63054
55784 30094
81834 8093
61699 30393
26695 44214
68571 19489
12925 56822
4933 93863
66733 54626
88878 57402
89576 38933
59557 59330
6798 32739
67757 11605
20843 88296
98257 7979
33560 81834
34282 90690
64130 75319
59710 62916
7785 437
68618 69686
45140 8866
22837 4431
6798 65700
11351 62198
4832 83641
98396 88689
94608 5982
55545 65499
77194 5677
53218 97008
98319 63054
13525 3746
90563 80980
96358 67526
36986 45113
13605 31287
15327 94069
94319 65627
55880 13064
32920 58686
20664 38031
21682 91817
31524 72166
18892 25944
90520 67711
64349 17766
12160 57957
55880 84641
45702 57830
88816 4380
54672 37997
48130 57583
96761 7184
76849 14671
53803 20450
66815 12223
10063 38000
25656 437
48990 30161
69642 63397
82628 85437
8743 12160
28256 45411
30094 81834
34224 69832
80980 84742
62346 47341
93260 46491
30161 63101
25933 16105
14204 48306
79603 64282
7407 53931
18355 76441
16888 28256
27292 78891
26562 98202
36524 38000
89331 2220
52709 6912
34897 32729
6798 64130
60174 24229
6873 35120
18166 32469
8242 13581
56673 11969
80980 98396
18516 16105
11245 25063
98257 15688
55709 34300
67421 89331
98202 93162
22837 96697
34897 8866
66733 94319
13826 98396
67089 54360
30452 52150
5530 85064
78192 75332
57830 67767
96358 77861
22145 38508
88816 87099
47121 21913
89165 94867
75972 94231
73965 20069
58810 50722
54799 30278
98045 59557
52129 71694
27632 79910
73 65024
27720 42828
91795 4467
70240 99336
62459 80742
27120 39593
40663 12038
98684 56937
53803 99785
49127 98415
20766 78631
17766 48811
70876 29204
78801 22925
51158 93520
72973 97712
67757 30578
96553 78177
45658 90276
96697 69431
30119 17989
71043 71856
42324 45231
38717 98821
57402 83641
28623 68781
1501 7419
70240 75332
26897 65024
31760 95669
40282 55880
45848 51760
45698 24509
27885 18166
72211 71856
28584 53299
98585 54628
77798 71043
65132 3570
91392 79603
24680 48259
80028 89576
12994 94116
32739 21785
31652 48259
98045 9735
98257 6912
93872 75319
14700 89339
66224 41607
31287 36348
21682 75192
89339 66815
88689 52150
17113 49251
22735 30457
71043 16888
45411 21689
88657 43260
80538 28256
52709 1439
72314 83876
63054 82427
11928 53586
20664 39560
94608 63397
94116 91528
93987 68528
31773 64282
53655 33294
70240 73840
8242 24229
66413 45113
64639 18569
11928 13010
45224 52709
30672 92116
83641 8660
32920 94319
67359 90693
80484 76849
22550 53299
2253 90590
56558 82856
86278 68636
64114 30393
21962 92833
57402 56580
20129 22837
59330 35126
72314 18166
31287 25894
89739 65024
79704 34974
76441 69450
56937 48727
90890 70078
69078 52945
18516 7792
36292 6285
54672 79704
65792 75972
53803 61548
3570 68618
51158 19909
1003 70220
38798 45027
51298 67711
45224 79523
16105 79425
22349 59330
71617 31005
91699 32920
89991 70693
7374 29204
79851 45848
90852 12925
67421 70220
22642 67362
81459 68841
97712 7785
92271 87099
70259 24936
30038 30393
26897 67359
81459 41938
82989 70490
57672 13010
98319 38798
34897 97008
8866 43585
42626 75870
66413 55025
48074 18604
96358 5412
93872 85884
38268 24229
79910 18604
38031 3746
36323 12939
98257 37268
8817 84704
44005 7792
97563 6894
64100 19489
21381 75332
89576 19940
13531 46364
88816 98643
38717 86635
86278 98326
98684 81833
65566 12939
42324 20494
60798 35718
62455 96954
24797 62198
56937 47402
72703 34076
67757 18355
56822 31005
72646 13525
69577 13412
7785 89165
81459 8866
23416 72211
98396 95036
36457 34974
74637 21962
83445 11164
81186 32973
5412 69450
93260 48811
46491 93863
34076 97886
31083 90693
22145 67421
97873 81186
4419 15688
20766 62346
76849 14291
36986 53629
61548 71694
96300 53838
87429 16888
55880 68815
19909 78631
66815 94950
12120 28703
53386 63101
36348 1362
6285 46043
78758 12223
30393 79507
29243 87099
20726 66937
56822 85064
78192 69450
45140 29197
11789 29243
88296 32920
42840 45702
19581 64919
91771 64301
52810 8032
97049 88992
69431 40663
80326 32469
8660 443
93155 21689
93872 65566
7407 50201
58826 49913
11164 94116
13064 66144
91982 67711
28300 37551
95036 92833
21308 28059
51198 72314
76366 19909
48074 56576
13605 18790
97008 38629
80484 45848
12529 67858
39432 86176
10054 30161
52810 47031
32920 56822
61805 29197
8032 30578
66224 30278
60798 62198
41938 67421
67932 65132
10054 18166
94410 14671
54198 61699
4902 55770
77736 28256
85884 96777
3903 13534
91227 60191
74637 16111
83451 98417
53982 98417
38508 29346
97563 36781
43044 47402
94867 23986
1883 55344
2220 50502
65566 8660
15914 80326
41308 12929
61772 63054
46491 37997
48415 3297
82164 47031
7173 65860
54626 67828
7763 24192
69686 55344
60587 22145
45702 19536
50567 17655
67283 38798
50307 22735
21308 12659
12529 4868
89739 23231
92730 56673
41607 18355
69837 56316
64919 83701
19031 8294
3746 48776
98417 75332
14917 2440
38031 34611
50442 64274
13826 25620
54626 19662
43585 56747
13525 60225
88689 30984
31083 98202
2464 85074
57402 27259
92271 18569
55344 91275
76366 36292
36986 27632
19489 20494
22925 46364
25175 42840
5677 26897
19192 51298
41229 34897
43702 98417
36986 26322
57402 10416
21962 79880
2569 95595
90690 52810
6203 92743
7979 55692
12994 39560
71043 56558
26293 39995
68841 34766
6506 92543
38268 83949
30984 80484
899 27292
45658 29133
11164 24509
39432 7617
27885 80326
62461 36323
87298 5412
24509 73337
62461 3978
38717 8743
14659 2253
94867 43585
85244 81926
1362 31005
29204 72166
6824 98257
75076 57830
99602 83641
90590 56280
6832 58426
29243 8817
68636 77194
4832 94447
28306 67526
93260 56423
53982 19192
77300 12038
55784 68636
14917 49278
82856 6798
53629 32030
41607 13531
40439 94382
90276 62415
96300 7671
13064 50916
94231 23900
89576 61932
8743 23058
77736 42171
7184 67482
69431 68912
82145 68704
24122 72382
96697 75031
90590 93863
80714 68618
28283 72561
47402 11969
21310 20766
12251 37551
22349 21274
21128 65860
31312 1362
2569 55119
9298 52150
41038 38268
6798 75192
66224 67711
79365 39593
8743 2464
65512 23992
13270 59557
27720 29913
20671 59557
28703 31773
25616 34531
37997 37326
54360 37326
33284 20726
97019 16382
43715 38630
21962 12160
56280 12120
33618 19375
49913 7617
17113 68636
63944 69435
25873 1362
38629 96954
91982 95036
75031 54198
24509 69577
34873 91150
94382 35277
79591 62346
1308 25616
53586 13539
53629 56481
27559 52810
32973 43707
98045 28283
9735 44214
15009 48259
69311 13750
64130 48990
67932 36870
42828 64301
98415 12939
8676 38268
564 48811
90890 2220
66733 68912
46364 25616
67828 64349
62916 10063
13826 79109
20928 7763
28059 38360
87919 79507
58686 28300
22735 21814
63303 69642
64274 73338
21308 12251
79880 7374
6242 13581
32438 42553
49251 79523
85437 65414
89739 32729
35606 53299
32509 97049
3675 79425
14671 65512
4257 97563
45895 6051
49135 53218
12223 17989
16382 79910
27720 88689
85884 54360
9428 30578
1883 95670
67767 22735
89454 93244
6051 19581
10108 43057
38000 51592
71598 50502
52800 91771
73904 78958
58557 63397
30099 20494
12925 6012
9428 8743
2440 4701
25016 5677
69431 72646
30924 10054
53655 17989
53838 65024
24680 83674
60587 72973
22298 18569
49135 31928
68899 2194
96553 52800
46877 93162
67526 54360
38076 80980
45027 19662
51592 37369
13750 55519
90520 3243
41607 45698
34224 2827
46072 33294
83546 72646
20766 67608
33618 38717
53931 70002
59557 16105
34859 31083
39432 98396
1308 1501
28256 67089
8817 98145
11789 6012
44854 37326
75192 11969
68636 21785
28703 14117
66815 50307
49127 97019
77791 43044
66937 6506
68571 43707
26897 61118
45094 98643
65847 74897
38000 1820
2548 50567
91528 27120
82164 45658
48018 55709
37702 3450
26897 22145
65662 50307
7299 80742
61772 34859
27195 54626
45113 48259
71694 83628
38031 8163
10328 89739
25063 38360
68912 78631
18790 35718
70725 17655
62346 98257
55025 79365
60587 78057
92208 79460
54799 92808
20664 9378
27632 78057
76849 46043
77194 804
31005 92743
90563 69642
71598 70490
95595 7792
48259 59710
20671 83445
12659 68841
99602 52800
2780 45224
72520 66413
62455 35120
5530 94231
55344 50307
71212 62459
91699 97049
95499 62461
51885 30924
31083 3675
70876 58102
34974 7419
44005 40262
88992 63397
79109 55119
18892 95096
67757 51189
8876 58622
82164 36986
60225 87099
16382 41308
41229 33618
7419 15688
75343 7671
7293 18630
79460 43057
66413 55119
19909 28300
8039 8876
19581 55545
27863 68841
6093 63101
3903 41038
4902 8721
54799 46305
60174 3450
3675 78291
29913 98179
90927 43044
30393 11566
20766 36348
13581 23058
36348 72314
83628 73102
73337 58426
11851 53218
96777 6285
6798 23901
2548 85884
67828 43260
57602 52129
3570 7299
87298 86528
6824 80714
81833 58788
25944 90693
67359 58826
46043 67608
78801 9087
32729 55025
93312 53386
48018 28300
39432 59330
44891 16888
41938 45231
79591 10308
58788 44854
76428 58796
79246 45292
87298 13581
27632 4257
2569 93872
24936 19489
78801 23900
96543 93717
17989 34300
94950 14700
48770 89739
49913 36015
71265 78057
83711 11605
22642 46877
69686 21880
84641 21128
85244 53629
94867 77314
33560 92208
94447 53931
97019 77955
96697 71043
42171 65880
14692 58686
36870 9735
78291 53982
48306 67089
28300 24680
25873 71562
33560 88689
32030 46072
57402 33294
2194 7407
52945 18909
70712 53629
23992 26322
32469 91392
33148 26322
71562 7792
36292 67767
31005 53586
35771 42553
50567 7785
79365 94116
36524 94608
34076 25944
41992 82856
73904 45895
79771 81459
71856 2479
69391 68665
67089 58557
12659 98643
41607 49135
63303 76108
31760 5412
65414 34076
10063 79591
14671 82628
32729 51298
75332 4902
67711 25894
84742 76465
1362 22550
38162 56481
98319 8294
9298 82427
7173 30452
72646 25175
13531 4431
55709 5925
23900 50502
18166 75343
8645 37702
81729 86278
31773 9378
69368 65024
93312 30984
9797 97950
23058 8385
26293 20672
16382 11969
6093 97563
40161 30709
67283 87429
47402 93872
26293 69642
34076 83546
81834 64130
53629 31652
98684 64639
2068 25873
21128 53629
5143 20486
98585 78852
73259 57830
2548 14204
83674 24439
5925 45848
38000 17766
55905 76181
66129 57402
23992 30094
69686 74675
3450 22322
56481 99386
76465 17113
91771 64100
83546 94116
6894 24509
216 56580
89331 68102
18892 80714
8676 58788
80634 57583
8242 11566
51592 4431
39783 65662
91817 34859
27259 11661
36870 48074
72703 87919
10910 70876
66733 65792
13525 94231
2254 38000
75319 85074
68912 96761
2620 79900
45658 13539
12939 92271
5143 7293
13534 87298
7184 20672
49127 36323
64919 83628
78177 60174
43043 85064
82039 64114
19375 38268
21913 16382
6051 82628
47121 85064
60225 96553
87746 80551
83711 9087
87245 90563
63216 76108
47402 3978
89576 89213
11245 92271
29243 8163
19375 29063
58686 5412
45411 42626
29197 8866
3066 45758
46491 85798
87919 4832
32509 85074
4868 55119
24890 75332
36015 70712
37268 78631
34974 90852
66976 46043
57830 56747
92730 56580
11661 36348
85244 22735
93312 16382
46305 48990
3450 20450
11164 11928
1308 96777
90563 21913
77905 57997
21913 30161
45758 7979
82628 19909
50502 85884
23901 18790
92116 89991
45224 69642
10933 38933
32894 71043
93155 30984
68841 13010
10355 96761
18355 89576
13531 83941
16105 92271
2220 46072
62916 78852
88296 28402
65792 35277
90276 39715
25933 95595
87099 78192
31426 52150
52129 86528
53629 8242
20129 93312
91982 46491
25620 65880
10355 69368
24229 11566
46072 21310
64301 98643
64301 24192
6873 19375
79611 85437
19807 1308
45411 8385
19581 45027
28256 3903
25873 97008
20671 53435
99602 17971
57602 17766
49273 58622
51189 56580
70926 13581
74675 75192
36986 96954
36986 26562
1820 97886
72211 50916
94116 7374
66224 42171
45698 20671
56937 79507
75870 4902
34282 7979
93872 24229
26562 7763
