30 30
54 91 91 11 98 50 73 63 76 45 12 89 58 2 46 30 87 24 10 97 2 92 75 23 50 90 84 28 13 11 
1 8
1 10
1 17
1 28
3 16
4 7
4 25
5 23
6 10
6 12
7 11
7 25
8 10
8 29
9 10
10 16
10 17
12 18
12 24
14 22
15 16
16 19
17 26
18 26
19 29
19 30
20 25
20 27
21 25
24 30
500
1 22 61
1 23 58
2 11 10
18 1 42
16 19 68
11 7 34
28 25 98
26 21 15
3 9 3
18 4 88
13 4 22
25 26 5
15 28 4
13 15 27
3 30 87
4 3 97
24 30 53
4 25 73
23 27 91
4 7 10
19 19 76
16 5 33
6 19 49
5 23 99
27 17 88
30 20 91
8 13 27
3 8 46
18 1 30
12 26 30
30 14 100
30 30 2
17 27 88
1 1 66
21 20 77
3 11 84
17 18 20
22 13 78
21 30 73
9 3 6
2 3 59
14 24 56
21 2 97
17 24 84
28 6 43
17 1 54
3 9 18
16 1 84
7 13 22
19 21 21
27 23 87
19 28 96
23 18 77
2 27 77
25 16 95
7 2 12
29 26 20
30 12 44
14 10 25
11 28 93
10 25 76
4 5 68
12 27 74
22 20 76
16 14 40
8 20 39
30 18 58
1 10 13
23 15 79
28 25 27
16 4 60
25 7 32
2 19 100
26 2 60
8 9 91
5 17 34
3 16 40
18 8 28
15 1 78
12 20 10
29 5 42
18 30 60
3 1 55
7 18 3
30 17 81
14 21 82
2 15 14
8 2 97
22 8 71
13 12 60
27 10 54
7 20 29
16 14 48
4 20 84
24 19 13
14 25 69
28 26 89
19 25 28
10 9 99
1 21 77
12 9 86
11 8 84
17 15 99
7 18 34
14 3 44
7 16 15
20 5 82
9 16 83
29 25 41
27 26 37
28 29 73
9 9 95
8 17 58
21 23 14
24 6 62
7 4 85
14 23 62
8 23 5
27 21 7
24 10 39
3 7 59
21 15 20
15 23 46
16 5 86
26 28 20
8 26 59
28 1 70
15 9 41
16 27 97
4 21 35
17 15 33
12 5 69
15 12 29
26 19 10
21 14 41
13 13 67
16 3 97
25 17 13
4 24 94
26 28 79
26 6 3
25 18 38
9 24 74
28 20 71
30 2 39
14 15 34
1 30 45
10 17 29
28 20 89
4 7 27
30 25 78
10 11 5
17 11 20
5 9 67
11 30 32
22 13 31
16 5 20
3 15 66
7 4 8
26 29 40
4 28 97
17 29 6
10 8 38
26 4 19
1 15 52
7 28 83
20 5 70
2 8 13
30 6 22
1 23 86
9 26 84
3 12 18
8 13 22
23 8 67
8 8 25
22 7 30
11 18 16
5 19 24
4 10 83
29 10 78
21 11 32
3 13 24
13 20 54
30 12 39
12 11 46
9 3 2
25 5 37
7 1 68
19 27 60
5 25 20
14 7 84
17 9 48
24 21 17
6 12 23
25 24 85
13 2 52
30 18 5
11 16 12
25 4 83
17 9 39
11 22 63
15 8 37
24 24 78
22 29 6
1 15 83
21 27 34
27 26 85
16 29 52
27 15 56
4 1 76
5 4 88
4 10 21
12 3 98
3 24 70
13 17 73
8 29 53
26 26 7
1 3 71
21 29 10
7 24 81
9 20 6
24 23 61
17 27 100
24 29 31
22 3 77
3 2 22
3 27 12
13 19 53
28 9 52
20 16 90
4 16 4
21 10 51
17 18 69
8 11 37
15 24 52
15 19 98
6 13 5
14 25 56
2 23 3
2 4 97
3 29 16
15 19 41
12 27 94
4 27 70
17 11 34
1 17 61
9 15 2
12 28 59
26 30 4
18 1 41
9 26 51
23 2 34
1 13 50
25 9 97
30 25 5
21 17 43
29 25 36
12 29 91
28 24 58
27 3 88
22 11 66
6 25 93
1 25 21
22 20 14
9 11 8
28 23 50
3 14 41
23 25 79
10 22 24
18 11 69
18 24 14
6 21 72
25 21 79
18 12 30
28 12 90
23 9 94
27 4 99
4 26 10
30 27 77
12 6 7
17 15 37
3 20 19
5 6 81
23 24 73
23 13 90
3 27 36
27 24 48
5 19 62
7 18 68
14 21 25
2 8 15
4 2 3
19 6 80
3 20 65
20 12 71
18 14 99
17 11 2
19 7 14
8 5 14
23 18 26
13 11 13
10 7 89
26 25 23
9 19 90
16 8 21
26 18 98
3 4 21
3 15 79
13 22 86
11 15 15
21 19 70
30 28 86
10 15 84
25 24 39
21 9 24
7 26 29
29 29 84
22 23 38
14 6 46
17 8 76
30 20 52
16 19 84
7 28 74
23 14 98
20 4 25
24 3 16
15 23 74
23 14 96
16 19 93
30 6 79
20 27 74
20 12 87
18 19 7
23 3 51
20 22 13
26 7 4
19 13 26
2 6 94
15 13 89
26 12 94
5 23 21
4 12 37
12 22 31
18 14 79
28 3 24
4 20 84
12 30 86
12 1 14
10 8 2
4 25 92
3 29 63
20 24 60
19 6 69
28 23 59
2 12 32
27 8 6
20 19 94
18 23 73
21 2 33
6 27 69
24 29 57
26 10 68
2 21 88
6 10 21
16 11 16
20 29 83
13 19 24
6 28 64
22 19 93
6 16 2
23 2 79
22 27 45
14 28 35
20 26 74
1 3 43
24 22 59
24 26 6
5 24 67
29 15 53
25 12 65
8 26 93
12 17 97
25 1 37
28 12 77
2 12 74
25 6 60
9 21 38
2 17 97
23 16 10
2 2 6
19 9 53
14 12 4
28 6 28
2 3 7
30 5 64
1 21 10
14 21 27
15 15 38
9 7 3
17 1 16
29 19 73
14 24 55
29 14 3
23 15 49
11 6 68
19 28 95
16 12 92
12 18 58
16 27 56
27 13 41
17 11 72
29 16 43
23 15 48
1 29 24
25 9 44
23 20 81
11 5 93
20 8 17
5 15 46
27 11 87
10 19 44
4 18 67
13 10 58
5 2 42
3 26 24
6 18 67
7 21 76
3 2 75
25 7 100
4 25 53
18 26 43
5 21 45
29 3 7
7 7 31
5 9 63
25 15 70
5 13 45
19 16 76
24 2 20
14 27 30
15 7 47
26 3 35
16 1 41
7 29 8
22 25 59
3 19 35
15 23 15
25 3 91
28 27 78
30 10 21
25 16 97
8 3 54
12 10 52
10 9 50
22 30 86
5 24 81
2 8 5
4 24 23
12 14 16
6 5 78
4 21 61
22 21 8
12 24 59
24 3 17
12 24 12
16 21 5
8 14 62
15 17 26
25 21 70
30 26 14
29 21 83
14 4 22
15 7 63
3 30 47
14 11 77
24 18 13
19 25 84
22 2 5
3 26 65
26 17 43
24 16 55
4 21 97
12 5 17
5 29 67
30 12 93
18 27 80
19 16 7
3 29 74
25 1 6
8 19 13
29 4 71
11 7 41
17 10 30
30 14 90
3 13 39
17 22 87
17 2 36
4 4 43
22 29 33
27 28 75
