300 3000
9019 1930 9022 1238 6051 2965 9237 8402 2618 1434 865 2321 2878 8366 7857 6680 6571 706 6869 1895 7237 665 1615 5125 4621 7886 5670 1778 5537 2635 8220 907 916 3593 2144 6966 6558 1380 1719 5527 2813 2583 7847 2042 7301 2055 5074 3871 2760 8294 5765 9997 8958 3731 5121 3578 1617 7142 1707 3505 6128 9926 764 7043 3519 2907 360 6428 639 2079 1954 3451 1013 6152 1845 8313 4559 3270 2183 7318 1563 4300 3666 6872 4382 5138 6802 2350 2280 8508 2207 8407 4786 2970 5450 8304 5876 5809 1083 2866 4239 9388 2669 1604 1891 4513 9916 6449 7782 8451 3767 5696 9102 7432 8919 3483 2570 2072 5833 1201 580 8039 9607 5365 7360 1408 20 3235 3569 7454 2453 4159 3193 5121 5762 5083 9633 2030 1532 3766 6832 1650 5813 5933 5433 4731 5767 4354 6803 1599 5554 3734 5989 1513 5450 3348 9272 1821 2935 9192 9274 5387 3351 2466 507 9112 7548 6491 1141 5431 6608 7972 3432 2420 256 8865 3502 6023 9570 6656 3973 1476 389 9962 9340 5838 9661 8611 7658 8947 7803 3283 685 1153 5748 1191 6616 9648 4033 4109 1430 640 8432 4862 9411 8688 78 2913 4710 9647 9568 8682 1122 6309 4995 461 2146 1008 5424 6156 9954 3226 9438 639 730 1538 8181 3697 7537 8566 7805 8966 9205 2589 179 4968 1276 256 7880 2337 9903 3799 7370 7376 107 2365 4189 8605 9724 9612 4760 9677 9189 549 6667 6270 2086 1200 9966 9622 9765 4123 4940 5321 6711 5118 6640 7986 1726 4519 6674 7980 4670 4043 5355 4776 6407 9543 3380 2482 9154 4491 2159 4694 5040 5177 963 3477 2728 7281 3099 8844 1403 4390 4165 8113 9507 804 2450 7584 
1 11
1 24
1 31
1 50
1 101
1 110
1 136
1 155
1 162
1 194
1 208
1 247
1 259
1 275
1 278
1 279
1 292
2 9
2 27
2 42
2 43
2 53
2 61
2 112
2 113
2 118
2 136
2 163
2 182
2 183
2 197
2 218
2 223
2 232
2 258
2 285
2 287
2 291
3 8
3 37
3 54
3 58
3 73
3 90
3 95
3 107
3 112
3 113
3 118
3 124
3 137
3 142
3 162
3 192
3 215
3 221
3 222
3 237
3 243
3 262
3 293
4 16
4 20
4 27
4 33
4 46
4 52
4 78
4 112
4 147
4 151
4 154
4 170
4 219
4 259
4 274
4 294
4 297
4 300
5 6
5 20
5 29
5 42
5 76
5 115
5 134
5 139
5 177
5 185
5 186
5 187
5 214
5 229
5 258
5 260
5 264
6 18
6 32
6 68
6 71
6 102
6 119
6 121
6 128
6 129
6 168
6 179
6 185
6 210
6 216
6 231
6 246
6 249
6 269
6 271
6 274
6 288
6 299
7 24
7 31
7 68
7 99
7 160
7 202
7 205
7 206
7 213
7 227
7 230
7 235
7 258
7 282
7 287
7 300
8 15
8 31
8 46
8 48
8 49
8 56
8 57
8 59
8 60
8 95
8 97
8 98
8 103
8 110
8 135
8 139
8 168
8 178
8 204
8 235
8 258
8 271
9 12
9 17
9 37
9 100
9 111
9 116
9 124
9 125
9 131
9 141
9 145
9 148
9 153
9 163
9 166
9 181
9 190
9 198
9 208
9 211
9 218
9 240
9 247
9 253
9 263
9 266
9 297
10 14
10 28
10 45
10 67
10 75
10 91
10 97
10 100
10 103
10 126
10 127
10 142
10 151
10 180
10 210
10 213
10 241
10 264
10 270
10 285
11 59
11 65
11 70
11 83
11 84
11 95
11 106
11 109
11 149
11 170
11 180
11 181
11 183
11 184
11 199
11 202
11 220
11 245
11 294
12 57
12 105
12 106
12 130
12 156
12 171
12 179
12 180
12 199
12 204
12 222
12 231
12 288
13 14
13 15
13 38
13 51
13 79
13 148
13 153
13 159
13 169
13 191
13 212
13 214
13 237
13 249
13 255
13 271
14 21
14 24
14 34
14 59
14 74
14 88
14 89
14 112
14 136
14 143
14 146
14 151
14 183
14 185
14 189
14 191
14 236
14 244
14 266
14 269
14 291
14 293
15 37
15 53
15 54
15 80
15 83
15 98
15 102
15 111
15 129
15 180
15 188
15 193
15 204
15 212
15 220
15 253
15 268
15 270
15 277
15 286
15 291
16 25
16 49
16 77
16 83
16 90
16 93
16 140
16 176
16 189
16 240
16 246
16 270
16 278
16 283
17 36
17 45
17 60
17 71
17 91
17 103
17 105
17 112
17 130
17 144
17 147
17 160
17 162
17 165
17 166
17 168
17 175
17 176
17 195
17 198
17 199
17 200
17 201
17 207
17 215
17 229
17 231
17 243
17 264
17 297
18 21
18 49
18 57
18 67
18 74
18 81
18 88
18 117
18 132
18 145
18 148
18 149
18 187
18 248
18 264
18 266
18 270
18 282
18 287
18 298
19 33
19 45
19 47
19 75
19 90
19 102
19 148
19 155
19 159
19 179
19 200
19 250
19 273
19 274
19 285
19 298
20 55
20 62
20 87
20 91
20 95
20 101
20 105
20 106
20 127
20 138
20 169
20 221
20 226
20 247
20 248
20 261
20 269
20 284
20 288
20 290
20 292
21 23
21 45
21 58
21 63
21 66
21 76
21 86
21 90
21 97
21 153
21 170
21 182
21 184
21 199
21 220
21 229
21 250
21 261
21 290
22 28
22 38
22 44
22 78
22 81
22 88
22 91
22 150
22 165
22 199
22 207
22 209
22 237
22 249
22 255
22 256
22 259
22 292
23 41
23 55
23 58
23 62
23 79
23 103
23 106
23 109
23 129
23 132
23 150
23 156
23 165
23 169
23 182
23 187
23 191
23 204
23 206
23 207
23 211
23 215
23 241
23 267
23 268
23 278
24 32
24 33
24 41
24 69
24 71
24 73
24 114
24 122
24 124
24 127
24 158
24 164
24 169
24 173
24 181
24 190
24 209
24 214
24 220
24 224
24 235
24 245
24 254
24 266
24 274
24 286
24 289
24 292
25 28
25 30
25 74
25 79
25 81
25 107
25 123
25 136
25 144
25 147
25 149
25 162
25 163
25 179
25 201
25 211
25 227
25 241
25 251
25 253
25 255
25 261
25 272
25 285
25 291
25 299
26 32
26 40
26 42
26 47
26 51
26 53
26 57
26 80
26 84
26 87
26 91
26 95
26 134
26 135
26 143
26 231
27 41
27 79
27 106
27 127
27 133
27 135
27 150
27 152
27 159
27 187
27 217
27 246
27 248
27 274
27 294
28 29
28 43
28 94
28 102
28 109
28 130
28 147
28 151
28 161
28 162
28 192
28 197
28 202
28 212
28 229
28 232
28 239
28 241
28 281
28 295
29 30
29 60
29 63
29 67
29 70
29 111
29 134
29 138
29 160
29 180
29 191
29 200
29 203
29 229
29 240
29 251
29 257
29 269
29 271
29 292
30 55
30 71
30 73
30 75
30 102
30 104
30 153
30 181
30 189
30 202
30 244
30 248
30 263
30 271
31 47
31 48
31 92
31 117
31 121
31 128
31 142
31 149
31 160
31 164
31 171
31 174
31 176
31 196
31 199
31 200
31 202
31 253
31 271
31 275
31 285
32 34
32 75
32 93
32 121
32 144
32 158
32 167
32 168
32 181
32 182
32 192
32 201
32 209
32 219
32 231
32 239
32 268
32 282
32 287
33 40
33 51
33 68
33 69
33 84
33 93
33 119
33 128
33 145
33 159
33 194
33 206
33 216
33 240
33 244
33 248
33 275
34 42
34 56
34 58
34 78
34 95
34 104
34 111
34 113
34 146
34 167
34 170
34 172
34 178
34 199
34 202
34 266
34 277
34 287
34 293
35 41
35 57
35 63
35 86
35 111
35 113
35 121
35 122
35 148
35 152
35 164
35 168
35 180
35 186
35 206
35 215
35 239
35 263
35 290
35 298
36 40
36 44
36 61
36 63
36 87
36 110
36 150
36 181
36 185
36 197
36 231
36 254
36 255
36 258
36 264
36 269
36 270
36 281
36 282
36 285
36 286
36 293
37 41
37 82
37 84
37 110
37 123
37 137
37 153
37 168
37 191
37 206
37 211
37 225
37 231
37 232
37 239
37 250
37 268
38 42
38 60
38 69
38 80
38 86
38 87
38 106
38 121
38 125
38 137
38 149
38 159
38 164
38 173
38 180
38 187
38 220
38 243
38 282
38 289
39 55
39 58
39 65
39 76
39 84
39 102
39 108
39 111
39 112
39 130
39 132
39 156
39 173
39 177
39 180
39 216
39 239
39 244
39 261
40 46
40 60
40 61
40 96
40 99
40 128
40 140
40 155
40 183
40 189
40 198
40 213
40 217
40 240
40 244
40 268
40 274
40 287
41 44
41 49
41 56
41 105
41 124
41 131
41 151
41 152
41 187
41 192
41 213
41 261
41 263
41 296
42 80
42 84
42 85
42 89
42 99
42 101
42 108
42 114
42 120
42 123
42 127
42 141
42 163
42 204
42 247
42 255
42 263
42 291
43 59
43 63
43 67
43 107
43 114
43 142
43 183
43 188
43 202
43 205
43 213
43 236
43 266
43 281
43 290
43 291
43 296
44 47
44 60
44 63
44 66
44 86
44 101
44 104
44 140
44 151
44 156
44 159
44 169
44 175
44 178
44 192
44 194
44 195
44 204
44 213
44 218
44 246
44 280
44 281
45 47
45 50
45 80
45 84
45 149
45 176
45 189
45 212
45 213
45 237
45 266
45 268
45 286
45 288
45 296
46 70
46 107
46 115
46 120
46 122
46 150
46 161
46 197
46 204
46 224
46 228
46 291
47 58
47 67
47 99
47 101
47 105
47 119
47 137
47 155
47 176
47 193
47 208
47 227
47 265
47 281
47 295
48 76
48 84
48 96
48 104
48 114
48 131
48 134
48 146
48 200
48 202
48 249
48 253
48 258
48 259
49 51
49 72
49 74
49 89
49 96
49 108
49 115
49 139
49 179
49 182
49 197
49 214
49 221
49 249
49 287
49 289
50 75
50 91
50 114
50 119
50 135
50 145
50 160
50 170
50 173
50 203
50 204
50 211
50 215
50 218
50 219
50 251
50 259
50 265
50 270
51 60
51 85
51 86
51 116
51 126
51 127
51 131
51 166
51 174
51 179
51 202
51 221
51 232
51 234
51 243
51 260
51 272
52 57
52 66
52 78
52 100
52 114
52 136
52 143
52 145
52 166
52 197
52 257
52 293
52 296
53 62
53 76
53 82
53 91
53 106
53 111
53 128
53 133
53 139
53 141
53 143
53 146
53 152
53 153
53 155
53 185
53 190
53 205
53 265
53 283
54 57
54 88
54 90
54 95
54 109
54 135
54 161
54 170
54 215
54 256
54 268
54 283
55 80
55 94
55 108
55 109
55 122
55 132
55 134
55 143
55 180
55 200
55 203
55 232
55 240
55 247
55 252
55 264
55 265
55 282
56 61
56 84
56 92
56 133
56 141
56 154
56 169
56 188
56 203
56 226
56 266
56 274
56 282
56 290
56 295
56 297
57 103
57 129
57 133
57 134
57 137
57 143
57 144
57 162
57 165
57 167
57 170
57 223
57 224
57 231
57 236
57 296
58 84
58 131
58 151
58 163
58 175
58 177
58 198
58 206
58 207
58 212
58 247
58 255
58 274
58 279
59 71
59 76
59 78
59 91
59 93
59 119
59 139
59 152
59 202
59 211
59 232
59 244
59 269
59 276
59 283
60 61
60 65
60 127
60 140
60 145
60 149
60 154
60 173
60 190
60 247
60 249
60 297
61 64
61 66
61 80
61 89
61 121
61 123
61 124
61 129
61 132
61 144
61 180
61 192
61 214
61 243
61 247
61 249
61 265
61 267
61 272
61 274
61 297
62 66
62 124
62 167
62 220
62 226
62 236
62 239
62 279
62 294
63 69
63 74
63 84
63 92
63 110
63 129
63 137
63 148
63 152
63 153
63 179
63 189
63 190
63 204
63 206
63 216
63 228
63 230
63 246
64 83
64 97
64 100
64 105
64 107
64 114
64 119
64 125
64 177
64 198
64 201
64 222
64 237
65 78
65 125
65 166
65 174
65 192
65 206
65 208
65 224
65 263
65 293
66 70
66 78
66 81
66 91
66 113
66 121
66 122
66 124
66 132
66 151
66 159
66 178
66 189
66 203
66 228
66 229
66 275
66 280
66 285
67 75
67 98
67 105
67 113
67 114
67 134
67 147
67 162
67 207
67 232
67 245
67 250
67 267
67 280
67 285
67 292
67 299
68 84
68 88
68 134
68 161
68 174
68 178
68 184
68 187
68 191
68 202
68 214
68 246
68 295
68 296
68 298
68 300
69 84
69 88
69 135
69 136
69 143
69 152
69 160
69 180
69 195
69 205
69 221
69 235
69 236
69 244
69 250
69 255
69 265
69 266
69 269
69 298
70 125
70 127
70 129
70 141
70 177
70 195
70 199
70 204
70 243
70 244
70 263
70 272
70 288
70 300
71 81
71 82
71 93
71 97
71 98
71 103
71 109
71 115
71 119
71 126
71 133
71 134
71 141
71 149
71 161
71 190
71 242
71 251
72 94
72 103
72 142
72 165
72 202
72 222
72 223
72 271
72 272
72 275
72 277
72 297
73 86
73 91
73 110
73 127
73 159
73 182
73 209
73 219
73 237
73 268
73 285
74 99
74 102
74 126
74 132
74 137
74 156
74 175
74 178
74 182
74 213
74 231
74 249
74 268
74 278
75 116
75 142
75 165
75 175
75 210
75 233
75 269
75 275
75 299
76 107
76 111
76 161
76 171
76 195
76 229
76 240
76 250
76 270
76 294
76 296
77 84
77 85
77 95
77 126
77 130
77 134
77 137
77 144
77 185
77 190
77 194
77 196
77 199
77 205
77 227
77 230
77 241
77 252
77 253
78 80
78 92
78 101
78 102
78 150
78 169
78 172
78 176
78 185
78 197
78 201
78 207
78 213
78 230
78 237
78 248
78 256
78 259
78 267
78 274
78 276
79 81
79 166
79 173
79 176
79 182
79 198
79 210
79 221
79 267
79 278
80 82
80 86
80 91
80 96
80 122
80 134
80 139
80 141
80 148
80 154
80 162
80 178
80 187
80 197
80 199
80 225
80 227
80 243
80 244
80 251
80 262
81 117
81 127
81 138
81 184
81 190
81 198
81 234
81 243
81 257
81 276
81 285
82 96
82 97
82 98
82 107
82 124
82 129
82 134
82 161
82 163
82 168
82 181
82 196
82 207
82 211
82 214
82 217
82 218
82 234
82 248
82 272
83 110
83 119
83 163
83 176
83 183
83 212
83 214
83 226
83 227
83 235
83 245
83 281
83 284
84 116
84 126
84 134
84 147
84 150
84 171
84 174
84 204
84 212
84 215
84 218
84 230
84 246
84 260
84 278
84 279
84 287
84 290
84 295
85 95
85 116
85 135
85 188
85 190
85 192
85 195
85 242
85 269
85 274
86 87
86 115
86 123
86 127
86 136
86 144
86 150
86 215
86 224
86 226
86 241
86 244
86 251
86 258
86 295
87 88
87 95
87 102
87 104
87 109
87 121
87 130
87 135
87 137
87 145
87 149
87 155
87 176
87 209
87 213
87 226
87 231
87 232
87 245
87 248
87 250
87 259
87 264
87 289
88 93
88 95
88 117
88 122
88 124
88 135
88 150
88 156
88 164
88 166
88 179
88 196
88 213
88 218
88 237
88 259
88 264
88 270
88 280
89 93
89 94
89 99
89 109
89 127
89 128
89 146
89 150
89 152
89 154
89 163
89 166
89 168
89 177
89 215
89 217
89 252
89 265
89 272
89 283
89 289
89 295
89 297
90 105
90 145
90 149
90 185
90 195
90 203
90 208
90 218
90 225
90 227
90 277
90 279
90 282
91 125
91 135
91 137
91 149
91 151
91 157
91 187
91 197
91 202
91 214
91 224
91 245
91 252
91 259
91 263
91 286
91 290
92 117
92 132
92 179
92 202
92 203
92 209
92 212
92 218
92 219
92 230
92 232
92 240
92 260
93 100
93 123
93 130
93 146
93 184
93 189
93 212
93 217
93 260
93 279
93 281
93 283
93 286
93 295
93 297
94 120
94 134
94 139
94 142
94 148
94 152
94 173
94 219
94 238
94 244
94 246
94 258
94 265
94 272
94 282
94 300
95 99
95 125
95 141
95 144
95 178
95 253
95 271
95 272
95 288
95 290
96 120
96 169
96 213
96 230
96 299
97 148
97 149
97 150
97 177
97 186
97 202
97 249
97 251
97 275
97 281
97 296
97 297
98 139
98 146
98 214
98 232
98 252
98 265
98 266
99 102
99 140
99 147
99 150
99 162
99 164
99 166
99 170
99 186
99 197
99 211
99 246
99 254
99 276
100 109
100 126
100 134
100 152
100 173
100 174
100 178
100 226
100 232
100 243
100 245
100 256
100 279
101 105
101 114
101 127
101 136
101 153
101 156
101 167
101 188
101 196
101 202
101 253
101 265
101 268
102 109
102 116
102 119
102 123
102 133
102 134
102 136
102 147
102 157
102 167
102 179
102 206
102 214
102 220
102 236
102 252
102 270
102 276
103 117
103 124
103 139
103 150
103 153
103 158
103 159
103 168
103 212
103 236
103 286
103 292
103 300
104 109
104 118
104 139
104 164
104 167
104 170
104 183
104 209
104 224
104 238
104 252
104 269
104 273
104 283
104 285
104 290
105 110
105 111
105 121
105 122
105 148
105 159
105 161
105 173
105 174
105 178
105 192
105 194
105 208
105 209
105 224
105 231
105 244
105 256
105 271
105 285
105 286
105 295
106 111
106 142
106 158
106 160
106 161
106 179
106 194
106 224
106 231
106 237
106 241
106 267
106 269
106 278
106 281
107 115
107 153
107 193
107 213
107 221
107 225
107 238
107 259
107 263
107 264
107 273
107 296
108 109
108 115
108 128
108 143
108 152
108 153
108 164
108 167
108 198
108 227
108 229
108 240
108 252
108 268
108 277
108 291
109 118
109 125
109 168
109 201
109 215
109 216
109 222
109 249
109 258
109 288
110 123
110 132
110 156
110 181
110 185
110 187
110 215
110 223
110 266
110 272
110 276
110 284
111 121
111 124
111 143
111 163
111 165
111 168
111 209
111 232
111 239
111 289
111 294
112 122
112 142
112 159
112 168
112 169
112 170
112 189
112 203
112 212
112 217
112 282
112 291
112 300
113 138
113 139
113 163
113 164
113 223
113 232
113 273
113 281
113 296
114 123
114 135
114 164
114 187
114 200
114 212
114 217
114 222
114 269
114 283
115 125
115 161
115 170
115 183
115 190
115 202
115 204
115 214
115 215
115 274
115 284
115 285
115 296
116 139
116 175
116 203
116 221
116 231
116 239
116 246
116 249
116 252
116 277
117 129
117 137
117 142
117 154
117 162
117 190
117 197
117 226
117 241
117 270
117 282
117 288
117 292
118 159
118 160
118 185
118 212
118 218
118 246
118 266
119 120
119 130
119 135
119 154
119 167
119 168
119 174
119 179
119 202
119 215
119 219
119 223
119 231
119 254
119 267
119 274
119 283
119 291
119 298
119 299
120 132
120 168
120 173
120 177
120 186
120 200
120 212
120 226
120 252
120 257
120 259
121 130
121 137
121 143
121 146
121 157
121 169
121 176
121 229
121 230
121 254
121 275
121 294
122 145
122 156
122 168
122 172
122 183
122 198
122 209
122 211
122 212
122 237
122 267
122 284
123 135
123 152
123 163
123 173
123 202
123 224
123 237
123 246
123 273
123 285
123 286
124 153
124 159
124 182
124 183
124 195
124 207
124 210
124 216
124 241
124 242
124 267
124 280
124 299
125 131
125 139
125 171
125 179
125 183
125 204
125 221
125 237
125 243
125 245
125 247
125 260
125 277
125 294
126 131
126 136
126 138
126 147
126 152
126 167
126 181
126 199
126 211
126 213
126 214
126 222
126 256
126 278
126 279
126 285
126 294
127 145
127 159
127 174
127 181
127 192
127 193
127 194
127 242
127 259
128 132
128 167
128 193
128 198
128 200
128 201
128 217
128 224
128 230
128 240
128 250
128 259
128 278
128 294
129 150
129 151
129 192
129 204
129 212
129 253
129 256
129 296
130 156
130 176
130 189
130 196
130 200
130 214
130 286
130 295
131 132
131 138
131 156
131 163
131 165
131 166
131 181
131 217
131 218
131 228
131 271
131 278
131 279
131 282
132 137
132 142
132 143
132 145
132 184
132 190
132 233
132 252
132 260
132 296
133 146
133 159
133 211
133 294
133 295
134 136
134 156
134 178
134 193
134 195
134 245
134 250
134 259
134 277
135 137
135 141
135 144
135 151
135 156
135 169
135 172
135 180
135 199
135 201
135 207
135 210
135 249
136 194
136 234
136 237
136 242
136 243
136 268
136 282
137 143
137 155
137 191
137 215
137 227
137 231
137 274
137 294
137 299
138 143
138 151
138 153
138 168
138 175
138 178
138 181
138 190
138 210
138 212
138 247
138 249
138 259
138 276
138 298
139 145
139 150
139 156
139 163
139 183
139 198
139 206
139 240
139 241
139 244
139 261
139 267
139 268
139 273
139 280
140 184
140 188
140 198
140 207
140 235
140 290
141 154
141 158
141 180
141 182
141 185
141 211
141 257
141 276
141 281
141 283
141 284
142 176
142 177
142 207
142 214
142 220
142 237
142 255
143 189
143 201
143 241
143 242
143 273
144 164
144 168
144 197
144 231
144 240
144 274
144 293
144 294
145 163
145 167
145 202
145 206
145 221
145 226
145 249
145 267
145 270
145 287
145 298
146 155
146 156
146 165
146 167
146 175
146 194
146 203
146 246
146 250
146 263
146 271
147 166
147 168
147 174
147 180
147 186
147 192
147 194
147 204
147 219
147 230
147 247
147 270
147 277
148 187
148 192
148 196
148 198
148 235
148 281
148 286
148 287
149 165
149 166
149 174
149 177
149 179
149 192
149 206
149 209
149 213
149 248
150 184
150 199
150 226
150 250
150 251
150 267
150 290
150 298
150 299
151 163
151 182
151 203
151 206
151 219
151 227
151 267
151 274
151 291
152 195
152 205
152 207
152 284
153 155
153 182
153 192
153 206
153 208
153 216
153 233
153 249
153 250
153 258
153 268
153 269
154 221
154 226
154 230
154 239
154 252
154 292
155 166
155 170
155 180
155 183
155 213
155 214
155 218
155 229
155 248
155 273
155 286
155 291
156 181
156 189
156 214
156 232
156 235
156 242
156 254
156 268
157 181
157 248
157 295
158 164
158 202
158 233
158 234
158 240
158 275
158 286
158 294
159 163
159 171
159 189
159 197
159 206
159 247
159 258
159 273
159 275
159 295
160 191
160 211
160 219
160 262
160 289
161 170
161 181
161 193
161 220
161 225
161 227
161 237
161 288
161 291
162 210
162 213
162 234
162 252
162 263
163 164
163 172
163 226
163 228
163 235
163 246
163 247
163 248
163 253
163 254
163 261
163 264
163 296
163 300
164 228
164 231
164 254
164 263
165 167
165 176
165 198
165 207
165 209
165 214
165 227
165 265
166 171
166 187
166 195
166 215
166 226
166 268
166 276
167 168
167 180
167 183
167 189
167 207
167 227
167 232
167 233
167 254
168 180
168 205
168 217
168 222
168 233
168 246
168 262
168 270
169 181
169 192
169 203
169 229
169 252
169 253
169 262
169 291
169 298
170 172
170 194
170 197
170 226
170 247
170 268
171 180
171 199
171 207
171 225
171 227
171 250
171 253
171 259
171 263
171 297
171 299
172 195
172 197
172 216
172 235
172 258
172 267
172 271
173 177
173 178
173 179
173 182
173 183
173 215
173 225
173 235
173 239
173 286
174 195
174 202
174 224
174 229
174 232
174 248
174 250
174 252
174 255
174 277
174 282
174 285
174 286
174 294
175 181
175 189
175 204
175 210
175 220
175 221
175 227
175 242
175 251
175 269
175 270
175 289
176 192
176 210
176 228
176 241
176 247
176 262
177 190
177 197
177 241
177 267
177 271
177 277
177 281
177 292
178 185
178 194
178 205
178 211
178 222
178 275
178 287
179 186
179 193
179 194
179 203
179 210
179 212
179 230
179 243
179 257
179 289
179 296
180 197
180 210
180 226
180 238
180 254
180 270
180 290
180 292
181 192
181 200
181 208
181 214
181 231
181 246
181 253
181 283
181 294
182 206
182 210
182 213
182 267
182 281
182 282
182 296
183 297
184 187
184 216
184 224
184 225
184 242
184 262
184 271
184 287
184 295
185 191
185 201
185 224
185 246
185 254
185 257
185 267
186 192
186 202
186 215
186 239
186 241
186 249
186 262
186 266
186 268
186 281
186 284
186 290
186 300
187 195
187 208
187 252
187 273
187 284
188 191
188 197
188 203
188 215
188 227
188 240
188 246
188 254
188 283
188 298
189 199
189 200
189 227
189 233
189 236
189 237
189 245
189 250
189 256
189 299
189 300
190 209
190 216
190 228
190 236
190 238
190 264
190 278
190 292
191 196
191 208
191 217
191 222
191 225
191 257
191 290
192 201
192 217
192 230
192 249
192 255
192 270
193 209
193 284
193 288
194 204
194 206
194 229
194 235
194 249
194 264
194 273
194 278
194 289
195 236
195 242
195 267
195 269
195 276
196 214
196 218
196 228
196 249
196 258
196 275
196 276
197 210
197 218
197 221
197 226
197 231
197 245
197 281
197 284
198 221
198 224
198 239
198 270
198 271
198 276
198 278
198 285
198 300
199 213
199 224
199 243
199 265
199 283
200 202
200 213
200 215
200 222
200 226
200 251
200 252
200 254
200 255
200 274
200 289
200 299
201 203
201 226
201 227
201 230
201 254
201 257
201 262
201 281
202 223
202 236
202 245
202 247
202 250
202 254
202 283
202 299
202 300
203 212
203 214
203 236
203 243
203 251
203 255
203 263
203 267
203 278
203 290
204 205
204 231
204 259
205 233
205 235
205 243
205 252
205 289
205 296
205 298
206 208
206 211
206 228
206 230
206 243
206 251
206 258
207 210
207 222
207 232
207 245
207 282
207 283
207 287
207 292
208 222
208 224
208 242
208 245
208 273
209 224
209 225
209 230
209 248
209 260
209 261
209 271
209 281
209 285
209 295
210 228
210 238
210 269
210 272
210 288
211 214
211 238
211 271
211 274
212 236
212 260
212 266
212 274
212 289
213 222
213 243
213 264
213 282
213 290
214 228
214 235
214 259
214 264
214 266
214 285
215 232
215 242
215 266
215 284
215 296
215 300
216 222
216 286
216 293
217 219
217 247
217 264
217 269
217 278
218 221
218 273
220 225
220 250
220 257
220 282
220 295
220 297
220 298
220 299
221 253
221 282
222 247
222 249
222 252
222 261
223 227
223 239
223 244
223 252
223 281
223 288
224 254
224 277
224 283
225 236
225 243
225 267
225 281
225 291
225 299
226 244
226 259
226 299
227 244
227 248
227 269
227 271
227 277
227 278
227 282
227 286
228 254
228 258
228 288
229 259
229 261
229 263
229 269
229 270
229 298
230 236
230 252
230 258
230 265
230 271
230 282
231 235
231 243
231 258
231 283
231 298
232 244
232 272
232 277
232 296
233 253
233 258
233 287
233 300
234 237
234 239
234 250
234 255
234 266
234 276
234 277
234 283
234 284
234 300
235 246
235 251
235 268
235 279
235 294
236 237
236 259
236 280
236 295
237 256
237 267
237 283
238 259
238 262
238 272
238 278
238 293
239 245
239 256
239 269
239 274
239 277
240 250
240 299
241 264
241 274
241 280
241 292
242 246
242 250
242 269
242 272
242 283
242 285
243 261
243 263
243 273
243 280
244 249
244 250
245 267
245 274
245 278
245 279
245 280
246 250
246 253
246 260
246 274
246 293
246 297
247 252
247 254
247 257
247 292
248 256
248 270
248 271
248 292
249 251
249 275
250 251
250 263
250 288
251 262
251 281
251 285
252 253
252 255
252 259
252 275
252 279
252 282
252 289
253 272
253 290
254 267
254 271
254 277
254 283
255 288
255 298
257 264
257 283
257 298
258 268
258 269
258 272
259 272
259 280
259 300
260 277
260 284
261 262
262 289
262 298
262 299
263 275
264 272
264 293
264 300
265 273
265 297
266 275
267 298
268 285
269 271
269 281
269 287
270 291
273 300
275 277
275 289
275 297
277 281
277 283
277 288
280 283
280 291
281 282
281 297
281 300
282 284
283 287
284 296
285 286
285 287
285 297
285 299
287 292
290 296
292 294
292 295
293 296
293 299
295 296
298 300
5000
276 148 555
35 18 337
200 165 915
77 31 129
16 20 499
273 249 555
175 208 657
32 148 909
290 214 641
191 296 17
21 24 365
179 58 792
115 9 491
190 86 707
197 153 160
95 177 431
91 103 557
145 134 858
62 175 256
92 66 496
93 138 246
292 17 213
209 183 141
42 72 614
205 269 523
88 63 253
23 205 394
165 49 430
154 111 202
160 254 763
214 98 335
239 142 750
73 102 782
216 144 347
195 48 289
79 135 388
87 209 916
249 73 969
297 226 17
168 138 853
207 51 60
84 42 435
29 114 770
105 81 556
4 28 935
223 106 347
204 244 940
89 192 988
127 189 69
275 108 434
77 14 17
276 150 343
68 178 62
261 34 592
298 89 268
82 11 610
52 214 308
283 55 317
235 181 221
164 156 502
282 232 360
202 259 129
164 78 838
239 38 425
94 35 517
29 116 119
68 220 337
51 202 367
277 188 614
91 103 376
64 136 941
50 38 369
290 201 92
55 139 317
205 284 879
196 64 153
146 184 481
61 234 85
82 210 390
283 52 462
92 115 454
183 216 99
233 205 20
111 11 714
79 268 773
82 163 184
200 8 553
289 120 907
31 201 562
261 236 736
294 27 368
110 209 815
67 193 489
224 56 380
219 134 476
1 215 12
199 166 821
228 206 243
242 237 920
269 197 906
295 190 294
239 51 305
99 117 462
163 40 139
289 10 88
135 63 186
143 261 586
158 241 485
45 234 686
185 203 578
259 249 339
60 188 423
121 286 363
74 148 179
135 188 300
81 74 219
241 216 118
267 74 547
251 170 850
170 54 152
90 13 623
200 124 630
112 244 706
192 69 901
64 203 750
246 35 11
293 276 128
1 294 486
1 244 483
235 166 318
122 7 897
258 206 670
281 17 502
289 261 292
196 24 894
291 269 398
211 262 704
46 14 679
7 15 246
189 1 88
124 122 781
124 80 666
246 60 599
12 49 943
198 244 595
38 286 570
161 248 88
11 46 264
207 104 362
46 292 950
102 115 898
216 290 110
184 236 369
273 299 942
269 196 886
41 233 951
82 146 145
135 208 32
254 114 378
87 159 103
220 12 86
175 228 378
260 163 650
105 135 684
50 156 489
291 196 396
217 29 82
142 164 967
113 169 733
238 256 340
55 175 875
38 49 400
10 9 734
218 113 41
123 215 416
276 205 17
61 121 850
291 262 3
128 126 735
131 64 129
293 170 850
270 207 515
174 216 514
240 185 652
193 8 869
1 283 489
57 43 24
141 85 772
140 264 767
255 95 665
78 139 724
75 160 591
120 33 798
226 272 278
196 217 430
80 217 25
168 25 893
128 165 117
49 4 941
148 11 538
62 140 245
145 214 935
186 85 446
143 62 791
36 9 728
236 140 390
170 7 793
198 134 223
62 235 681
189 134 901
111 196 449
274 92 891
297 278 742
51 172 235
129 259 18
175 246 398
138 167 861
177 64 713
80 125 879
39 65 688
60 227 242
220 201 544
45 249 621
255 51 271
278 232 488
61 106 982
232 295 933
162 171 795
277 251 839
78 41 724
260 153 270
142 72 156
115 169 317
117 123 635
42 152 464
277 212 967
105 196 814
203 57 236
12 85 733
49 162 986
150 173 53
230 66 941
210 180 698
138 48 65
169 89 555
182 65 623
53 221 947
219 175 107
255 238 531
293 286 99
123 188 216
106 117 840
212 27 517
134 216 582
282 136 744
281 70 488
243 122 515
49 40 755
14 294 723
116 38 973
130 161 231
17 18 45
22 229 6
258 114 429
293 95 232
117 127 313
58 69 357
23 169 460
110 235 292
135 50 586
198 179 327
199 248 566
69 269 962
17 278 931
181 270 255
232 87 486
300 196 684
241 218 79
274 79 211
53 214 330
169 163 814
197 113 317
242 234 676
267 250 689
105 130 375
37 61 756
147 112 321
25 105 20
124 78 887
105 182 366
187 50 427
200 298 582
107 239 311
87 257 336
291 61 649
269 149 635
33 295 607
44 72 919
24 195 31
31 300 951
54 238 265
240 137 17
290 296 769
221 82 486
153 124 532
267 93 444
194 125 423
232 221 591
178 244 588
201 26 341
106 80 615
113 71 788
65 60 612
59 280 762
10 184 645
22 203 635
234 96 206
140 79 675
118 256 780
290 156 846
213 262 799
73 74 503
70 190 257
114 300 932
187 62 21
136 135 451
176 68 295
41 207 439
178 24 239
259 13 287
65 225 969
2 50 551
257 119 765
23 233 380
120 171 318
152 6 828
35 182 916
64 274 442
224 152 712
38 162 597
60 226 153
43 227 994
203 235 628
252 9 663
53 180 860
214 31 303
210 117 904
272 233 26
293 208 622
90 245 192
199 57 579
284 151 20
171 54 15
176 57 101
165 109 365
24 23 109
241 284 499
91 7 113
267 300 824
293 141 872
181 39 541
45 74 236
188 244 70
264 171 244
101 35 854
168 111 501
266 103 448
233 194 330
183 160 867
41 204 491
143 84 515
53 181 372
113 68 494
279 31 787
201 183 915
231 51 174
36 16 426
123 300 14
217 183 960
62 223 888
47 117 705
122 221 990
23 33 481
219 63 909
233 263 374
34 246 677
297 281 489
11 103 462
269 72 272
139 133 897
264 180 491
172 53 30
261 127 748
168 45 433
106 30 609
279 115 285
201 112 523
139 174 926
129 142 106
52 32 926
198 47 596
211 219 628
93 179 395
111 46 824
191 204 704
286 182 667
26 82 166
46 273 781
273 153 89
218 204 767
48 153 702
109 64 599
223 208 166
163 18 882
251 260 656
69 246 579
53 271 46
200 69 825
220 41 816
133 10 571
130 58 984
226 218 985
187 140 602
131 54 581
120 5 355
64 125 249
189 229 265
95 128 207
26 99 437
108 283 61
146 165 2
89 90 573
146 28 404
111 158 604
144 277 717
137 40 727
127 228 737
88 75 193
168 100 592
289 259 305
171 105 533
162 245 260
70 90 83
170 200 605
272 96 987
181 284 605
215 111 752
176 250 475
17 117 35
7 157 528
32 27 243
273 240 881
3 62 709
113 231 766
80 254 631
127 135 938
214 49 374
33 224 482
173 292 188
217 51 644
219 134 912
25 107 272
179 161 733
122 273 262
17 104 896
7 231 74
33 196 800
168 228 251
253 153 615
154 69 767
263 287 448
99 63 906
227 293 682
115 114 296
286 131 630
111 137 111
69 169 341
76 89 352
110 41 775
135 194 207
263 156 329
224 7 383
291 233 249
218 47 354
170 85 899
278 195 796
15 263 702
52 90 988
265 199 137
81 86 52
18 48 657
292 23 22
29 13 977
109 282 695
3 204 434
27 181 808
240 247 609
125 299 918
46 15 421
59 147 14
265 164 899
78 208 525
198 236 514
249 96 829
99 99 202
85 125 542
265 116 959
108 240 232
40 37 709
222 95 448
242 59 90
60 137 963
201 86 170
53 34 956
239 185 394
28 21 99
49 286 867
69 93 399
138 184 682
222 105 569
204 98 830
49 210 121
154 110 461
193 162 546
80 153 71
13 180 467
175 229 978
152 49 776
120 186 215
125 107 713
277 10 5
239 111 985
37 264 899
272 208 977
292 288 49
249 300 313
226 226 29
188 77 155
294 197 359
283 73 913
76 49 419
71 287 247
223 75 796
236 98 518
111 142 85
189 90 607
147 15 185
85 202 681
19 247 215
243 229 747
221 4 283
260 75 652
162 49 972
26 285 861
150 147 144
209 87 608
72 234 158
108 18 51
272 89 780
85 31 279
218 3 976
151 14 877
123 175 965
222 253 575
170 102 683
207 63 337
85 134 286
29 293 838
174 16 303
265 100 600
36 69 80
110 220 159
63 94 803
64 67 89
49 236 968
284 194 808
5 30 932
260 58 961
284 283 857
96 299 270
238 34 228
134 196 730
43 258 709
127 21 294
215 121 904
105 156 841
56 160 709
193 171 666
21 154 759
217 249 488
213 238 846
277 71 811
12 114 540
192 292 153
139 207 223
74 11 151
202 118 273
163 10 872
182 83 507
184 51 195
236 263 536
21 291 888
106 54 567
95 246 374
209 136 676
194 209 879
35 162 72
87 25 623
61 258 493
189 141 537
18 128 744
84 201 339
272 6 333
26 152 870
71 60 244
22 6 358
87 92 51
269 230 469
161 290 559
239 179 796
68 196 669
211 279 740
44 2 539
283 27 885
167 97 370
291 170 213
23 256 283
268 225 851
238 137 508
217 128 41
88 195 798
87 105 597
234 200 44
138 183 421
246 101 104
113 91 202
285 113 876
300 133 915
244 70 659
177 38 600
41 125 711
99 212 735
188 197 11
30 87 305
146 32 768
111 196 83
246 232 883
140 231 940
258 174 721
264 102 939
98 142 672
229 293 305
165 180 295
52 209 462
121 106 128
290 269 660
2 266 552
179 105 803
187 62 701
17 25 753
235 174 279
278 103 514
284 19 55
239 70 942
31 190 598
207 231 560
277 233 30
279 163 600
262 101 748
171 117 850
181 104 944
32 81 21
228 117 813
2 55 51
37 137 754
229 43 972
89 72 787
214 50 518
143 63 667
133 233 391
199 113 629
191 197 53
285 124 682
97 125 812
30 213 622
152 193 240
205 281 323
189 246 142
140 88 498
139 272 531
6 223 553
29 165 281
80 150 227
299 246 164
24 28 32
237 179 429
193 83 350
220 24 824
100 163 168
43 53 129
218 110 555
205 138 827
141 269 965
199 19 63
82 42 885
230 31 187
22 223 658
94 195 366
112 294 265
22 36 302
203 253 585
58 210 463
77 102 266
246 300 114
112 134 534
57 115 150
128 136 199
86 281 439
15 145 573
210 166 256
105 120 577
162 177 247
56 253 544
270 250 976
151 113 861
178 169 792
182 49 634
161 134 735
34 201 201
253 110 634
207 267 444
165 128 902
85 235 274
105 204 521
177 107 988
82 284 995
153 217 729
111 130 128
50 215 710
184 167 303
184 125 363
2 290 755
49 126 941
48 230 624
100 107 196
265 240 627
299 145 67
132 255 431
151 4 439
70 188 99
151 123 947
197 124 997
175 172 495
34 271 701
201 71 592
174 35 28
182 85 235
107 269 846
212 171 317
284 241 844
223 143 63
38 91 133
194 265 239
175 51 807
85 3 641
154 177 446
214 58 215
66 216 115
224 128 553
138 163 956
291 85 627
214 174 364
65 119 485
87 293 86
79 130 70
194 35 70
95 248 992
132 65 340
138 288 543
66 178 40
234 168 644
296 134 24
148 198 890
17 284 22
288 62 272
210 7 795
59 153 56
18 285 567
193 174 612
246 239 507
110 172 813
163 219 29
141 118 847
237 135 663
78 122 563
48 83 189
104 194 701
107 211 35
174 103 583
33 49 617
16 210 810
219 124 788
255 264 633
240 201 546
208 30 611
42 78 898
182 233 194
174 40 207
151 265 278
52 297 666
140 13 410
202 283 591
183 238 948
281 229 654
213 189 447
70 230 315
258 163 52
91 36 712
187 186 300
85 238 986
83 129 717
42 82 304
125 264 491
224 244 843
222 208 305
250 278 874
159 287 739
249 130 319
129 16 364
274 152 458
116 286 935
73 27 606
13 204 974
242 127 393
100 48 123
197 50 775
276 208 685
164 156 325
140 37 619
2 10 282
204 177 540
235 250 521
47 14 253
122 8 682
193 107 182
172 55 477
127 30 319
69 194 41
140 85 71
278 138 707
267 42 375
241 276 70
294 74 812
249 247 531
31 140 68
160 63 726
90 189 816
227 258 359
24 149 390
105 127 989
248 145 616
267 138 922
287 131 794
20 131 924
113 161 422
11 72 409
16 161 97
51 140 451
30 163 795
146 268 184
48 215 178
290 181 36
260 219 995
54 290 310
95 102 377
275 165 98
269 232 664
152 34 677
43 64 894
135 209 103
53 8 290
168 298 267
67 9 102
201 114 886
113 209 871
185 235 559
81 204 955
138 107 596
33 149 837
143 36 68
220 88 277
263 7 797
238 126 551
131 26 331
14 138 779
50 74 36
250 155 225
81 292 724
298 76 702
278 219 953
219 190 379
219 153 154
216 142 33
273 273 10
143 38 112
274 87 996
39 36 197
7 168 657
81 166 54
55 143 717
117 113 749
266 31 437
173 246 764
206 270 551
263 165 963
158 138 590
178 176 707
52 182 551
21 14 153
65 120 629
80 236 49
284 253 122
92 126 927
93 83 14
67 45 430
77 254 673
226 183 777
161 286 247
264 6 960
232 71 183
95 150 583
122 133 260
231 276 83
286 68 802
63 186 427
3 263 787
133 240 876
137 100 610
23 64 361
273 47 464
95 141 791
101 14 372
111 297 641
298 34 800
267 96 679
32 151 960
103 283 233
109 119 640
100 193 13
96 218 938
215 12 48
182 164 104
34 26 229
160 23 68
158 41 350
290 125 225
187 279 645
272 87 825
208 186 10
259 34 159
56 248 454
294 129 476
50 162 922
101 74 591
186 283 566
67 272 990
201 159 650
266 182 141
253 141 350
184 151 77
33 206 502
245 252 979
20 1 316
173 101 153
49 39 289
265 157 120
57 57 606
75 74 979
284 26 316
27 210 907
154 242 411
229 238 590
184 257 267
300 182 668
242 230 580
218 246 70
165 54 361
23 180 815
61 164 977
44 242 854
124 147 604
110 127 679
99 10 273
88 62 307
282 55 90
161 272 186
249 136 584
41 210 653
258 23 531
253 66 5
157 189 430
54 299 29
188 149 776
31 237 427
54 270 694
111 130 584
112 130 934
167 222 630
153 180 370
2 184 468
92 41 550
28 94 306
91 34 43
216 64 745
101 169 81
93 279 347
55 143 611
153 9 953
213 161 905
294 162 443
141 5 420
176 32 158
261 175 614
194 142 780
168 294 961
58 86 248
130 141 822
84 45 987
259 257 676
13 3 574
2 143 684
32 18 716
155 30 698
63 275 561
34 142 294
277 252 26
199 133 622
263 216 173
87 174 586
123 238 951
72 240 454
25 271 361
62 177 976
24 239 624
180 24 484
277 300 918
263 251 991
90 265 31
261 52 271
140 226 52
22 50 535
97 126 421
242 239 303
115 15 512
15 194 109
57 222 491
49 184 186
226 273 732
19 285 118
37 125 735
240 198 157
187 46 502
51 39 51
144 154 935
174 220 717
280 276 407
85 77 747
192 54 642
263 72 698
86 108 502
238 100 4
139 38 656
165 88 256
130 283 779
161 157 849
33 188 666
178 272 149
207 215 287
260 177 827
297 14 42
159 251 697
269 89 329
177 6 75
124 187 238
223 48 47
294 80 609
41 10 134
267 268 804
195 279 71
299 275 769
210 185 351
24 206 972
123 82 134
61 205 602
282 180 313
163 173 700
179 213 887
270 180 902
223 126 823
105 176 66
300 85 413
145 108 585
183 282 955
174 43 780
104 76 555
28 239 409
136 169 446
253 139 812
89 61 512
203 217 373
292 216 433
17 113 827
247 295 163
258 221 233
278 24 555
177 103 892
1 291 571
37 295 443
4 84 873
148 38 805
220 29 571
25 45 675
41 291 370
38 1 788
78 30 968
193 259 223
298 259 249
271 295 370
83 50 769
7 249 987
147 169 806
255 245 639
175 37 786
194 74 204
80 151 826
94 95 769
262 144 160
120 167 161
272 249 583
260 7 219
285 153 877
142 108 272
44 34 665
289 227 938
285 59 603
63 204 933
47 165 818
41 284 267
81 255 720
170 266 51
260 2 63
217 144 762
171 187 105
108 227 179
223 212 208
189 274 441
1 73 818
8 165 306
130 246 990
3 115 923
131 74 807
163 43 449
2 213 205
226 20 140
77 295 895
286 183 297
150 235 111
126 242 651
137 123 641
103 126 100
34 8 524
18 222 230
94 275 487
160 200 679
152 29 742
56 66 997
285 216 377
38 41 978
255 178 226
170 32 118
199 117 704
53 134 484
198 279 936
6 190 727
186 42 191
60 97 252
116 133 911
158 222 705
194 228 376
52 97 912
87 47 518
181 100 437
196 297 116
185 54 759
125 292 224
94 51 123
128 219 751
77 76 937
118 21 612
89 124 854
90 262 42
260 142 417
15 89 927
100 25 778
23 202 646
39 295 990
203 174 527
199 250 631
168 119 997
117 259 134
162 101 872
5 60 637
196 126 627
186 225 61
230 300 100
265 90 653
103 293 253
106 243 527
289 111 180
193 279 25
220 140 971
260 144 257
142 91 35
165 277 700
264 258 169
212 275 943
258 77 863
125 234 397
293 223 481
31 167 726
276 86 704
73 97 456
281 239 396
14 155 889
24 170 713
32 81 792
130 38 835
272 214 805
5 206 895
199 236 539
124 264 868
187 88 474
146 121 272
248 134 888
25 209 820
112 241 166
225 122 576
114 94 303
237 150 590
281 100 616
244 223 124
43 162 83
239 7 903
177 254 463
217 31 337
178 194 535
271 119 156
153 232 343
248 168 492
248 201 802
288 196 716
290 290 220
132 281 767
94 157 190
242 126 377
298 3 322
46 26 252
215 178 1000
230 126 374
145 125 265
108 112 368
98 102 831
196 285 566
53 79 405
216 20 671
108 17 902
194 114 264
202 28 767
142 9 994
1 206 971
112 13 315
118 162 864
165 58 701
193 162 728
129 77 844
138 185 666
253 130 446
42 32 58
60 225 841
255 277 290
222 88 922
53 257 453
37 121 820
6 65 790
52 193 987
118 82 352
3 35 360
250 128 542
28 239 898
114 193 520
158 166 389
214 271 153
131 59 79
210 64 733
98 116 799
114 233 105
67 287 830
149 236 240
66 15 817
155 129 275
272 286 863
176 251 54
88 133 989
120 42 89
21 139 798
115 5 680
290 123 400
251 23 120
39 88 616
117 242 291
139 265 589
274 192 432
184 279 552
100 150 489
131 171 748
278 285 318
108 26 548
225 276 516
30 66 762
149 234 902
148 72 174
184 97 245
170 280 985
288 131 911
148 14 316
199 291 154
5 150 809
286 75 830
236 104 736
26 4 780
108 151 954
155 34 402
144 203 895
60 190 858
229 90 661
216 40 538
291 44 169
39 81 388
114 69 315
6 94 564
131 253 144
27 159 79
19 3 362
43 62 981
198 290 707
117 257 5
79 299 191
138 37 811
75 202 102
115 207 541
158 37 750
103 63 182
81 81 799
13 176 306
186 73 892
97 241 30
98 19 151
195 208 782
73 282 35
18 96 80
109 5 696
152 159 119
53 291 186
257 3 790
273 189 509
31 37 720
96 186 244
160 133 682
259 205 424
12 222 499
22 30 472
69 181 483
177 286 330
170 242 371
38 266 26
278 296 999
211 92 297
214 251 543
72 261 268
264 24 571
4 46 994
48 114 722
250 42 218
143 264 997
91 1 648
278 31 497
202 293 855
63 206 29
56 29 798
253 45 197
123 48 23
75 95 689
260 96 315
129 239 83
240 81 500
68 58 513
191 11 122
158 73 568
74 128 534
3 132 597
8 7 818
57 133 106
220 92 940
176 273 215
147 212 173
118 31 402
120 221 337
165 78 993
168 204 911
251 258 359
78 265 342
4 22 135
76 293 897
243 220 845
101 66 694
90 183 91
85 54 249
143 271 25
25 138 444
34 140 741
227 269 395
126 24 144
210 151 676
137 145 743
284 245 988
146 35 67
286 171 772
150 65 943
92 89 148
289 123 636
144 49 5
15 227 70
11 188 373
247 24 853
154 7 445
178 152 318
84 189 872
96 38 602
78 182 60
249 170 594
259 65 844
289 131 306
94 141 394
49 139 723
97 292 856
193 221 767
23 5 701
75 152 187
192 230 248
150 230 46
229 189 756
109 229 338
267 23 649
260 71 86
276 219 387
102 163 542
27 237 334
244 12 252
199 255 239
34 156 160
91 137 648
213 245 145
165 212 999
9 223 584
292 251 905
19 52 409
266 131 690
269 74 60
123 272 118
259 58 921
76 148 784
29 60 268
14 276 675
22 37 399
152 80 599
252 98 693
215 115 883
115 83 869
77 258 557
98 268 473
223 43 99
235 123 472
244 136 646
164 209 271
59 60 586
203 12 258
151 278 547
177 92 222
29 221 534
204 18 3
136 292 223
215 227 123
106 222 284
77 138 703
83 248 247
169 202 973
105 53 572
207 229 452
91 9 670
37 212 624
197 47 673
204 14 318
32 171 543
48 247 305
273 30 438
9 198 541
56 54 305
132 260 330
52 103 205
192 139 764
50 87 638
251 290 922
130 74 369
230 121 62
220 93 269
104 101 575
242 208 239
132 40 241
3 143 803
182 35 459
24 136 210
265 138 713
219 267 93
96 248 349
271 167 901
175 23 279
28 16 888
287 148 22
258 150 129
30 83 877
293 106 329
94 123 436
236 41 952
152 188 701
188 158 425
16 84 840
245 164 643
134 150 700
61 159 496
131 189 234
287 233 677
30 78 181
158 13 665
4 164 656
150 51 774
162 67 445
248 63 803
49 196 805
50 9 130
251 139 577
235 178 606
76 259 425
39 117 464
94 172 254
37 21 140
190 234 24
126 181 183
225 282 940
225 31 600
84 281 8
183 267 756
214 42 174
74 132 695
247 226 709
283 14 477
173 255 861
130 132 418
201 108 72
219 85 240
194 168 855
59 103 431
205 68 363
257 142 828
178 88 774
270 122 12
134 294 312
232 175 402
211 127 800
170 46 32
212 239 942
234 49 108
274 253 850
108 261 314
74 138 242
16 159 324
272 45 418
235 276 826
81 186 170
282 56 386
268 19 793
173 4 679
232 277 236
58 137 916
26 210 854
132 225 755
8 249 97
281 235 457
76 15 252
50 296 272
69 15 474
26 239 993
83 222 698
92 280 948
114 57 572
25 188 779
94 247 862
260 227 569
49 3 862
75 104 979
209 173 949
60 198 996
267 281 381
150 124 516
169 289 870
149 13 248
53 159 407
258 170 485
96 218 587
1 44 600
253 4 628
219 116 182
124 82 937
55 231 848
212 151 831
178 51 175
83 155 634
234 164 305
12 260 361
144 12 54
132 264 90
239 182 662
48 58 326
137 112 215
102 75 276
107 4 80
124 138 842
52 72 705
148 135 956
214 279 457
75 110 622
239 100 682
219 200 350
31 36 287
74 189 164
18 295 133
65 171 438
266 274 206
82 173 638
158 138 320
296 212 850
98 203 575
133 121 675
277 151 87
284 276 93
117 46 806
254 162 400
229 179 226
26 260 306
258 117 564
220 165 769
43 262 168
266 146 264
87 174 539
296 209 206
94 25 821
290 31 620
4 11 6
43 88 401
254 98 479
55 17 697
16 60 395
282 77 253
17 163 900
6 159 61
22 4 615
84 293 694
6 48 17
107 142 224
167 147 391
147 202 399
292 269 252
97 250 805
100 18 733
27 75 559
163 97 374
23 180 264
265 185 783
269 291 438
60 209 252
249 56 786
206 47 529
222 195 365
66 294 839
72 21 925
237 235 829
156 257 90
120 273 45
130 293 260
282 52 293
32 52 901
283 257 782
150 230 485
18 295 825
256 67 420
217 55 48
25 262 41
13 133 92
185 263 216
47 296 73
222 79 335
152 61 117
180 262 389
103 31 672
71 287 981
111 203 31
137 279 755
119 291 573
125 175 112
175 274 963
276 195 660
181 47 705
291 226 345
82 80 943
219 150 57
123 12 890
80 148 991
51 18 169
155 142 182
272 68 572
85 44 350
27 224 133
30 266 701
293 99 541
287 18 193
267 140 358
201 271 518
166 22 714
69 228 316
250 199 258
53 35 610
102 114 144
249 143 975
21 187 210
173 174 519
227 192 602
44 93 489
8 10 370
42 130 99
270 79 504
265 131 987
55 284 488
120 232 148
203 253 310
85 177 636
87 103 900
229 146 990
41 206 897
226 299 507
38 268 718
100 284 385
249 90 572
159 262 850
15 164 481
6 300 441
221 87 923
28 67 564
279 107 38
187 84 619
276 173 341
196 272 742
246 273 586
31 131 17
48 198 8
69 203 485
267 175 250
267 203 340
164 181 243
267 120 608
68 147 252
188 42 396
44 287 26
42 18 346
300 117 504
174 186 527
100 152 51
163 118 691
293 33 875
228 299 781
299 118 71
241 6 22
207 101 457
93 142 946
214 142 339
179 67 552
99 166 307
245 81 962
241 73 83
221 52 421
21 102 878
267 43 512
254 249 63
32 94 554
179 7 282
91 237 970
239 87 668
291 31 497
159 23 359
60 244 651
64 264 264
133 230 883
11 235 186
289 19 352
109 197 289
174 39 937
6 278 822
55 268 994
184 178 860
137 290 15
141 53 518
299 237 877
199 247 114
100 235 681
93 96 962
145 269 578
81 274 796
155 80 923
260 263 920
88 151 307
158 44 65
244 42 227
10 293 866
63 144 483
134 236 66
102 132 457
160 264 66
195 119 556
249 130 145
232 217 187
205 127 771
281 122 723
294 183 80
4 246 307
197 79 474
289 232 870
298 91 149
84 285 132
249 285 968
77 269 80
108 225 636
181 205 155
48 250 512
207 254 538
261 202 350
251 191 192
72 188 357
156 23 361
111 271 124
247 100 285
247 207 431
178 139 345
229 239 688
163 197 890
94 158 870
104 108 691
45 231 528
128 138 445
248 300 434
105 246 920
229 245 527
278 174 306
283 102 415
237 17 651
197 110 883
6 213 22
57 9 934
295 189 52
7 188 658
41 44 5
123 273 168
162 2 939
92 36 317
260 272 249
25 168 990
246 225 171
79 281 981
141 27 933
93 85 667
45 126 744
294 248 447
239 161 206
57 253 364
28 212 327
16 236 985
113 234 207
174 12 120
296 152 249
6 245 758
256 289 361
249 34 414
266 24 724
284 132 35
37 211 40
165 226 107
161 38 838
134 264 973
139 259 9
170 265 430
38 272 614
83 220 564
75 185 165
280 168 635
136 256 728
256 172 412
12 33 236
300 218 808
300 56 828
151 277 789
298 67 233
133 149 464
105 276 85
100 255 580
278 142 313
14 98 46
80 161 763
132 160 390
198 159 325
223 61 972
264 58 651
276 190 439
259 294 187
126 145 898
212 122 608
5 188 790
270 267 551
266 150 446
232 48 168
4 22 3
53 286 100
168 13 788
184 272 633
174 97 795
171 61 348
61 65 298
48 86 493
247 104 451
5 87 415
222 90 493
252 195 911
287 114 183
15 49 206
37 223 626
256 145 180
296 257 459
275 56 226
220 2 962
15 58 58
209 280 835
177 283 703
129 21 873
146 35 223
134 72 935
271 27 909
167 74 751
180 48 968
279 267 829
232 34 778
220 294 701
49 170 599
72 51 8
260 196 277
197 82 756
56 52 678
163 270 670
174 202 747
292 232 120
163 163 519
40 82 78
299 182 286
241 253 493
202 265 162
198 161 495
17 269 556
214 131 523
184 57 136
149 48 337
185 211 807
201 2 883
211 52 120
143 44 934
124 246 920
53 195 580
115 264 284
280 229 658
115 113 735
150 13 919
169 197 38
102 98 867
116 8 265
64 202 111
17 26 129
233 130 594
10 297 263
107 276 249
87 90 220
70 292 640
153 160 349
198 261 425
296 128 382
198 192 506
91 208 7
33 192 325
169 202 393
21 60 484
49 146 681
241 268 558
145 172 169
246 122 319
144 117 891
154 66 441
13 208 901
249 240 192
66 109 610
180 181 439
269 229 771
199 221 624
69 65 634
201 63 836
294 258 815
266 111 555
129 123 444
251 123 330
16 189 523
283 68 5
9 88 584
284 286 355
227 54 237
41 255 578
224 300 240
27 265 164
248 93 294
25 95 914
93 110 788
21 92 307
129 152 952
217 188 125
225 114 98
49 154 41
288 129 271
184 207 397
242 155 577
123 179 992
179 23 272
122 43 585
185 223 528
86 139 151
221 115 795
162 215 532
108 202 477
106 137 881
15 79 19
69 253 612
268 131 709
277 5 269
130 241 575
134 26 648
77 299 123
81 160 953
42 19 435
79 124 89
74 139 794
276 259 282
55 278 747
209 255 976
104 84 713
274 269 190
281 45 530
103 177 830
191 218 568
180 48 574
6 173 683
262 148 471
223 203 929
14 111 328
161 266 688
300 239 818
164 220 586
27 74 504
100 16 103
192 195 576
108 253 242
265 266 681
81 240 941
174 253 731
221 165 37
155 164 714
5 28 847
199 54 558
269 153 798
8 97 720
94 204 412
52 168 385
210 300 918
22 173 479
244 145 40
184 299 33
114 3 364
15 201 126
289 221 303
30 228 744
265 73 741
257 125 976
214 86 918
110 108 216
63 51 474
129 286 819
58 151 629
118 165 927
231 153 215
196 182 594
10 199 357
78 207 464
66 120 595
2 281 408
214 44 351
218 224 461
273 33 449
83 150 881
93 80 32
127 27 698
89 88 318
124 166 302
34 231 752
30 284 867
185 197 563
143 167 159
86 191 123
231 273 380
189 117 492
104 244 480
200 32 804
298 207 925
250 241 818
73 22 399
228 207 321
179 101 56
52 186 702
258 116 328
12 57 856
198 160 784
58 111 142
57 108 564
222 109 235
69 181 29
251 160 788
82 90 864
79 142 435
19 151 947
231 162 283
63 59 908
139 168 802
246 225 718
11 198 238
17 266 830
96 268 363
133 50 833
270 128 120
44 146 624
233 128 445
179 191 72
35 29 984
54 26 423
179 36 593
113 104 31
278 251 133
3 135 657
170 156 221
177 199 679
87 132 361
158 62 120
39 96 739
88 149 516
165 28 294
139 192 308
130 169 739
89 224 377
96 145 82
283 21 8
68 107 818
280 16 78
134 55 692
68 194 902
27 59 705
73 197 338
275 79 348
180 167 379
219 14 419
113 297 431
258 64 193
234 95 431
271 228 933
156 47 964
241 73 665
53 197 65
108 172 191
31 51 613
230 269 269
272 133 97
87 91 212
61 24 255
50 47 63
93 254 373
29 194 419
76 298 775
19 157 466
92 239 667
31 220 317
35 244 651
284 82 240
99 142 337
9 243 18
145 87 973
80 116 543
86 243 430
41 261 970
167 104 948
43 186 25
239 220 334
268 255 25
86 54 9
32 62 432
24 258 510
21 37 923
211 175 337
202 215 532
49 82 698
135 176 884
192 115 920
192 82 60
273 167 74
196 251 373
166 274 19
170 295 384
93 257 885
258 159 734
83 207 396
63 93 536
228 284 906
64 175 720
155 148 653
51 95 42
60 260 901
27 181 641
82 25 84
63 282 377
10 116 927
39 230 962
295 157 944
65 273 485
268 127 765
37 230 792
109 289 995
102 67 604
193 148 538
188 262 572
94 272 516
206 62 506
162 56 423
154 172 188
21 139 577
34 175 381
194 283 252
118 136 646
222 28 944
50 268 33
212 61 361
242 18 762
201 231 334
16 85 418
156 105 733
174 190 650
121 136 211
56 253 32
110 174 754
12 275 460
227 239 962
113 180 469
60 80 378
114 147 352
287 54 156
50 227 710
39 47 368
63 155 842
223 16 455
162 79 24
120 5 838
138 169 133
225 228 692
242 41 96
44 79 809
249 180 130
96 271 153
130 33 131
64 7 708
275 220 546
109 39 396
180 228 615
183 152 685
16 94 936
296 137 787
82 137 124
94 285 877
204 114 976
169 230 887
201 204 927
259 64 272
126 296 321
110 230 103
73 245 152
128 293 100
14 126 102
80 219 303
167 122 351
287 290 806
114 190 123
160 201 321
296 26 958
60 187 167
28 259 356
88 139 619
37 204 765
174 283 641
47 150 835
33 188 42
53 1 121
276 160 619
14 156 213
296 215 670
258 294 240
217 82 855
168 170 740
244 95 19
290 141 565
158 225 74
15 277 432
165 252 283
268 266 180
96 13 879
110 22 482
135 239 858
298 106 107
117 50 327
270 39 539
24 248 812
213 14 950
155 179 795
257 146 946
265 241 518
188 102 956
157 237 336
258 286 274
229 154 252
293 123 909
250 146 83
79 111 528
236 265 86
45 273 373
171 238 320
9 177 596
169 85 439
266 43 421
221 23 2
225 15 914
20 16 725
114 94 505
169 82 403
155 126 140
89 297 455
264 57 383
240 225 687
152 191 661
101 111 692
204 88 824
182 159 597
5 272 538
238 192 598
187 98 290
109 187 838
20 150 916
108 89 325
280 292 834
298 144 717
286 48 225
40 229 983
110 233 793
78 222 463
74 108 513
248 217 879
170 236 318
149 95 985
52 126 476
249 123 491
256 108 748
51 200 599
55 61 49
83 138 600
2 212 374
18 211 228
221 81 896
76 229 916
20 32 538
254 32 138
32 287 127
209 89 327
66 196 615
155 278 967
165 279 261
35 296 783
120 268 810
193 44 538
61 63 9
54 68 55
221 100 112
196 60 683
174 126 191
213 280 426
89 197 288
280 231 851
81 102 150
263 295 782
124 107 733
121 212 915
96 132 817
162 80 186
265 253 57
14 165 758
41 5 888
45 284 258
97 65 93
117 79 289
231 254 761
160 74 765
156 222 157
3 83 341
209 99 81
241 113 273
4 153 38
15 249 199
8 46 693
102 214 612
243 196 211
241 55 498
151 262 963
192 264 280
64 225 287
188 165 735
229 220 207
275 286 269
4 293 491
149 146 459
72 140 517
300 81 833
2 231 324
225 174 240
283 237 767
139 124 680
159 53 735
31 27 819
151 82 626
69 230 248
199 53 252
277 52 837
110 106 768
204 82 200
65 64 190
151 254 537
100 164 793
21 194 433
278 97 934
280 165 989
127 115 646
113 92 395
232 253 452
84 208 498
58 272 529
267 122 832
52 274 140
241 46 377
156 75 92
152 54 212
129 180 195
158 293 838
43 276 131
280 59 956
51 168 274
238 187 285
130 290 951
133 231 726
82 86 147
127 290 555
140 118 762
268 28 455
238 70 470
161 101 574
290 204 967
91 141 556
118 270 875
65 154 437
110 288 953
229 114 357
101 6 73
153 273 28
1 210 53
124 70 599
58 112 163
159 202 709
198 19 351
226 136 382
185 297 741
281 225 238
66 25 81
72 230 183
106 230 662
208 106 88
163 163 694
21 73 473
71 270 709
142 195 352
119 79 564
30 111 210
159 228 124
241 300 786
47 105 651
115 64 186
252 227 963
252 299 388
153 122 295
125 15 558
284 133 53
139 215 728
218 73 224
126 66 328
262 112 505
80 278 88
3 229 393
140 180 582
101 85 643
31 261 82
208 245 561
163 135 539
32 105 533
77 230 61
121 191 303
21 23 919
37 77 717
278 269 387
270 69 402
135 100 189
15 59 815
131 221 844
161 252 204
15 81 734
183 253 503
266 26 159
26 62 323
67 39 240
40 61 733
44 195 377
61 261 447
22 91 713
170 3 902
121 18 238
54 252 764
177 217 984
74 294 985
47 113 877
41 152 523
103 247 2
16 8 673
287 81 537
230 2 410
228 123 544
255 176 717
234 104 949
290 177 878
55 275 219
210 15 794
178 169 287
40 236 603
214 274 994
179 255 584
199 183 14
235 137 297
171 122 373
126 111 118
127 217 135
188 178 99
204 55 743
115 146 442
32 112 923
134 290 335
186 240 142
111 175 18
264 97 725
219 222 529
51 49 850
209 288 566
133 192 915
278 6 900
59 89 192
165 275 44
225 160 866
168 22 639
50 285 360
54 256 414
167 6 679
249 266 373
208 150 724
221 128 301
184 238 423
206 102 85
270 26 587
25 245 225
254 295 729
279 100 474
29 18 294
128 266 41
266 225 531
295 198 787
133 81 407
111 287 874
12 8 960
175 32 807
60 37 430
230 67 553
106 95 423
40 274 609
238 239 674
90 285 253
17 117 962
285 228 274
54 291 230
201 165 133
292 225 620
129 206 332
117 63 118
122 154 938
93 144 882
41 233 393
185 2 767
110 286 866
125 40 55
95 240 356
200 283 992
41 111 412
248 279 805
54 100 467
81 245 154
98 37 395
48 273 696
167 135 463
264 259 5
300 54 281
4 253 98
232 294 602
169 293 346
168 98 188
21 178 18
17 276 945
298 75 942
227 241 968
194 205 296
252 256 872
249 11 829
280 242 784
121 162 786
292 29 953
263 50 221
229 118 908
180 115 689
155 94 765
264 287 4
31 239 176
204 239 636
29 219 95
251 39 961
165 31 42
177 45 518
119 273 543
35 204 793
78 58 400
62 73 543
53 156 227
300 111 730
256 139 867
206 141 957
16 5 627
207 182 500
147 52 593
257 138 568
233 216 87
2 29 832
109 81 820
155 132 921
139 88 682
93 45 885
85 60 317
160 267 646
278 165 812
69 173 4
64 105 627
168 158 884
44 267 60
180 173 326
73 11 39
157 155 572
132 239 887
60 98 461
273 76 809
237 196 476
39 259 532
107 126 253
256 222 460
185 101 380
297 173 741
197 81 566
140 213 654
195 24 789
268 297 469
206 285 4
68 75 680
86 182 20
14 137 136
208 73 566
274 69 950
102 265 250
84 105 787
57 51 160
127 19 448
24 276 744
168 95 771
219 232 872
148 246 931
297 205 7
299 179 859
173 32 92
127 168 710
46 224 320
40 50 662
30 125 701
56 292 474
157 263 668
191 162 815
61 210 374
55 208 442
118 80 478
197 259 327
132 56 361
117 95 87
121 176 253
203 283 299
80 192 186
188 82 369
293 143 546
54 249 718
46 66 399
69 262 991
259 93 564
124 262 275
38 134 570
128 36 349
209 115 663
5 54 821
13 98 34
179 152 24
57 197 651
14 17 442
229 275 107
251 150 962
119 187 390
214 66 807
43 26 970
64 82 700
166 95 375
162 25 803
106 81 427
168 94 722
244 74 733
112 24 819
293 194 784
7 159 879
56 202 121
272 265 413
242 130 841
9 43 232
279 148 22
197 68 44
183 11 571
143 174 883
4 218 256
51 224 255
215 279 948
104 251 436
75 192 100
140 252 128
230 282 106
152 178 401
219 60 892
60 254 685
225 257 740
35 7 165
3 221 483
225 24 665
110 99 410
177 290 91
285 271 228
293 174 247
68 93 868
257 152 824
19 128 651
298 162 850
252 217 300
237 141 120
171 2 876
101 178 691
281 163 234
91 207 803
181 27 163
31 283 319
185 54 434
296 103 483
112 55 999
201 43 369
65 265 26
79 65 351
82 46 907
56 188 799
204 120 708
195 202 244
38 87 526
61 82 856
297 245 836
97 145 947
141 261 573
186 39 839
161 173 837
50 228 793
146 183 391
267 78 496
123 167 652
32 279 509
96 275 916
213 123 890
73 263 551
249 201 209
241 113 555
279 215 541
255 60 249
299 78 560
297 201 230
132 284 970
49 79 984
210 292 986
267 116 65
37 116 242
198 56 867
178 86 286
138 41 295
33 91 883
252 87 730
142 271 360
259 19 629
50 280 653
15 298 535
243 35 846
123 284 425
168 161 109
74 51 407
144 83 428
239 86 387
38 228 933
120 186 576
33 287 667
289 1 658
112 296 537
50 118 511
148 285 853
279 111 384
150 6 788
163 244 906
263 33 405
85 204 534
225 237 995
44 277 775
161 89 935
63 190 435
249 37 423
99 67 339
247 268 758
281 131 282
100 145 357
147 230 623
182 154 428
204 198 423
278 110 578
47 172 738
285 172 329
260 270 455
97 268 243
239 248 836
76 100 902
245 246 93
18 127 700
78 82 109
167 59 257
96 157 399
215 142 47
174 153 50
147 2 511
140 240 216
263 16 789
231 260 635
127 29 724
229 159 50
280 77 949
140 173 793
172 139 17
179 12 759
207 158 358
203 298 288
199 12 268
293 242 934
85 121 627
55 101 56
106 81 79
268 220 990
287 143 810
198 21 303
262 280 484
79 182 752
84 132 224
207 177 517
290 13 7
154 119 828
227 224 807
77 244 480
99 230 402
11 179 897
234 141 735
67 219 425
248 54 898
141 261 664
276 2 637
282 207 977
89 134 734
276 210 854
135 61 568
136 123 890
209 109 299
14 175 150
248 122 728
65 15 740
111 290 119
116 23 769
240 112 467
91 87 726
133 273 535
208 160 702
161 121 249
255 134 376
19 133 835
188 249 567
70 59 806
253 175 558
42 166 369
17 256 763
201 140 937
197 47 575
67 207 290
46 213 816
198 283 297
276 171 66
16 292 350
97 244 503
253 37 939
219 53 954
24 5 557
102 253 876
39 72 957
148 117 100
38 66 730
112 42 16
134 109 694
267 258 602
222 210 508
146 128 158
273 204 434
291 5 431
107 95 289
182 242 973
169 31 142
138 142 64
82 27 586
16 294 234
246 267 282
212 113 99
282 137 164
57 128 414
137 286 142
287 167 354
254 35 147
38 225 253
163 58 18
148 73 228
91 18 385
242 229 707
273 263 585
207 19 575
197 155 552
281 142 908
6 147 26
113 184 350
61 98 896
88 297 795
107 87 930
145 29 244
47 53 893
86 12 31
251 260 365
154 241 342
224 298 933
132 111 280
264 223 162
205 10 165
218 169 239
1 65 385
13 112 981
38 197 627
82 199 16
33 53 725
176 28 390
166 211 591
90 174 861
164 78 656
286 47 482
142 48 160
131 112 958
172 149 618
224 283 994
287 15 75
291 242 766
292 107 94
207 249 124
44 112 751
191 97 770
258 290 548
90 120 608
84 43 562
27 266 157
168 253 475
61 295 857
85 38 956
267 244 331
126 287 860
114 230 708
96 239 112
178 80 893
122 164 750
163 190 591
238 57 429
79 169 145
110 253 689
51 271 371
188 148 487
188 261 693
36 108 470
225 37 693
286 159 41
90 73 129
211 11 950
36 89 735
207 250 810
63 300 424
214 239 979
103 126 945
222 213 810
31 190 838
167 227 201
271 68 895
263 30 77
64 117 655
32 23 489
5 85 531
247 298 831
89 101 809
190 74 330
99 104 502
45 22 218
148 292 665
76 7 994
14 70 73
93 101 41
121 157 588
252 156 520
22 244 605
270 185 972
182 284 809
283 80 90
62 279 570
209 55 817
138 68 343
131 160 319
146 32 553
298 36 189
148 109 922
149 130 418
172 11 483
49 45 955
300 159 472
243 119 490
191 256 241
209 86 377
79 284 107
157 281 958
39 180 200
267 29 921
80 252 169
280 52 881
207 52 556
165 46 294
228 236 652
111 196 138
154 274 791
280 183 200
193 273 880
214 239 876
117 71 440
31 50 99
289 9 658
157 225 688
143 204 723
137 15 388
269 220 997
83 199 262
282 143 930
9 108 644
115 225 256
225 7 528
86 295 416
298 203 827
7 97 533
251 286 490
91 254 793
257 88 548
4 70 430
24 78 637
34 244 91
166 220 676
47 5 992
237 54 594
102 60 493
223 11 58
6 153 144
60 161 822
12 165 12
210 240 309
216 273 590
197 138 293
185 184 235
218 172 789
206 26 364
290 248 960
59 6 965
81 65 814
190 129 766
121 38 33
180 253 974
183 202 284
158 86 768
137 55 844
117 260 774
261 1 652
115 59 405
174 139 543
93 81 893
176 201 603
198 132 29
244 15 539
179 224 529
297 60 271
39 228 796
106 189 314
173 3 163
244 228 202
80 20 972
44 195 204
98 144 204
104 139 279
63 17 721
107 14 483
257 104 71
119 262 566
282 134 491
203 129 964
14 209 801
154 4 483
297 101 324
220 256 732
261 18 992
173 124 589
196 133 84
147 251 531
285 232 20
178 186 953
299 200 592
87 105 827
173 101 544
51 73 923
120 33 68
205 258 939
55 205 810
8 51 912
275 36 838
126 265 751
106 263 569
294 101 982
238 274 912
34 76 843
85 195 490
206 151 852
151 205 568
279 265 271
58 291 961
121 116 130
121 222 459
268 267 466
271 256 634
126 289 723
2 126 26
14 31 409
283 233 22
156 212 104
80 21 466
143 141 565
119 13 633
109 280 698
199 2 307
211 128 562
102 181 544
135 194 881
71 176 667
264 31 275
120 163 53
19 5 836
33 175 378
20 283 961
273 182 289
182 144 551
132 245 747
206 131 928
63 254 102
153 217 396
153 88 238
226 158 150
192 190 415
170 261 56
179 234 691
190 115 955
80 246 851
150 204 559
165 266 50
55 118 780
276 271 854
110 248 454
1 191 426
67 60 119
167 239 949
148 180 942
76 260 657
196 161 638
250 26 484
258 80 859
233 107 758
296 269 950
269 269 270
183 87 813
109 253 977
217 152 50
243 227 580
214 174 315
89 124 617
229 133 150
238 65 746
218 61 642
249 81 704
118 15 629
99 123 906
70 91 228
221 33 826
82 247 710
156 87 717
255 67 615
134 4 901
171 273 149
176 221 809
149 91 589
261 189 44
78 259 120
46 179 42
292 12 901
112 168 337
107 122 112
234 7 802
126 177 605
181 104 748
17 5 502
166 17 397
242 94 845
109 191 459
60 183 254
9 46 263
44 153 664
197 138 761
53 15 863
182 196 484
36 212 890
227 129 148
59 123 878
149 283 592
169 94 831
201 154 24
99 197 885
171 145 31
250 197 639
257 131 298
67 166 96
182 144 621
65 203 72
41 103 129
208 272 270
9 172 114
156 22 995
206 193 26
94 194 442
297 150 131
198 216 557
11 149 941
4 213 397
119 6 49
268 265 792
210 274 880
5 129 575
48 34 975
235 180 124
18 228 319
232 125 606
62 135 33
36 190 24
212 8 458
243 27 645
244 236 133
221 240 943
219 39 680
109 273 373
244 291 378
228 274 992
179 35 29
31 71 108
96 34 17
165 28 884
251 24 415
10 244 722
249 162 517
274 22 544
229 17 961
60 296 181
67 174 195
208 205 944
291 52 825
134 268 40
3 219 942
107 280 132
255 281 899
90 6 657
249 234 808
98 45 389
272 111 723
180 71 841
211 113 766
27 246 392
170 248 644
37 107 373
198 61 800
221 202 44
264 150 755
76 299 33
130 270 146
162 150 280
150 112 822
137 138 225
196 59 372
172 147 395
180 45 296
220 265 748
17 280 574
48 55 735
227 185 128
216 98 665
276 248 572
200 136 110
121 31 317
290 255 415
17 134 973
157 106 172
198 122 822
140 221 294
81 147 413
44 63 901
155 90 317
130 41 143
241 161 490
163 151 282
284 167 608
148 75 987
29 272 462
189 164 784
103 296 425
254 39 527
254 246 89
149 75 930
231 67 994
44 230 652
163 265 16
116 164 378
225 244 207
208 132 355
164 287 275
18 292 813
286 245 914
43 145 868
140 75 502
97 171 132
257 33 889
35 200 30
135 177 159
11 136 100
298 299 425
33 68 984
106 53 959
176 95 665
268 286 680
178 135 775
18 143 668
173 177 964
244 63 933
207 74 754
53 123 927
237 207 878
112 64 568
283 239 367
50 206 202
191 84 505
255 153 209
51 25 46
150 21 830
74 227 330
185 279 54
46 267 558
223 78 372
257 112 129
85 161 256
250 103 412
250 57 9
91 159 653
161 9 373
293 134 45
250 18 48
29 63 524
67 38 176
169 294 242
209 130 823
206 79 880
287 28 907
271 171 7
32 31 705
113 23 373
120 24 762
157 104 238
212 171 675
44 91 642
39 51 504
246 256 180
256 294 893
22 17 133
246 48 380
179 213 745
244 32 276
79 241 742
28 152 421
14 248 401
45 38 91
205 284 183
195 239 87
265 260 811
153 205 446
175 135 361
219 131 318
38 209 364
261 236 22
53 1 464
40 45 369
24 249 278
68 195 70
106 160 369
211 64 182
64 239 211
181 209 548
30 247 673
170 207 822
214 11 669
257 50 854
38 126 599
153 245 83
207 50 633
23 261 663
44 76 989
252 257 637
237 286 317
235 207 770
167 173 417
100 129 96
128 218 894
157 71 994
28 29 483
162 51 606
59 95 90
195 46 13
291 34 410
85 268 926
85 187 19
147 38 430
259 165 249
300 21 469
234 100 878
269 13 844
264 72 267
34 18 355
113 60 656
176 144 560
198 280 327
92 126 187
167 137 431
211 136 937
25 69 945
115 37 85
7 52 300
46 86 735
129 250 308
246 125 770
83 23 173
105 166 369
217 84 452
193 294 315
241 18 952
89 184 563
2 243 753
37 40 329
90 168 302
253 166 81
260 300 29
297 104 163
212 20 192
263 264 802
254 205 460
13 45 762
160 46 270
59 135 249
95 276 771
80 228 774
242 239 254
177 236 536
278 199 805
215 214 493
197 167 253
248 179 747
183 38 62
164 149 212
132 243 214
72 75 93
124 16 338
228 192 838
135 222 680
165 136 596
107 84 337
5 31 135
248 214 833
288 129 340
162 261 825
63 32 747
139 207 466
206 134 10
260 20 694
265 185 992
130 43 424
266 100 166
279 47 698
82 86 290
33 299 905
227 61 316
246 251 294
85 209 531
115 220 841
66 184 468
204 66 902
125 31 395
76 9 130
45 91 167
90 175 154
147 101 865
287 99 549
85 183 542
17 297 681
21 114 363
208 17 621
190 193 354
23 20 133
202 64 788
218 153 659
232 51 290
58 37 425
187 122 530
223 138 332
179 210 523
71 118 813
27 59 906
66 82 685
165 35 848
106 253 401
221 236 530
137 46 548
255 232 187
255 154 257
55 85 316
216 207 551
145 285 145
18 102 926
159 266 25
115 123 605
223 44 539
134 232 689
30 187 323
150 193 699
108 248 780
276 215 84
64 112 792
211 129 695
191 287 644
206 153 424
276 128 132
282 261 337
33 42 899
67 192 348
255 51 295
278 78 418
208 142 91
122 52 936
189 243 360
222 200 206
130 175 313
80 157 772
262 189 567
134 256 603
199 262 417
210 239 41
240 198 744
29 71 952
247 260 745
255 181 428
63 10 323
51 90 687
51 103 771
92 237 52
25 135 227
60 96 357
120 36 682
126 64 554
131 62 387
182 16 542
80 131 441
204 233 497
185 283 202
106 74 733
34 150 720
223 209 612
102 81 108
179 206 296
27 88 111
185 269 350
224 48 498
25 3 586
266 187 104
62 44 897
94 77 9
12 299 569
26 153 901
126 31 467
42 109 654
72 294 769
117 269 676
292 45 697
151 11 517
292 72 345
258 166 947
74 177 833
99 254 76
255 132 74
265 225 663
165 296 666
282 112 623
197 155 257
115 5 780
272 48 831
172 6 424
148 79 995
175 229 156
54 184 450
68 200 735
190 64 838
57 45 828
192 242 200
72 56 539
14 79 946
80 250 757
10 98 260
169 24 458
34 78 254
29 197 831
249 86 844
217 142 778
48 33 872
33 157 260
127 222 455
217 53 241
63 115 125
40 283 376
246 68 70
282 97 278
270 97 381
21 65 481
116 112 482
205 197 638
49 23 884
23 291 53
247 54 845
20 93 975
65 38 599
290 72 882
60 93 559
266 113 468
14 280 871
198 184 251
186 284 581
199 59 88
265 5 528
145 25 598
60 141 753
94 182 966
224 293 786
254 11 56
297 76 552
204 273 583
58 210 690
235 108 763
155 125 42
127 21 649
244 132 679
151 225 201
180 200 208
2 154 800
287 202 458
252 157 661
205 267 765
89 253 373
83 107 534
81 234 374
208 177 306
174 79 207
22 259 959
215 260 558
117 246 469
43 250 845
292 154 373
151 294 631
169 76 708
11 208 567
225 115 804
271 41 892
46 62 514
20 28 455
147 145 488
279 187 165
216 230 67
119 132 882
27 300 811
41 62 894
288 287 778
163 9 143
169 54 187
81 125 553
4 23 761
225 2 549
94 217 296
169 88 202
288 166 359
183 206 579
89 193 674
109 107 948
170 28 606
44 108 326
245 164 381
291 88 241
274 233 468
239 101 433
36 141 766
132 75 893
41 163 99
237 271 185
193 192 44
6 235 188
192 232 226
101 222 208
62 247 453
292 186 872
9 221 502
191 104 153
278 144 436
9 132 691
199 76 218
115 82 761
191 273 32
130 125 788
208 239 861
219 230 263
82 239 631
85 129 605
162 159 200
101 167 371
62 117 782
215 284 41
55 226 189
125 108 886
117 67 531
107 285 152
282 118 616
77 254 252
27 115 108
120 267 843
97 29 641
98 295 982
231 49 335
37 226 640
20 94 823
240 200 338
142 181 771
282 9 626
3 87 489
181 258 78
30 55 518
296 152 27
244 82 365
170 171 281
151 190 281
251 181 943
87 75 530
40 56 670
247 110 124
73 43 651
113 72 342
285 67 695
151 63 751
170 232 696
62 135 853
99 85 752
35 171 544
203 210 562
131 209 774
145 281 289
169 145 229
246 181 389
175 83 752
289 253 933
273 14 8
198 113 516
3 199 77
235 102 896
274 284 601
174 181 678
117 49 922
131 46 850
15 220 207
262 260 354
192 232 290
204 129 295
52 184 30
122 170 584
153 195 783
145 68 469
116 184 853
36 66 434
83 133 903
265 94 732
99 37 894
299 240 400
62 43 998
24 216 952
87 68 822
186 212 100
164 80 792
243 115 126
67 249 489
162 214 352
217 64 646
204 62 97
123 124 499
225 147 366
248 286 312
217 223 935
201 138 915
173 80 610
211 198 151
80 60 179
147 276 47
197 231 482
239 53 777
74 29 960
73 28 615
243 244 679
24 197 184
237 69 417
263 31 813
290 163 992
230 9 685
286 205 505
155 195 567
147 269 152
37 93 645
265 35 433
114 110 50
101 46 5
220 61 705
236 50 76
11 280 30
113 17 930
146 171 313
232 17 236
98 105 502
291 69 141
128 183 367
213 283 534
119 254 531
55 189 226
153 251 515
259 116 163
21 261 930
278 244 32
255 41 707
272 84 289
75 211 175
40 176 828
50 46 664
120 100 215
291 252 469
194 262 831
112 34 87
201 64 955
109 18 153
70 42 758
152 116 204
167 207 257
165 256 920
169 75 617
113 118 140
59 11 516
121 122 676
143 74 649
160 183 388
270 4 675
163 207 369
267 74 833
297 290 603
125 210 924
299 22 24
229 133 851
119 253 133
95 147 951
134 6 621
191 28 847
288 190 73
5 208 753
177 257 435
56 81 779
61 131 439
184 59 880
16 178 934
270 272 405
102 106 246
115 48 328
132 87 689
160 92 687
260 20 142
102 75 409
206 135 387
31 18 931
40 86 278
1 107 382
108 208 47
220 23 940
164 206 456
297 65 680
37 77 726
86 178 914
214 83 606
173 165 822
243 204 134
189 256 952
159 63 946
286 35 456
160 198 608
69 194 910
120 230 398
243 67 504
139 281 443
170 205 654
23 199 15
260 140 178
4 298 264
8 36 956
33 195 145
16 15 953
64 135 788
187 129 788
240 267 82
128 137 335
180 211 633
187 222 817
150 278 986
228 285 622
39 69 382
100 137 4
1 200 883
236 138 747
238 130 227
219 257 646
157 188 826
294 74 338
269 276 693
294 255 276
54 45 540
9 144 94
278 197 845
133 132 630
168 121 231
117 40 527
255 248 453
54 241 740
75 262 847
125 7 193
211 61 295
66 121 15
56 150 25
298 34 830
129 201 218
37 17 269
5 23 473
108 77 24
88 203 738
44 28 758
253 238 266
207 55 798
5 111 920
50 160 233
227 288 200
225 76 609
13 80 264
49 239 550
130 26 242
171 69 750
219 22 350
79 228 578
59 284 529
240 86 203
154 12 790
268 288 958
151 53 233
56 153 783
89 282 350
24 153 215
287 71 134
239 202 837
245 260 338
114 252 660
141 105 352
156 125 909
297 275 40
166 82 214
24 222 172
208 245 933
161 231 693
134 221 714
139 166 512
128 31 7
201 223 866
38 130 570
215 127 164
91 44 909
172 67 356
287 275 462
201 135 697
290 20 689
280 159 735
230 38 363
182 290 212
239 28 632
172 294 302
79 136 171
171 8 22
132 46 639
38 246 519
278 288 512
86 267 736
112 196 684
219 130 578
1 68 486
161 240 317
146 70 827
175 241 949
22 124 853
195 213 191
202 190 652
280 276 669
269 139 473
294 109 68
61 110 37
155 270 949
242 167 687
217 93 157
198 114 712
277 8 535
1 261 319
64 241 472
93 261 728
18 6 450
124 67 284
50 221 143
214 215 327
200 131 726
230 80 78
32 108 21
98 160 71
1 223 459
284 16 639
156 85 576
85 261 283
227 10 806
38 223 619
68 175 828
138 104 102
125 187 290
120 284 303
128 37 508
75 20 856
35 175 975
52 12 212
135 290 320
190 80 966
160 147 838
63 36 91
46 160 433
189 32 120
139 159 186
115 233 821
55 19 753
183 70 150
271 256 293
16 146 760
87 57 441
33 119 497
134 217 723
173 105 421
144 295 378
203 109 771
33 215 238
38 97 354
157 67 399
266 134 898
154 221 907
188 5 535
9 190 880
42 62 951
105 258 768
275 160 837
181 193 734
105 282 150
203 190 577
205 156 489
103 9 134
58 249 348
183 9 939
276 102 60
121 207 107
12 233 983
11 113 948
225 269 753
236 172 547
65 128 58
27 230 325
262 39 789
252 273 103
132 248 267
73 120 422
271 183 663
80 194 479
134 118 388
168 105 179
144 169 531
275 248 779
167 261 113
58 212 500
258 95 104
12 167 871
219 189 10
111 269 72
114 102 72
138 21 597
33 165 940
107 191 872
111 57 962
205 167 839
23 124 159
89 187 980
275 106 845
95 268 300
108 133 447
290 271 40
277 55 622
133 214 251
287 24 969
102 280 565
180 2 857
52 143 114
143 117 472
123 263 595
122 122 679
275 111 830
148 140 507
237 24 394
268 10 114
56 163 652
62 42 789
244 146 628
260 40 757
185 162 903
77 36 418
101 10 809
96 157 672
197 145 665
211 164 378
300 272 55
120 33 250
241 276 123
257 287 652
88 223 400
234 299 385
252 100 334
81 247 722
101 195 171
144 105 929
197 156 684
164 275 717
224 267 886
130 223 21
127 63 592
37 48 630
283 299 814
289 132 973
204 232 769
262 128 157
236 76 966
181 239 287
159 214 188
216 43 732
259 221 678
277 258 209
46 292 460
213 280 676
79 235 809
138 197 243
54 132 72
176 13 68
273 223 199
88 138 148
177 148 442
29 177 760
279 222 206
176 134 111
8 212 916
72 102 791
14 155 101
32 30 528
287 54 789
208 141 207
224 70 800
212 98 160
157 76 352
145 4 752
164 11 491
118 134 616
20 148 3
54 179 615
151 217 741
223 177 3
131 152 132
291 63 524
275 271 388
232 167 181
75 30 15
181 200 699
88 271 756
201 76 413
43 279 17
291 201 203
80 83 399
289 74 764
296 100 495
182 84 358
71 210 182
270 90 880
107 177 244
39 77 810
201 171 668
32 162 44
38 241 423
196 281 44
167 28 345
109 209 395
216 279 664
157 1 361
297 107 100
108 198 600
98 98 476
14 181 187
182 271 452
132 166 403
260 84 998
135 244 190
145 212 591
64 68 655
72 65 642
8 224 743
72 21 370
58 34 539
154 267 170
293 150 660
113 109 492
261 295 442
17 139 584
103 202 99
190 25 584
135 84 564
225 207 285
164 265 975
36 170 834
178 162 846
185 275 771
28 287 673
166 55 662
163 157 403
279 98 253
160 232 749
15 208 52
191 72 74
151 107 282
78 285 565
154 221 324
90 300 556
269 165 169
91 27 470
114 58 116
213 217 26
96 283 381
238 173 549
43 24 68
70 101 824
10 6 478
224 95 955
124 116 262
130 206 415
44 71 514
56 283 860
52 131 18
203 68 268
229 162 25
61 283 683
230 292 245
71 267 43
211 142 903
268 271 770
52 67 45
244 122 415
53 173 911
144 127 22
159 55 818
198 168 581
88 149 313
36 219 615
78 181 482
235 149 641
101 200 719
37 143 830
255 247 279
56 142 602
223 1 627
56 250 422
172 89 528
279 124 141
104 201 215
71 187 291
61 287 221
116 23 517
293 278 759
95 85 243
23 7 673
57 115 74
11 286 127
112 16 512
132 171 554
136 294 309
236 54 110
39 221 435
36 266 419
280 112 971
66 186 832
203 294 536
42 4 944
21 116 806
123 299 173
178 134 88
120 121 628
100 211 513
102 246 8
82 226 671
197 291 542
71 245 808
111 38 330
84 110 913
124 285 855
35 214 650
238 33 306
247 184 42
228 286 810
174 119 933
283 67 90
277 190 951
264 300 590
59 84 133
269 259 807
177 293 885
22 283 676
39 281 286
266 260 587
139 185 279
288 167 769
128 195 607
16 210 327
241 269 591
28 237 205
47 166 57
32 239 235
101 278 366
53 243 961
291 81 746
46 69 109
220 248 589
231 263 277
294 203 936
139 231 761
295 29 762
196 112 869
130 264 105
45 17 227
270 7 765
80 104 932
55 24 255
29 6 401
160 51 522
63 190 906
150 236 360
207 183 484
150 13 955
70 109 776
284 78 252
279 157 659
94 264 767
104 292 182
180 203 664
107 265 806
67 166 530
108 72 608
261 221 557
77 42 897
261 78 153
203 56 223
300 150 498
121 5 4
299 185 296
175 43 747
45 161 400
202 269 451
241 281 52
45 109 22
256 121 588
245 23 234
195 22 888
107 194 805
11 192 822
168 119 460
42 163 624
81 116 110
191 56 400
26 100 730
203 56 313
156 52 117
217 298 799
179 105 847
198 167 720
100 34 520
149 75 770
6 155 999
235 98 815
144 123 210
161 25 643
50 233 423
13 201 51
49 132 462
279 29 940
101 180 500
92 28 323
246 85 809
214 19 127
290 162 606
166 74 707
148 175 297
182 239 45
266 288 401
153 266 607
207 118 485
46 210 773
11 207 253
183 120 592
152 110 629
244 27 91
164 174 290
264 108 777
68 73 72
252 277 300
215 235 180
110 280 669
85 43 818
144 225 345
273 77 62
16 72 178
133 235 54
176 250 549
157 17 994
126 20 851
164 235 495
267 96 707
84 180 527
106 75 481
300 100 414
3 115 930
32 299 18
287 226 127
100 83 583
286 260 785
200 123 60
48 141 889
228 276 46
150 82 781
49 81 842
75 136 138
173 219 758
256 257 147
41 57 643
142 42 474
14 241 500
121 40 338
127 268 373
12 169 143
272 217 990
135 292 975
113 216 711
89 171 533
42 211 706
130 104 943
176 118 95
97 290 653
106 116 326
142 127 357
12 151 943
14 285 500
99 97 955
154 237 46
218 31 332
286 160 679
147 87 589
52 183 558
245 40 37
156 234 787
184 297 310
233 10 445
272 160 47
227 65 155
104 283 632
191 268 840
82 167 533
142 270 648
191 214 520
55 70 522
98 5 951
290 237 360
167 209 159
141 187 777
51 290 309
43 180 895
194 262 480
183 155 156
55 46 573
71 152 496
19 249 561
264 239 147
269 105 35
82 245 179
63 47 342
274 89 855
204 282 115
53 217 707
223 23 909
254 93 38
159 112 595
68 127 330
213 95 966
71 228 986
62 290 826
43 263 833
255 219 567
180 23 558
259 245 890
84 250 647
60 108 504
36 175 412
251 140 11
270 210 896
285 271 562
99 65 598
250 19 897
186 250 377
38 209 753
212 292 36
231 103 439
113 138 521
121 88 429
224 109 914
6 146 874
129 244 648
215 245 373
271 130 35
49 167 903
123 131 606
147 61 897
278 226 91
35 46 76
284 21 975
141 78 337
269 207 703
214 173 627
229 144 391
193 244 834
118 119 2
281 265 101
299 294 791
154 80 484
96 115 468
251 256 78
199 276 591
143 241 886
31 221 579
48 166 482
232 283 627
50 263 487
177 13 499
280 166 183
181 14 967
103 264 484
102 215 43
7 57 854
84 87 726
57 134 412
25 118 376
59 167 661
161 95 163
8 127 971
234 7 598
275 161 579
23 262 688
47 268 346
63 104 459
299 160 855
101 236 648
184 46 275
34 206 836
145 213 122
173 198 51
214 173 92
270 247 38
241 45 199
267 107 740
132 106 678
130 258 493
297 141 529
30 227 990
262 123 375
268 295 863
85 260 142
62 281 692
300 221 274
206 240 460
267 71 974
239 252 229
94 248 597
46 29 896
255 291 850
76 10 866
147 94 541
89 155 453
30 155 725
16 112 985
108 79 129
57 17 9
263 163 553
61 260 193
86 215 43
284 42 223
177 188 222
80 29 128
264 58 697
173 125 128
20 232 594
290 40 773
210 54 876
130 167 431
78 4 862
68 287 825
119 163 621
264 295 389
16 10 101
25 182 905
94 254 822
45 243 826
13 152 580
194 281 962
87 110 306
194 177 23
95 48 414
235 63 303
103 130 578
80 155 525
182 248 286
268 45 706
145 109 357
75 54 944
224 141 943
75 86 112
265 180 672
70 114 564
168 216 912
276 296 415
18 229 916
260 196 727
197 92 901
37 219 33
157 142 551
87 268 37
298 285 31
203 54 155
223 221 794
73 197 769
76 214 983
27 225 975
74 173 572
229 261 70
190 118 149
238 256 395
124 253 268
242 208 898
173 130 870
71 254 197
17 30 402
191 108 770
64 234 446
277 162 64
160 51 287
184 41 58
228 216 766
255 157 242
36 29 328
37 100 653
38 168 352
252 110 58
90 173 495
205 202 564
281 61 298
173 245 963
125 172 596
30 126 945
141 213 163
134 249 761
81 38 509
108 289 669
191 131 654
259 35 315
189 67 157
273 292 890
97 116 66
136 145 949
84 38 438
9 171 121
136 3 191
131 111 51
286 53 187
66 64 762
47 4 560
89 276 146
126 124 294
87 259 209
173 95 411
171 103 227
222 290 747
259 172 603
36 210 850
243 275 421
236 74 877
296 214 235
47 39 736
266 177 696
29 49 58
129 272 701
151 193 387
228 203 343
115 238 673
55 180 312
109 116 292
167 111 487
199 210 506
55 175 131
273 255 873
233 135 326
47 285 170
202 265 34
229 79 683
165 185 587
128 294 661
215 160 745
216 110 984
7 216 109
274 188 606
290 120 605
29 218 51
13 120 687
199 48 835
22 213 627
77 92 918
247 6 867
32 221 863
25 227 206
193 201 306
66 242 940
74 23 89
118 35 575
126 233 23
212 6 539
183 83 436
199 29 285
126 112 729
215 137 272
167 81 44
58 198 916
121 271 651
50 140 979
201 265 90
48 177 944
211 111 849
165 62 183
177 187 687
161 101 785
123 19 865
286 129 970
142 249 422
20 50 271
284 251 919
232 50 922
185 13 187
169 229 347
285 105 987
212 17 972
276 140 504
171 177 326
264 18 96
28 89 181
283 124 875
150 55 638
298 239 287
204 159 974
223 195 705
180 159 205
238 134 183
67 56 962
23 20 896
228 99 634
235 81 154
139 282 980
145 279 59
215 234 953
162 156 567
265 88 584
136 25 508
147 143 203
85 218 76
93 145 828
188 79 168
159 270 294
235 166 845
250 81 728
228 242 5
100 258 662
130 93 391
45 291 692
67 128 330
109 220 398
300 159 75
272 69 954
225 4 955
208 5 799
73 284 741
198 83 485
57 264 671
45 60 483
176 127 880
223 287 197
115 38 65
190 9 357
233 285 52
194 193 206
287 17 929
73 214 630
116 23 49
252 67 252
182 242 880
239 165 9
215 31 464
153 272 412
160 257 865
222 202 386
41 189 981
143 261 376
79 77 947
279 80 86
291 261 920
128 251 61
56 165 59
269 69 271
190 229 368
148 202 23
298 242 752
165 136 297
297 215 139
99 245 105
19 235 957
233 115 295
11 170 31
120 190 228
