1 5 8 9 2 6 10 3 4 7
2 1 6 9 3
3 8 5 7 4 1 3
4 5 8 4
5 3 1 7 6 2 5 9
6 1 5 10 2 3 7
7 1 7
8 5 10 9 7 6 3 4
9 1 4 9 5 10 3
10 1 2 6
11 8 2 7 1 3 10 6 9 5
12 6 3 5 10 2 9 8 7 1
13 3 4 1 9
14 8 4 6 3 2
15 10 1 6 4 9
16 7 8 1
17 9 2 8 1
18 5 2 8 9 6
19 10 7 1 9 3 6 4 8
20 3 8 2 4 9 6 10 5
21 9
22 6 2 4 5 7 1 9 3 10 8
23 1 7 5 8 3 9 10 2
24 6 10 5
25 9 2 10 5 8 7
26 6 4 7
27 3 9 10 2 7 1 8 6
28 3 8 1 6 10 4 2
29 9 2
30 8 7 10 5 2 9 4 3 6 1
31 3 2 10 6 5 7 8 9
32 6 5 9 10
33 2 6
34 10 4 2 5 6
35 4 9
36 7 6
37 5 6 10 8 3 7 4
38 8 10 7 4 1 9 6 5 3 2
39 8 7
40 7 3 6 8 4 1
41 2 1 9 6
42 1 9 4
43 3 7 1 10 2 4
44 8 9 2
45 5
46 5 8 3 1
47 10 8 5 1 6 3 2 9 4 7
48 7 10 8 1 3
49 4 5 6 10 2
50 4 10 3 9 7 5 8
51 1 6 3 8
52 7 9 4 5 8 3 2 6
53 8 1 4 7
54 8 6 2 9
55 9 1 2 7 3
56 3 8 5 7 4 9 2 6 10
57 10 5 1 4 3
58 8 3 1 4 2 5 6 7 10 9
59 2 9
60 5 9 10 8
61 4 8 10 3 1 5 6
62 3 5 4 6 7
63 5
64 3 2 6 8 7 4
65 3 10 6
66 1 4 9 5 8 10 6 2
67 2
68 2 7 9 10 4 5 6 1
69 8 7 9 6 3 10 2 4 5 1
70 2 3 5 6 7
71 3 8 1 2 10 9 7 5
72 8 3 4 9 1 5 2
73 7 1 6 3 5 10 4 2 9 8
74 6 7 2 1 10 8 9 5 4
75 8 7 4 10 9 6
76 10 6 1 9 8 7 5
77 3 5 9 1 4 2 6 8 7 10
78 10 9 1 8
79 6 2 10 4 7 5 1 9
80 4 9
81 2 8 5 7 1 9 6 3
82 6 2 8 7 4 3
83 9 8 1 5 6 3 2
84 9 4 2 6 10 3 8 7
85 6 2 4
86 1 6 4 5 7 8 2 9
87 4 1 9
88 6 7 5 1 8 4 10 2
89 5 10 3 6 8 1 4
90 6 10 4 1 2
91 4 1 9 8 3 10 2
92 1 10 5 9 7 8 2 6 3
93 1
94 7 1 6 3 10 8
95 9 7 8 6 3 2 10 5 1 4
96 6 4 5
97 9 1 2 3 6 10 4 8 5 7
98 2
99 5 2 8 6 4 7 10 3 9
100 5