1 39 59 81 31 73 72 61 67 53 90 76 6 2 80 21 15 64 16 43 47 71 49 33 62 84 5 85 96 38 52 97 35 8 93 12 69 23 14 92 22 48 65 24 45 44 18 89 32 34 87 56 58 20 3 99 9 17 75 68 10 40 55 95 42 63
2 82 55 95 15 70 50 22 65 74 86
3 84 70 18 10 13 63 71 75 66 49 43 2 73 5 91 53 62 96 7 89 11 30 42 55 25 45 74 93 57 15 1 3 22 12 60 97 59 67 50 87 4 52 17 34 33 20 24 56 76 68 83 39 100 8 80 90 61 38 72 65 37 85 29 98 46 69 92 82 41 64 51 44 21 54
4 99 51 92 97 22 90 63 8 6 31 50 41 65 75 36 96 56 45 3 66 4 26 95 30 70 91 85 9 34 60 33 46 37 76 14 29 25 20 42 11 27 40 80 21 7
5 20 4 11 58 34 96 98 29 57 51 88 55 81 21 48 22 100 25 47 50 70 92 35 19 74 5 42 93 16 1 82 23 40 8 33 61 36 72 53 65 94 54 49 67 71 52 56 64
6 5 24 90 71 17 78 61 32 34 62 70 42 86 6 54 4 16 82 40 7 92 35 67 8 89 46 41 55 88 68 53 13
7 60 46 26 66 1 27 19 90 80 77 6 75 81
8 58 82 31 49 52 14 45 76 90 84 91 2 12 65 95 30 42 35 69 89 11 28 71 1 60 54 68 61 57 23 10 20 46 51 39 85 87 63 62 55 33 26 99 92 88 67 44 13 50 17 7 43 81 79 77 27 3
9 13 69 100 82 85 32 20 95 77 90 43 39 57 49 14 28 71 89 37 19 96 91 9 62 88 70 10 99 3 51 34 83 65 6 92 79 56 16 7 61 45 64 42 68 18 76 59 38 93 44 63 33 54 24
10 43 33
11 23 63 48 22 79 91 1 25 2 73 5
12 73 91 23 18 75 22 5 68 85 26 29 70 87 54 86 58 44 96 53 43 62 63 59 15 71 42 56 33 66 52 25 84 65 28 64 30 88 45 79 69 49 31 1 35 99 3 77 11 7 38 40 55 2
13 100 29 96 37 39 99 8 45 91 9 27 86 19 18 40 44 49 23 71 56 55 54 64 26 47 6 89 59 28 68 51 97 34 36 15 66 33 81 60 11 93 61 46 84 35 58 52 22 76 75 67 74 72 42 70 57 16 73 24 14 77 69 87 20 83 32 80 2 5 10 31 41 88 78 65 50 13 95 62 38 94 25 21 17 48 53 43 7
14 24 74 70 39 62 79 94 10 46 9 4 65 82 1 8 90 31 92 86 80 36 72 48 11 67 23 100 64 71 84 57 69 41 45 50 13 15 35 17 51 55 99 18 49 33 97 40 7 88 26 6 85 30 66 43 29 87 93 22 83 44 32 16 47 96 53 75 95 12 60 73 98 5 77 42 28 37 63 81 78
15 47 70 33 34 82 32 73 96 78 77 11 86 76 8 15 67 75 79 26 42 85 7 53 4 54 31 9 69 94 91 12 46 52 17 37 48 51 89 20 13 2 99 93 10 1 21 43 38 16 63 45 36 87 39 71 19 68 50 100 14 88 57 5 61 97 80 6 40 74 44 62 90 23 98
16 68 99 69 91
17 42 77 4 14 58 37 80 44 96 88 79 71 81 21 99 30
18 39 64 52 13 55 57 33 56 23 78 24 15 40 81 61 31 20 93 66 16 80 84 8 46 98 100 50 71 10 68 5 70 28 9 44 34 75 65 86 96
19 39 30 16 56 3 13 46 88 84 5 6 15 51 31 64 85 71 74 22 24 59 75 83 96 43 25 72 28 38 58 18 29 97 61 12 87 78 65 41 57 54 67 91 8 70 34 27 33 53 93 10 77 42 45 80 94 14 68 36 62 89 95 20 37 66
20 81 47 86 43 28 41 93 18 87 26 42 21 91 14 97 69 13 38 25 62 22 5 12 70 49 46 51 95 54 9 16 48 66 64 8 89
21 94 28 13 11 83 85 44 77 70 22 75 47 89 61 80 37 62 63 32 76 49 67 64 73 69 88 86 78 87 46 12 56 14 84 24 93 27 4 15 33 36 57 100 23 26 97 21 81 55 3 30 45 34 52 6 43 54 31 1 58 41 99 53 48 40 82 71 68 50 96 65 17 16 95 60 91 79 9 90 8 72 98 10 59 29
22 57 71 64 95 10 13 53 85 93 34 17 78 60 19 38 22 97 2 6 98 100 74 33 55 16 47 94 82 46 9 32 35 54 87 7 11 83 67 31 24 29 58 40 99 89 39 21 91 56 45 68 20 41 62 69 8 49 84 14 36 72 96 76 77 4 44 52 26 59 18 1 12 61 50 90 73 25 51 86 27 70 65 80 23 43
23 7 64 97 79 51 54 12 26 91 22 13 82 66 4 32 70 72
24 15 93 80 56 73 13 79 2 31 9 39 92 88 75 84 37 70 65 22 64 1 21 77 47 54 48 43 71 67 23 10 50 24 53 41 82 83 59 45 90 98 46 60 26 6 36 63 7 86 100 29 61 58 94 55 3 19 57 27 14 25 8 95 11 66 85 74 20 42 35 62 52 5 51 68 49 16 99 32 89 18 87 28 44 34 78 33 96 69 38 97 72 40 91 17 12
25 17 44 71 28 91 64 2 20 92 1 38 93 24 60 32 45 66 7 48 23 33 82 80 89 57 54 39 52 70 18 53 74 94 36 27 41 61 77 49 88 19 16 84 21 3 65 76 95 30 9 75 43 86 14 98 4 25 59 11 51 6 85 12 50 26 100 55 47 62 29 15 99 10 8 87 13 90 67 79 5 56 22 40 68 69 81 96 58 42 46 35 72 37 31 78 73
26 58 87 17 29 54 91 43 96 27 51 15 93 55 28 44 26 69 61 30 37 35 4 65 10 59 79 23 5 21 46 56 68 94
27 36 51 8 76 82 2 34 24 69 47 20 32 41 66 29 3 94 98 27 96 33 16 84 13 89 40 78 83 97 61 44 48 57 64 55 60 30 26 86 19 85 73 50 63 59 25 43 74 21 54 39 9 5 65 17 46 7 80 75 31 38 67 79 72 100 10 15 6 62 87
28 2 86 37 89 80 79 91 62 76 58 42 77 31 13 72 27 68 20 44 15 1 61 19 51 96 41 93 3 49 82 75 57 35 59 55 28 22 14 90 33 85 16 36 43 47
29 26 6 10 49 94 79 40 59 56 80 24 32 20 1 60 61 86 3 85 96 22 37 16 33 31 52 71 34 44 43 82 51 35 92 62 95 64 42 81 21 87 65 39 89 76 27 28 30 23 18 25 46 41 29 97 90 45 15 91 63 69 50 2 12 68 74 4 70 58 78 73 77 54 55 19 88 8 93 66 99 67 84 36 57 17 75 72
30 76 40 62 11 31 90 59 6 60 97 78 67 93 87 92 77 32 17 39 89 50 74 52 7 10 66 34 3 83 96 71 35 88 1 75 64 81 30 36 5 45 20 29 38 4 16 41 9 73 13 95 63 65 8 44 2 43 54 57 99 86 19 37 15 61 55 22 69 24 82 98 14 94 100 21 68
31 84 11 77 95 5 40 46 52 68 16 79 48 94 93 57 86 100 14 35 81 70 55 1
32 92 82 9 56 4 41 60 53 30 43 25 70 84 89 12 23 15 26 74 68 81 37 28 29 40 75 39 36 58 33 90 46 18 59 78 97 1 14 5 99 100 69 8 49 73 85 19 3 72 50 6 61 86 66 71 91 94 10 57 13 24 45 21 17 20 51 96 87 22 16 79 31 80 48 2 32 65 7 55 54 67
33 53 57 13 82 89 92 76 80 70 59 94 36 8 69 41 60 14 23 98 34 37 54 71 97 19 47 51 44 88 81 3 67 96 24 78 86 73 39 83 62 33 18
34 6 46 20 22 27 23 80 18 68 13 39 45 98 79 29 56 58 63 52 67 73 66 64 76 47 28 5 85 19 87 77 11 90 12 81 3 4 75 14 96 24 97 88 10 69 89 83 44 21 57 99 100 72 74 31 71 7 51 16 42 62 70 33 65 15 60 59 1 82 61 78 92 84 37 9 2 25 17 86 94 49 95 30 40 53 35 34 91 48 43 36 93
35 37 55 94 67 84 65 97 40 19 63 12 36 28 6 41 1 68 80 9 43 54 25 14 61 69 29 20 47 70 44 11 93 34 27 85 26 30 86 60 88 81 31 72 7 48 18 95 66 90 24 10 35 5 50 23 76 13 17 62 77 57 99 21 49 2 74 96 32 52 46 16 59 58
36 60 43 18 29 63 74 85 15 37 47 23 78 57 75 12 44 41 52 68 32 40 5 79 69 25 28 72 96 58 92 67 65 3 54 2 49 8 39 61 16 48 9 17 97 50 33 11 93 53 80 76 81 70 51 99 46 14 45 94 34 95 6 77 7 1 59 19 20 66 71 83 35 4 22 38 64 36 91 56 86 100 89 73 82 62 87 31 10 55 98 21 27 90 13
37 20 52 48 97 57 3 99 19 98 95 53 17 90 11 35 33 62 39 27 81 9 58 43 79 87 4 8 54 64 71 69 68 21 56 73 2 92 15 26 100 47 63 42 55 22 1 18 88 75 13 7 32 29 94 14 5 74 38 96 85 28 86 61 66 31 41 10 50 59 25 82 77 46 12 37 91 24
38 12 93 50 83 18 47 35 3 72 58 69 32 42 24 96 82 44 61 37 10 56 95 41 21 70 71 19 80 27 68 66 51 6 14 39 22 62 34 67 64 31 57 55 98 89 43 78 48 11 13 74 81 45 84 38 28 73
39 7 27 39 70 46 67 84 47 100 94 48 74 24 33 64 6 81 61 57 95 1 12 65 93 20 79 99 8 82 49 23 15 66 59 36 11 45 13 56 19 92 60 54 5 16 55 83 21 4 41 14 51 26 32 43 75 50 63 68 35 73 30 85 52
40 85 36 48 42 53 46 95 37 67 2 40 76 63 5 24 59 50 33 64 8 57 91 86 88 23 49 55 79 69 38 19 6 77 35 9 44 17 51 54 27 56 100 15 73 99 71 29 10 74 84 1 43 93 98 60 39 66 18 92 45 11 32 41 90 47 28 75 78 97 72 65 68 81 30 62 83 80 70 61 82 31 26 94 89 22 7 58 87 25 12 21 16 20 13 4 96 14 34 52
41 62 60 40 88 94 48 64 92 38 89 36 15 46 75 13 7 12 69 55 49 65 66 97 2 8 52 51 67 85 17 25 9 95 43 20 78 83 24 18 10 27 74 63 45 5 34 32 84
42 32 84 6 62 12 13 24 4 58 99 52 49 33 76 100 70 47 79 98 83 96 21 63 30 40 88 61 7 5 80 46 14 59 28 26 91 42 67 38 51 9 11 34 54 73 22 78 1 93 69 82 94 89 48 25 85 57 66 77 55 65 50
43 79 64 77 21 35 36 48 74 94 22 88 69 5 25 39 24 34 81 43 20 68 82 2 41 23 70 56 9 6 86 13 40 49 98 84 33 19 37 92 29 95 55 93 63 97 4 46 42 61 54 59 89 38 16 91 44 45 75 76 99 66 96 67 71 30 83 85 31 57 10 27 26 73 7 3 52 12 87 65 32 17 100 90 47 72 15 14 8 51 50 53 18 58 28 78 1 62 60 80 11
44 58 70 23 80 65 36 6 63 18 72 11 34 78 85 19 95 88 77 71 33 4 20 3 24 25 17 13 37 53 98 92 56 12 30 9 57 8 35 86 31 52 21 28 16 51 75 48 29 15 10 38 41 61 66 96 90 87 67 64 46 100 81 26 74 22 2 82 94 1 84 49 79 44 14 93 91 60 32 89 42 76 43 39 7 97 68 83 99 45 54 59 73 50 5 40 47 69 62
45 81 97 86 93 17 34 76 72 64 40 80 30 3 56 78 49 61 43 90 47 6 37 33 36 100 20 11 24 15 54 63 73 31 98 16 5 83 79 65 57 28 14 84 44 88 74 71 48 91 67 87 9 60 2 82 92 8 53 45 32 1 75 99 7 19 58 13 18 59 21 96 25 55 70 85 42 62 22 46 68 23 69 51 38 52 27 10 89 39
46 92 32 80 10 79 68 3 77 85 93 46 39 97
47 6 88 46 49 95 37 16 28 64 14 56 17 23 50 24 81 71 100 42 85 12 60 44 3 30
48 79 62 89 27 60 39 34 42 61 21 10 2 5 23 99 25 90 73 94 77 70 96 22 12 69 50 74 7 33 48 36 46 95 6 58 40 47 20 72 3 85 65 13 17 37 91 57 66 32 100 43 83 75 49 44
49 76 84 55 64 90 41 35 89 61 59 56 66 98 93 91 79 32 5 29 75 85 73 57 71 42 36 6 54 52 81 49 46 13 1 10 58 50 18 70 15 96 63 67 44 77 4 95 8 33 65 31 43 99 88 39 20 68 19 92 22 27 7 94 97 82 12 14 34 25 24 3 2 45 23 69 83 72 100 17 37 26 48 30 21 38 28 53 9 80 60 87 74 11 78 62 16 51 86 40
50 52 58 71 74 45 54 23 78 43 11 69 99 38 36 44 12 94 90 51 27 98 68 85 48 6 66 29 60 87 25 55 76 15 30 7 75 35 67 64 49 86 83 89 59 39
51 32 50 75 68 35 53 81 61 20 22 45 86 82 1 16 99 9 71 23 13 29 5 91 6 66 17 83 28 36 77
52 73 99 52 87 71 92 29 55 67 82 61 57 31 7 32 49 98 63 35
53 79 70 11 82 62 94 69 100 50 60 25 45
54 3 73 38 57 6 89 48 94 100 75 12 14 7 55 20 11 77 95 30 84 61 53 32 40 46 76 69 36 83 8 72 82 19 47 97 44 39 24 28 43 35 67 58 23 71 59 78 50 2 54 52 16 93 49 56 9 25 4 51 64 27 62 26 10 80 99 96 22 65 15 98 37 79 29 63 85 5 87 70 86 1 81 33 41 92 18 88 21 34 13 91 31 74 45 42 17
55 60 4 76 23 75 62 12 39 61 38 58 98 100 33 31 57 29 26 28 70 99 78 94 80 25 13
56 55 10 33 100 41 76 4 58 26 40 82 9 54 56 14 60 47 17 49 50 30 32 2 18 11 20 95 52 29 99 15 93 90 27 78 98 3 42 38 5 44 79 37 80 53 19 69 51 72 34 66 59 24
57 13 14 30 43 20 45 50 47 27 92 100 77 89 39 76 7 11 85 38 48 61 52 60 22 37 59 18 16 58 4 5 91 67 74 64 66 57 99 19 49 41 51 25 88 9
58 56 100 68 81 31 99 43 79 76 30 86 85 11 77 26 59 5 13 37 6 69 97 92 50 96 90 40 88 62 17 60 71 70 28 25 55 14 73 3 67 16 38 54 94 35 44 98 29 34 21 65 87 63 32 93 9 8 57 89 95 24 64 22 15 36 48 12 72 19 82 61
59 11 38 39 94 14 32 79 84 48 23 81 65 9 1 60 64 41 87 50 80 7 27 47 21 24 36 57 62 56 67 77 29 42 51 45 53 86 71 10 35 99 75 8 66 91 89 6 70 68 58 13 43 4 52 69 46 20 30 76
60 34 57 16 28 3 72 87 74 79 42 50 21 46 40 51 77 63 33 10 97 64 30 29 99 70 49 19 88 53 14 100 44 66 45 61 22 26 9 58 62 86 47 52 83 36 93 80 38 17 15 95 94 75 11 71 41 5 7 20 54 2 96 25 31 55 1 6 90 98 59 85 92 91 68 89 43 60 84 69 65 78 23 48 12 73 4 81 67 56 8 39 27 32 37 35
61 31 32 42 24 67 78 19 98 49 5 87 80 47 71 86 21 55 59 96 58 3 20 15 34 8 6 39 52 62 56 82 22 91 2 92 16 60 9 36 73 10 28 45 81 54 38 29 46 26 1 41 93 17 94 43 84 99 44 68 35 61 7 23 11 37 95 83 69 74 18 75 65 79 76 51 25 50 40 4 33 90 72 30 57 89 13 100 64 27 12 14
62 69 6 77 76 40 84 92 74 55 17 66 2 48 79 18 82 26 42 100 53 1 70 14 87 4 28 65 60 7 75 54 51 95 49 39 9 32 57 96 89 45 30 46 67 97 85 47 56
63 17 42 87 57 41 100 40 6 86 4 79 97 47 46 13 85 25 14 69 45 12 19 34 29 75 27 49 76 11 82 59 44 32 39 54 56 48 22 21 24 65 78 68 58 73 62 81 95 26 36 77 20 18 38 53 5 63 71 3 1 89 30 60 80 66
64 9 15 35 40 1 4 22 21 49 20 92 94 99 36 86 77 3 50 58 67 71 89 82 30 46 25 33 73 96 90 41 53 56 59 52 74 12 87 100 72 60 88
65 87 15 65 81 32 92 22 58 37 38 59 8 16 68 60 84 44 19 47 96 13 83 79 56 66 46 82 85 53 3 94 63 52 69 28 88 77 64 78 10 57 43 80 5 54 100 48 40 90 27 7 67 33 30 9
66 24 59 98 94 50 7 84 71 60 100 57 99 32 4 49 10 19 62 14 22 34 15 97 45 9 26 82 44 67 2 70 6 23 90 76 86 48 36 8 78 81 69 11 55 72 27 42 47 56 13 12 92 91 1 28 63 93 80 95 96 77 20 83 79 16 33 40 85 35 66 38 39 17 74 3 30 53 29 64 88 37 25 46 5 87 68
67 69
68 4 40 82 63 26 36 96 20 7 84 85 81 98 58 66 22 74 39 5 92 90 32 11 1 73 59 53 91 35 24 57 17 10 55 43 60 75 6 78 70 50 47 37 52 23 21
69 75 41 11 16 25 45 86 79 6 58 7 37 38 20 55 26 83 44 91 30 35 49 43 51 23 50 93 90 80 77 3 14 40 24 4 31 28 18 22 42 89
70 6 19 82 20 30 100 27 1 95 36 89 73 21 91 83 58 40 25 87 8 2 94 46 38 44 39 62 69 43 7 49 97 88 57 61 34 14 10 54 12 41 32 70 50 45 76 3 77
71 73 51 59 37 60 67 94 100 34 55 28 50 90 93 25 15 45 42 5 63 52 39 21 3 53 36 41 86 2 30 38 85 40 70 20 22 77 82 97 16 99 43 8 75 76 23 64 72 7 68 91 32 14
72 31
73 10 66 40 60 4 54 67 73 48 74 82 5 90 11 77 6 85 23 9 12 7 80 100 38 16 22 64 49 47 95 18 68 14 91 1 36 97 39 98 72 2 43 8 51 61 57 26 29 63 92 32 79 27 81 42 13 17
74 33 70 37 81 21 85 36 59 68 27 83 35 64 28 63 46 32 99 24 17 3 43 42 96 54 15 98 12 30 95 1 97 61 93 75 45 4 41 74 94 67 6 51 47 5 26 62 82 86 40 2 90 72 77 100 73 14 79 69 58 22 34
75 23 79 6 88 36 87 31 35 78 100 7 13 50 29 43 94
76 24 17 3 54 86 60 61 31 22 7
77 36 86 58 67 18 55 83 26 45 74 80 75 84 21 54 53 91 63 69 92 82 16 17 44 37 27 78 60 90 100 8 77 99 51 93 56 12 39 95 38 7 31 25 97 19 24 57 62 48 22 68 64 41 85 28 61 5 88 59 30 42 81 87 3 40 13 89 9 4 15 52 23 32 96 66 11 98 73 43
78 67 100 64 28 30 16 33 53 51 13 68 32 10 20 12 80 83 2 66 57 75 48 50 26 35 54 42 44 34 71 37 7 61 91 40 19 55 43 72 25 98 95 23 49 36 56 47 79 9 89 74 63 6 3 96 15 76 24 1 69 45 41 78 93 60 85 99 11 31 59 88 4 22
79 76 64 74 32 82 27 48 55 33 39 18 45 66 78 34 53 40 97 62 15 72 2 23 19 46 16 89 98
80 40 13 15 96 20 23 82 28 92 35 36 18 4 68 3 11 45 12 8 32 71 77
81 6 84 5 87 56 15 83 16 47 70 74 42 30 40 65 79 71 11 68 76 49 69 62 59 66 25 100 35 41 85 73 90 48 81 99 8 95 10 33 46 28 61 92
82 85 31 3 83 72 89 39 14 56 63 25 41 9 36 97 69 11 7 77 34 96 58 27 15 23 75 44 66 53 33 61 90 54 76 28 93 4 6 62 82 49 5 24 29 57 47 98 2 48 12 52 73 37 30 55 68 17 8 78 92 35 26 74 59 10 87 51 79 46 22 80 40 91 13 50 84 99 16 67 21 20 1 43 64 100
83 76 20 78 4 29 66 52 2 72
84 19 64 73 8 43 25 38 59 93 79 48 97 12 94 17 84 75 42 86 39 46 11 66 26 100 41 82 92 95 40 60 30 47 67 88 50 69 63 9 35 81 29 85
85 19 73 47 79 35 2 52 1 7 61 42 78 11 67 22 18 72 66 83 15 49 24 86 6 64 5 33 60 23 99 65 68 17 13 44 32 85
86 61 30 89 66 42 4 37 49 33 40 7 11 20 77 31 35 56 10 24 5 38 3 79 26 84 81 73 74 2 58 93 39 71 1 65 12 90 34 70 46 28 80 50 57 94 59 62 36 85 41
87 92 73 43 78 75 77 72 28 81 52 83 30 10 100 85 3 51 48 36 9 63 90 97 39 24 94 49 18 79 96 15 55 62 98 45 26 58 42 16 86 2 31 80 25 59
88 2 55 36 19 97 11 76 23 86 4 54 80 74 65 64 88 78 31 91 62 90 43 1 35 6 96 27 12 51 93 44 92 75 13 16 89 34 5 99 42 28 48 70 98 7 30 61 79 77 29 14 59 72 81 57 50 9 67 38 100 94 87 49 83 66 68 24 47 73 46 39 8 41 25 10 17 82 21
89 43 11 66 56 70 8 2 25 52 40 79 3 14 69 80 19 45 94 42 83 16 67 28 38 5 31 85 26 62 6 97 51 48 49 64 73 71 12 93 32 46 82 50 20 89 88 22 47 1 37 35 61 29 39 96 91 17 30 90 18 54 10 59 99 76 44 9 58 98 55 33 100 15 95 34 60 57 7 72 63 53 41 13 87 81 27 77 78 84 21 92 86 36 75 74 4
90 27 70 2 23 96 93 95 5 29
91 2 41 43 66 11 89 18 51 80 94 79 78 14 75 12 72 99 39 87 40 37 36 30 85 26 98 21 16 58 92 96 91 44 34 7 27 68 46 61 8 90 48 81 6 76 93 49 35 54 38 62 82 100 71 20 86 33 23
92 66 63 51 71 82 32 25 34 55 54 47 78 84 73 56 99 12 39 8 67 46 43 30 10 16 18 68 85 64 37 79 65 61 95 27 58 87 98 35 89 22 5 28 13 29 20 42 45 1 81 6 26 88 41 70 15 90 83
93 79 31 52 45 59 91 19 21 58 40 26 41 57 100 81 29 50 28 84 24 20 22 25 8 2 60 83 95 3 72 7 69 73 85 12 9 15 62 34
94 23 70 67 53 50 34 46 58 71 63
95 88 51 15 80 38 27 12 46 74 43 41 2 14 96 22 17 31 69 93 11 66 37 62 95 25 33 55 54 52 34 53 30 24 94 65 87 3 7 82 81 84 5 91
96 94 58 59 39 35 91 54 64 98 36 46 7 53 81 65 10 42 44 20 38 68 25 37 66 97 24 92
97 86 23 9 44 82 54 62 60 14 69 96 87 66 89 4 28 68 21 31 97 76 38 18 30
98 35 41 63 67 21 84 61 42 51 4 20 93 74 5 8 90 1 64 3 23 26 87 59 83 46 88 48 58 86 38 97 12 71 45 17 18 10 24 100 65 57 29 52 37 95 15 98 28 68 75 62 50 44 49 9 69 60 78 56 2 73 55 72 32 27 79 39 91 7 33 89 43 22 85 31 99 11 66 77 25 30
99 70 7 21 71 18 34
100 99 97 90 73 49 20 28 25 70 18 45 39 34 71 17 94 43 100 58 78 38 31 62 8 7 85 81 22 33