1 5
2 5
3 1 4
4 5 1 2 4 3
5 5
6 3
7 2 5 3
8 1 3 5
9 4 2
10 5
11 3 5 4
12 1 2 5 3 4
13 4 2
14 5 2 1
15 4 2 3 5 1
16 4 2 5
17 5 4 1 3 2
18 1 2 4 3
19 3
20 3 4 2 1 5
21 1 3
22 2 5 1 4 3
23 4
24 5 3 4 2 1
25 2 5 1
26 2 5 4 1
27 3 1 4 5 2
28 2 5
29 3 4 1 2
30 3 1 5 4 2
31 1 3
32 3 2
33 4 2
34 1 3
35 1 5 2 4
36 1 5 3
37 5
38 2 5 4
39 5 2 3
40 1 2 4 5
41 4 3 2 1 5
42 3 4 2
43 2 5 4 3
44 3 1
45 1 2
46 5 4 3
47 4 2 5
48 1 3 5 2 4
49 3 2
50 3 1 5 2 4
51 4 2 3 1
52 4 3 2
53 2 4 1 3
54 1
55 5 1 3 2
56 3 1 4 2
57 4 1 5 2
58 2 4 1 5 3
59 4 2 3
60 4 3 5 1 2
61 2 3 4
62 4 5
63 4 2
64 1 2 3
65 5 1 4 2
66 2 1 3
67 4 2
68 5 2 3 1 4
69 4 5
70 5 2
71 3 1 2
72 5 3
73 3
74 2 4 1 5
75 5
76 3 1 5
77 5 3
78 3
79 4 2 1
80 3 1 2 5
81 1 2 5 3 4
82 2 4 3 1 5
83 3 1 4
84 5 4 1 3 2
85 5 1 3 4 2
86 2 3 4 5 1
87 3 4
88 5 4 3
89 3
90 5 4 3
91 4 2 1 5
92 1 3 5 2 4
93 4
94 4 2 3
95 4 1 2
96 5
97 3 2
98 1 2 5 4 3
99 4 1
100 1 2 5 3 4
101 1
102 5 2 3 1
103 2 3 4 5 1
104 5 1 2 4 3
105 2 1 4 5
106 5 2 3 1 4
107 3 2 5 1
108 4
109 3 4
110 1 5 3
111 1 3 4
112 1
113 3 5 4
114 3 2 4 5
115 4 5 3
116 2 1 4
117 5 3 4
118 3 1 2 5 4
119 3 1 2 4 5
120 1 4 5 2 3
121 2 5
122 5 1 3
123 4 5
124 3 5 4
125 3 5 4 1 2
126 3
127 1
128 1 4 2 3
129 3 1 2 5
130 4 2 3 5
131 2 5 4
132 4 1 5 3 2
133 5 2 4
134 4
135 3
136 1 3 5 2
137 1 5
138 1
139 3
140 4 1 2
141 4 2 3 1
142 2 4 5 3
143 5
144 3
145 3 2
146 4 3 5 2 1
147 2 1
148 4 5 1 2
149 3 4 2 1
150 4
151 2 4 3 1
152 5 2 3 1
153 2 4 3 1
154 2 5 3 1 4
155 3 1
156 5
157 3
158 1 3 2
159 5 3 4
160 3 1 2
161 1 2
162 5 2 1 4 3
163 4 2 5 1 3
164 2 5 4 1
165 4 3 1
166 5 4 2 1
167 5 3 1 4
168 2
169 3 5 1 2
170 5 2 3 4
171 3 4 1
172 2 5 3 1
173 1 3
174 4 3 1 2
175 5 3 1 2
176 5 3 4
177 2 1 4 3 5
178 5 3
179 1 3 4 5
180 2
181 1
182 1 5 3
183 3
184 3 1 5
185 5 4 1 2 3
186 4 2
187 4 2
188 5 1 2 4 3
189 1
190 5 2 3 4
191 3 1
192 1 5 4
193 2 1 5 4
194 4 3 2 1 5
195 1 2
196 2 4 3
197 2 1 3
198 4
199 2
200 4 5 2 3
201 5 1 4 3
202 5
203 5
204 3 2 4 1
205 5
206 4
207 5 4 1 3
208 4 2 5
209 1 4 3
210 2 1 5 3 4
211 5 2 4
212 5
213 5 2 3
214 2 4 3 1
215 3 2 4 5 1
216 2 1 5 4
217 3 2 4 1 5
218 3 2 4
219 2 1 3 5
220 3 4 2 1 5
221 4 2 1 5 3
222 4 3 5 1
223 4 5
224 4
225 3 1 2 4 5
226 3 5 4 2 1
227 2 1 3
228 1 2 5 3 4
229 3 4 5 1
230 2 5 1 4
231 5 4 3 2
232 4 5
233 2
234 1 3 5 2 4
235 3 4 1 5 2
236 1 4 3 5
237 1 4 5 3 2
238 3 4 5 2
239 5
240 2
241 2 1 5 3
242 3 5 1 2
243 2
244 2 5 1 4 3
245 4 5 2 1
246 4 5 1 2 3
247 2 3 1 5 4
248 3 1
249 5 1 4 3
250 2 4 3 1
251 1 4
252 4 1 2 3 5
253 2 3 1 5
254 2 3 1
255 5 3 2
256 2
257 1 5 2 3 4
258 3 5 1
259 3 1 4
260 4 2 3
261 5 1 4
262 3 4 1 2
263 4 3 1
264 5 3
265 1 4 2
266 4 3 1 5 2
267 2
268 1 5
269 4
270 2
271 4 5 1 2 3
272 2 4 3 1
273 2 4 5 3 1
274 1 2
275 2 3 1 4
276 3
277 5 3 2 1 4
278 4 5
279 5 3
280 5 3 4 2
281 3 4 1
282 1
283 1
284 5 4 3
285 4 2
286 4 2 5
287 2 5 3 1
288 4
289 1
290 3 1
291 1
292 1 4
293 4 1 2
294 5 1 3 2 4
295 3 5 2
296 3
297 4 5 1
298 2 3
299 1
300 3
301 5 1 2 4
302 2 3 5
303 3 1 4 2 5
304 1 3 5
305 1
306 3 1
307 2 3
308 3 2 5 4 1
309 3 1 2 5
310 4 5 2 1
311 3 4 5 1 2
312 5 4 3 1
313 3 1 5 4 2
314 3 4 2 1 5
315 1 5 2 3
316 2 1 4 3
317 4 3 2
318 4
319 2
320 3
321 5 1 2
322 4
323 3 5 1 2 4
324 2 3 5 4
325 2 5 1 3 4
326 4
327 3 4
328 4 5 1 3
329 3 5 2
330 3 4 1 5
331 4 2
332 3 2 4
333 1 2 3 5 4
334 5 3
335 2 3 1 5 4
336 3
337 2 3 1 4 5
338 3 1
339 5 3 1 4
340 1 3 5 4
341 1 5 3 4 2
342 4 3 1 2
343 1 5 3
344 4 2
345 2 1 4
346 2 1 4 5
347 4 2 5
348 1 2 5
349 3 1 5 4
350 3 4 1 5
351 4 1 3 2 5
352 1 5 2 4 3
353 1 4 5 2
354 5
355 2 3 4 5 1
356 3
357 4 5 1 2 3
358 4 5 1 3 2
359 2 4 1 5
360 2 4
361 2 3
362 2 1 4
363 1 3 4
364 5 1 3 4 2
365 3 1 5 2 4
366 4
367 2 5 1
368 2 1 5 4
369 4 2 5
370 4 3
371 4
372 4 5 2 3
373 5 4 3
374 1 2 4 3 5
375 1 5 4 2
376 3
377 1 2 5
378 5
379 4 1 2
380 2 4 3 1
381 4
382 2
383 4 3 2 5
384 2 1
385 4 5 3 2 1
386 5 3 1 4
387 5 2 3 1
388 1 5 4 2
389 3 2 4 1
390 3 1 4 2 5
391 2 1 3 5 4
392 5
393 2 3
394 3 1
395 4 2
396 5 4 1
397 1 3 5 2
398 2
399 5 4 1
400 3 1 5
401 5 4
402 5 2
403 4
404 2 1 5 4
405 4 3 1 2 5
406 2 1 4 3
407 4 5 3 2
408 4
409 3 1 2 4
410 5 2 3
411 3 1 4 2 5
412 4 5 3
413 3 2 1 4 5
414 4 5 2 1 3
415 3
416 1 4
417 5 4 2
418 4
419 2 3 1 5
420 5 4 3
421 3 2
422 3
423 2 3 4 5 1
424 1 4 2 5 3
425 2 4 3 5 1
426 4 1 5
427 1 2 4 5 3
428 3 2 1 4
429 1 4 5
430 4 1 2 3 5
431 4 5 1
432 2 5 3
433 1 4
434 1 3 5
435 3 5
436 3
437 2
438 1 5 2 4
439 2 4 3 5 1
440 4 2 5 1 3
441 1 5
442 3 5
443 4 1 2 3
444 3 2 1 5
445 2 5 4 3
446 5
447 1
448 2 3 4
449 2 3 5 4
450 5 3
451 5
452 4 2
453 1 5 4 2
454 3 1 2 5 4
455 3 1 5 4
456 4
457 3
458 3 5 4
459 3 2 5
460 1 2 4 3 5
461 4 2 3
462 3 4 1 5
463 1 4 5 2
464 1 4
465 5 2 4 1 3
466 4 3 2 5
467 2 5 1 3
468 5 2 3
469 3 1 2
470 1 5 3
471 3 4 5 2
472 4 1
473 1 4
474 3 1 2
475 1 5 3
476 3 5
477 3 1 2
478 4 3 5 2 1
479 5
480 5 4 3
481 3 4 5
482 3 5 4 1 2
483 2 1 5 4 3
484 2 5 3 1
485 3 2 5 1
486 4 3 2 1 5
487 5
488 5
489 5 3 2 4
490 3 1 5
491 1 5 4 3 2
492 4 1
493 4 2
494 2 3
495 3 1 5
496 2 3
497 3
498 4 5 3
499 4
500 5 2 3
501 5 4 2 1
502 1 5 4 3 2
503 5 3 1 2 4
504 4 5 2 3
505 5 3
506 4 3 1
507 4 1 2 3 5
508 4
509 4 2
510 4 1 2 3
511 3 2 1 5
512 1 2 4
513 3 2
514 1
515 5 4 3 1
516 4 1 2 3
517 1 3
518 5 4 1 2
519 5 1 3 2 4
520 2 1 4 3
521 3 4 5 1
522 2 3 4 1
523 1 4
524 4 3 5 2
525 5 1
526 2 4
527 3 4
528 1 3 5 4 2
529 4 1 2 3
530 4 2 5 1
531 1
532 1
533 5 3 4 2 1
534 2 4 3 5
535 2 1 4 5 3
536 2 4 5
537 1 3 4
538 3 5 4 1
539 2 4
540 2 3 4
541 5 2 1 3
542 2 4 5 1
543 3
544 1
545 5 1
546 5 4 2
547 3 5 2 4 1
548 3 4
549 3 2 1
550 4 2
551 5 2 1 3
552 5 2 3 4 1
553 1 2 4 3 5
554 5 3 1
555 4 3
556 1 4
557 1
558 4 5
559 1
560 4 3 5
561 3 5 1 4
562 2 1 5 3
563 4 1 2 5
564 4
565 2 3 5 1 4
566 1 2 3 5 4
567 5 3 1 4 2
568 4 1 5 2
569 1 5 3 2
570 2 3
571 5 3
572 1 4 5 3
573 5 1
574 3 2 5 1
575 1 3 4 2
576 3 4 1 5
577 4 5 3 2 1
578 4
579 2 1 5
580 1 2 4
581 3 4
582 3
583 4 3 1
584 1 5 4 3 2
585 3 4 1 5
586 2 4 3
587 5 3 2 4
588 3 4 5 1
589 4 3 5 1 2
590 2 3 5 1
591 4 5 2 1
592 1 3 4 5
593 1 3
594 1 4 5 3 2
595 4 5 2 3
596 4 1 3
597 5 1 2 3
598 3 2 4 1
599 4 3 1 5
600 4 2 1
601 3 1 2
602 5 4
603 4 2
604 5
605 5 4 2
606 2 3 5
607 2
608 4 1 2 5 3
609 2 1 3
610 4 3 2 5 1
611 3
612 2
613 3 2 1 5
614 5 3
615 3
616 4 1 5
617 1
618 4
619 4 3 5 2
620 2 3
621 4 3 2 1 5
622 1 5
623 1 2 5 3
624 2 3 5 4
625 4 3 2 1
626 5
627 3 5 1 2 4
628 4 1
629 5
630 1 5 4
631 5
632 3 1
633 1 2 5
634 5 2 3 1
635 4
636 5 3 4 1
637 4 5 3 1
638 1 4 2
639 1 5
640 1 5 4
641 2 3
642 5 1 3 2
643 4
644 2 4 1
645 2 4
646 5
647 3 1 5 2 4
648 3 2 4 1
649 4 3 5 2
650 4 3 2 1 5
651 5 1 4 3
652 2 5 4
653 2 1 4 3 5
654 4 5 2
655 2 5 1
656 1 5
657 1 2 3
658 4 3 1 2
659 2
660 2
661 3 4 5 1 2
662 2 3 4 5 1
663 5
664 1 4 3 5
665 2 3
666 1 4 2
667 1 5 2
668 5 1 3 4 2
669 4 2 1 3 5
670 1 3 2
671 1 5 2
672 4 3 5 1 2
673 4 3 5 2 1
674 5 3
675 3 4 5
676 4 5 2 1
677 5 1 3 2 4
678 2 5 3
679 2 5
680 2 1
681 4 5 2 1 3
682 3
683 5 3
684 2 3 5 1 4
685 4 3 1
686 5
687 1 3 4 2 5
688 2 1
689 3 1 2 5 4
690 1 3 4 2
691 3 2 1 5
692 4
693 1 4
694 2 4 1 3 5
695 4 1 3 5
696 1 2
697 1 5 4 3 2
698 1 5
699 4 1 2
700 4 1 2 3
701 5 4
702 3 5 2 1 4
703 1 5 4
704 3
705 5 4 1 3
706 5 4
707 3 5 2
708 4 3 2 1
709 2
710 5 4
711 5 1 4
712 3 2 4 5 1
713 4
714 1 2
715 3 4 2 5
716 1 5
717 3 5 1 4
718 3 5 4 1
719 1 5 2 3
720 2 5 4 3 1
721 4 1 3 5 2
722 5 3 2 4 1
723 1 4 2
724 1 4
725 1 4 5 2 3
726 3
727 4 1 5 3
728 4 5 3 2 1
729 3
730 5 4 3
731 5 2 3
732 1
733 5 3 2 1 4
734 2
735 3 4 2
736 1 4 3 5 2
737 5 4
738 2 1 4 3 5
739 1 5 3
740 3 1
741 4 5
742 3 2 5 1 4
743 5 3 1 4 2
744 3 4 2 5
745 1 4 3 5 2
746 4 5 1
747 3 1 2
748 5 1 2 4
749 2 3 1 5
750 2 3 4
751 4 5
752 2
753 4 5 2 3
754 4 3 1
755 1 3
756 4 3 2 5 1
757 1 5 4 2
758 1 2 3 5
759 3 5
760 3 1 4
761 3 4 1
762 4 5
763 2 4 5 1
764 4 3
765 1 5
766 5 3
767 1 3 5 4
768 1 3
769 1 3 4
770 1 2
771 5 4
772 5 4 1 2
773 5
774 5 2
775 4 5 3 2 1
776 1 4 5 3
777 3 1 5 4 2
778 3 1
779 2 4 3
780 2 5 4
781 4 5 3 2
782 5 1 2
783 3
784 1
785 5 2 3 1 4
786 4 1 2
787 5 3 1 2
788 2 5 4 1 3
789 4 5 1 2 3
790 4
791 2 3
792 4 1 2 5
793 3 5
794 3 2 1 5
795 4 3 5 2 1
796 4 1 2
797 2
798 2 1 5 4 3
799 2 4
800 4 1 3 5 2
801 2 3 5 4 1
802 5
803 2 5
804 3 2 1 4
805 4 1
806 4 3 2
807 2 3 1 5 4
808 4 2 3 1
809 3 1 2 5
810 1 5
811 4 2 5 3
812 3 4
813 1 4
814 2 5
815 1 3 4
816 3 2 4
817 2 3 5 1 4
818 3 1 5 2 4
819 3 5 2 1 4
820 1 2
821 5 4 3
822 1 3
823 1
824 4
825 2 5 1 3
826 3 2
827 2 1 3
828 5 3 1 2 4
829 5 4 1 2 3
830 4 5 1 3
831 1 2 4
832 1 3 2 5 4
833 2 4 5 1
834 1 5 3 4 2
835 2 4 1
836 1 2
837 1 2 4 3
838 3 5 4
839 4 1 3 2 5
840 4 1 3 2
841 3 2 4
842 1 5
843 5 3
844 2 3 1 4 5
845 5 3
846 3 4
847 5 1 3 2 4
848 3
849 4 3 2 1 5
850 4
851 1 4 5
852 1 5
853 2 4 1 5
854 5 4 1 3
855 5 1 4 2
856 5 3 2 4
857 3
858 3
859 1 4 3 5
860 5 3 2 1 4
861 2 5 1 3 4
862 3 2 5 1
863 1 2 3 4
864 4 2 5 1
865 2 5 3
866 5
867 4 2 1 5 3
868 4
869 4 5 2 1 3
870 5
871 3 2
872 5
873 4 1
874 3 1 5 2
875 5 2 1
876 5 4 2
877 5
878 1 4
879 5 3 4 2 1
880 5
881 4 3 1 2 5
882 3
883 5 4 3 2
884 4 2 5 1
885 1 3 4 5
886 4 3 2 1
887 3 2 4
888 3 5 1 4
889 3 1 4 2
890 1 5 3
891 5
892 4 2
893 2
894 4 5
895 3 4 5 1
896 3 4 5
897 1 3 5
898 5 1 4 2 3
899 5
900 1 4
901 2 1 3 5
902 1 4 5 3 2
903 5
904 3 1 2 4 5
905 1 3
906 5 3 2
907 4 2 1 3
908 2 5 1
909 3
910 1 2 5 4
911 4 2 5 3
912 1
913 2 5 3 4
914 5
915 2 5
916 1 2 4
917 2
918 1 2 3
919 2 3
920 1 5 2 4
921 4 1 2 5 3
922 4 5 3 2 1
923 2 4
924 1 5 3 4 2
925 2 1 3 4
926 4 1 3
927 4 3 1 5
928 1 5
929 4 3 1 5
930 1
931 3 5 1 2
932 5 1
933 4 5 3 1 2
934 5 4 2 3
935 3 1 5 4 2
936 5 3 4 1 2
937 4 3 5 1 2
938 4 1 3 2
939 5 4 1
940 4 2
941 5 2 1
942 3 1 5 2 4
943 4 3
944 2 5 4
945 5
946 4
947 5 3 2 4
948 5 4 3
949 5
950 2 3 4 5 1
951 2
952 3 1
953 4
954 1 4 5
955 1 5 2 3 4
956 4 2
957 4 5 2 3
958 3 1
959 2 4 5
960 3 4
961 2 3 1 4 5
962 2 3 5 1 4
963 4 3
964 4
965 4 5
966 1 4 3
967 3 1
968 2 1
969 4 3
970 4 3 2 5 1
971 4
972 5 1 2 3
973 3 2
974 5 4 1 2
975 4
976 5
977 2 1 3 5
978 2
979 1 5 4
980 4 3 2 1
981 2 4
982 5 1
983 3 5 4
984 4 3 1
985 2 4 3 1 5
986 3 5 4
987 5 2 4 1
988 4 3 2 1
989 5
990 2 3 1 5
991 3 4
992 1 3
993 5 1
994 3 2 1 4
995 3 1 5 2
996 5 1 3 2
997 4 2
998 4
999 5 2 4 1 3
1000 1 3 4 2 5