20
19 11 8 7 2 16 1 18 17 12 15 13 4 20 14 10 5 9 3 6 
20 7 6 10 3 2 17 13 12 11 18 1 14 15 16 4 9 19 5 8 
2 11 20 16 15 17 4 10 14 5 7 6 18 13 3 12 9 19 8 1 
7 12 2 6 16 14 9 11 10 5 19 18 1 13 3 15 4 20 17 8 
9 17 6 5 20 13 18 3 16 2 19 1 7 4 14 12 10 8 15 11 
19 20 10 12 18 11 2 17 4 5 9 16 14 6 13 8 15 1 7 3 
11 8 9 17 15 6 14 5 16 4 20 2 10 18 12 19 3 7 13 1 
2 7 8 10 18 14 6 13 5 1 20 19 17 4 16 3 9 12 15 11 
1 2 14 19 13 4 9 7 20 12 17 15 5 8 16 11 18 6 3 10 
5 14 10 11 1 19 16 2 3 17 6 15 12 9 4 18 8 20 7 13 
7 6 20 8 12 14 10 15 5 11 3 17 9 16 19 13 4 2 18 1 
18 17 4 20 12 10 6 16 3 11 19 9 1 5 7 15 13 14 8 2 
17 16 5 3 10 13 12 7 8 11 9 4 19 1 15 14 2 20 18 6 
4 5 7 18 9 13 1 6 16 10 12 15 20 8 3 14 17 2 11 19 
2 3 11 6 15 4 16 12 14 17 5 8 7 20 13 1 10 18 19 9 
8 13 15 3 11 20 9 1 4 16 6 18 7 2 10 14 12 17 5 19 
1 2 19 12 20 7 11 13 18 16 6 9 5 4 8 10 17 14 3 15 
9 10 5 16 1 19 8 11 17 2 18 12 6 14 3 15 13 7 20 4 
7 17 2 9 1 3 18 13 4 8 15 5 19 16 11 14 12 6 20 10 
18 8 16 6 9 14 4 2 20 11 3 5 15 19 1 10 17 12 13 7 
