50
35 32 18 36 42 21 3 30 19 47 31 37 4 2 23 22 10 44 16 13 39 29 26 49 7 5 38 41 45 27 15 48 33 17 40 11 9 14 24 25 43 20 34 46 28 1 50 8 12 6 
42 8 21 18 20 6 25 10 37 23 44 2 41 38 13 19 26 5 47 22 45 34 31 32 35 9 1 48 3 49 39 40 28 27 46 11 16 50 30 14 12 36 4 24 43 29 15 17 7 33 
22 2 39 3 27 26 1 37 28 42 36 33 6 46 12 24 34 7 8 49 43 45 4 23 40 19 29 14 15 41 5 16 38 48 18 9 47 21 20 13 50 10 32 30 17 11 35 31 25 44 
19 50 31 12 39 23 33 2 17 30 3 13 45 44 28 6 42 14 16 46 38 43 20 15 47 35 49 22 36 10 32 9 11 8 7 29 1 34 18 24 27 37 26 5 48 25 21 41 40 4 
5 32 9 36 24 34 44 50 2 11 47 27 1 15 30 28 46 48 6 8 38 4 49 23 35 7 25 37 16 42 20 10 12 43 45 40 33 41 21 3 14 22 13 31 17 19 26 18 39 29 
35 42 31 37 22 19 8 1 50 17 15 16 41 45 43 25 20 9 28 29 18 30 39 40 23 38 32 12 36 34 6 33 24 3 44 10 4 21 2 13 7 27 49 26 47 5 46 14 11 48 
49 9 26 6 19 36 34 4 23 41 29 20 39 2 33 14 38 27 15 5 48 18 8 16 42 31 40 35 44 32 12 50 30 47 7 10 46 3 25 17 13 11 24 43 1 22 37 45 21 28 
39 11 34 24 20 5 10 47 45 38 16 33 6 23 32 28 21 4 3 18 41 22 1 25 27 17 42 2 43 13 26 49 19 8 36 37 44 7 50 29 31 14 40 15 48 35 30 46 9 12 
31 33 32 39 8 48 41 44 1 25 23 15 28 21 4 35 50 45 49 18 43 20 30 12 37 29 14 38 2 7 47 24 22 11 9 42 26 16 36 34 5 17 40 10 3 27 19 46 6 13 
45 39 24 4 42 6 19 47 35 27 36 48 16 7 50 40 13 37 21 43 14 46 11 49 12 10 20 18 5 28 25 1 44 22 17 41 33 29 26 30 3 38 9 2 8 32 23 34 15 31 
19 22 14 1 24 41 17 18 32 3 37 27 33 34 29 48 6 20 15 42 10 13 47 46 5 26 50 43 25 4 2 16 21 39 7 31 49 11 45 38 40 35 30 36 23 28 8 44 12 9 
11 45 15 9 50 6 44 35 22 37 26 39 25 38 36 19 23 32 48 3 10 20 33 47 30 8 7 42 49 2 21 24 46 13 12 5 4 17 29 34 28 43 31 27 14 40 18 41 16 1 
7 44 21 43 20 49 46 26 45 6 48 3 10 40 38 15 1 32 11 47 28 33 31 2 24 5 22 42 19 29 8 37 27 25 34 35 13 30 39 50 16 12 23 18 17 9 14 4 41 36 
8 18 28 41 31 11 29 33 5 40 42 24 32 21 3 9 12 2 43 4 7 34 17 1 19 39 35 23 16 46 14 10 37 45 50 15 25 20 27 48 30 38 6 49 47 22 26 36 13 44 
12 10 50 39 34 41 8 40 32 31 44 5 38 47 27 15 11 2 13 17 20 49 48 28 3 1 26 9 16 24 6 14 7 21 35 22 4 36 30 45 29 18 37 33 43 23 42 19 25 46 
49 32 34 21 35 13 37 5 10 9 41 19 30 17 36 11 45 15 14 31 8 50 40 26 43 24 39 33 20 38 1 12 6 44 23 46 4 3 28 22 29 47 27 2 25 42 48 7 16 18 
46 32 9 2 28 41 24 13 25 19 30 7 6 4 3 33 34 42 31 47 40 14 22 17 5 49 1 20 23 36 10 45 29 27 11 35 50 18 26 16 39 21 48 38 43 15 37 8 12 44 
8 11 7 1 21 45 48 29 41 22 50 44 47 18 34 19 27 16 40 23 43 15 37 26 28 32 12 42 49 25 4 30 6 9 46 2 13 5 24 38 20 39 10 14 35 3 33 17 36 31 
24 17 2 40 34 37 31 15 19 7 12 47 43 35 21 39 41 23 49 32 48 42 26 46 30 29 18 9 44 45 10 20 16 11 3 28 1 25 38 14 6 8 13 33 22 5 27 50 36 4 
32 16 25 39 17 30 8 21 3 31 12 43 11 24 29 50 5 1 22 26 38 23 14 18 20 13 46 2 48 36 41 19 49 47 9 35 40 27 44 37 42 45 28 6 34 10 15 7 33 4 
14 10 24 12 2 6 37 11 35 17 3 7 25 43 28 22 5 21 32 33 15 19 13 16 41 48 8 36 9 45 44 1 18 29 34 26 23 49 47 50 27 38 42 4 20 46 39 40 31 30 
15 44 14 41 27 7 43 35 20 21 24 47 49 10 4 2 16 45 12 48 25 34 37 8 50 23 13 5 30 3 9 33 42 39 28 40 6 31 19 18 46 26 38 11 32 17 22 36 29 1 
36 7 30 8 1 2 37 4 24 28 16 15 5 41 29 33 17 43 27 23 49 10 26 21 31 9 20 18 22 35 3 19 39 12 13 50 6 32 42 45 11 44 40 25 38 47 48 34 46 14 
21 41 22 31 36 47 39 16 29 11 30 34 19 24 1 27 23 43 46 48 2 5 7 13 12 3 45 14 26 32 25 38 28 35 17 44 37 15 20 8 42 18 49 4 6 50 10 9 40 33 
32 10 18 40 11 20 50 17 22 35 24 39 7 42 48 6 26 23 33 2 38 43 13 5 37 31 34 45 25 19 1 14 21 47 41 15 3 12 30 9 16 27 28 8 44 46 4 29 49 36 
7 11 42 8 45 32 22 49 2 5 17 47 40 1 29 6 15 38 26 19 30 18 35 37 20 23 16 3 33 44 28 41 21 31 48 10 39 34 4 50 25 43 12 9 46 36 24 14 13 27 
31 44 18 11 25 4 5 42 17 49 40 36 39 7 34 9 30 45 35 20 26 8 29 6 32 3 48 15 37 1 16 2 24 13 50 12 47 10 14 38 33 23 46 21 43 41 19 27 28 22 
17 47 37 10 45 24 21 16 4 23 15 26 22 30 5 50 33 1 9 29 20 34 12 19 28 8 39 18 36 44 6 38 31 11 43 35 14 2 7 27 13 32 25 41 40 48 46 42 49 3 
8 47 34 37 6 24 11 40 22 3 5 1 36 42 48 35 33 44 25 39 2 41 49 43 17 7 30 10 13 19 31 15 27 20 16 32 28 26 12 14 4 50 45 23 18 38 46 21 29 9 
44 16 17 22 33 46 4 50 3 29 39 10 48 43 11 6 12 34 45 37 20 40 28 13 36 42 26 27 15 7 25 8 18 2 9 19 47 32 24 41 1 35 23 38 21 49 5 30 14 31 
46 7 22 38 37 40 1 26 50 12 9 45 3 19 14 27 30 16 47 34 15 44 10 20 2 25 21 31 49 17 29 28 18 32 42 13 43 41 4 8 48 24 5 35 6 36 39 11 33 23 
21 26 8 3 49 13 1 14 20 48 22 11 7 16 12 19 44 45 24 32 15 27 30 9 25 2 28 31 23 38 40 39 29 41 18 46 35 47 50 6 4 43 33 42 17 36 5 37 34 10 
40 18 38 48 10 16 9 20 36 31 44 28 23 26 22 49 21 1 37 5 19 47 46 8 3 11 14 32 17 41 39 7 45 43 42 6 24 4 25 35 29 50 2 12 15 13 33 27 30 34 
32 21 2 48 46 15 39 26 10 36 42 41 14 33 7 50 47 30 35 11 45 40 1 8 34 16 12 31 17 6 24 3 18 22 38 20 44 49 27 4 13 5 29 43 37 9 23 19 25 28 
46 20 10 7 25 3 9 21 47 38 1 8 50 12 23 43 42 15 31 29 39 22 33 40 6 32 28 37 17 30 24 41 19 36 35 2 26 27 48 4 34 18 14 45 16 11 13 49 44 5 
5 35 48 47 22 18 45 27 8 36 26 4 46 43 1 34 19 40 33 24 38 37 6 3 28 49 10 12 14 16 25 44 41 29 7 11 23 15 42 21 13 2 9 17 50 39 31 32 20 30 
5 24 18 44 35 7 32 10 36 50 41 37 4 33 22 11 47 48 38 40 45 3 34 16 23 49 27 6 26 14 46 29 42 43 19 28 30 13 17 31 39 15 2 9 25 12 20 8 21 1 
29 42 46 21 22 43 20 6 15 28 38 48 5 49 24 47 37 7 1 16 26 9 34 25 14 32 2 33 4 35 30 17 40 12 45 31 36 19 44 10 39 41 50 11 3 27 13 18 23 8 
28 9 31 24 13 1 6 8 39 45 5 29 27 33 47 48 46 17 36 35 10 38 22 32 21 15 3 44 2 16 43 7 23 20 40 37 11 14 50 42 4 19 34 26 49 18 12 25 41 30 
17 11 36 32 14 35 9 13 15 3 43 47 1 45 12 49 48 26 4 24 44 46 50 33 21 5 41 2 40 34 27 22 30 20 10 25 18 31 19 8 7 37 28 23 38 42 16 29 6 39 
25 7 11 13 24 15 23 37 21 49 1 34 32 18 29 35 26 5 31 16 20 3 30 50 36 33 27 47 41 9 48 19 44 28 40 6 4 14 8 45 17 22 10 43 2 42 38 46 39 12 
21 5 37 8 34 48 10 41 32 4 9 33 50 27 22 44 40 13 47 39 30 15 35 25 28 46 12 11 38 45 49 43 1 19 36 18 31 24 26 6 20 3 14 7 16 2 42 17 29 23 
12 46 17 42 34 1 5 27 32 30 16 39 48 49 19 50 25 6 33 38 28 29 40 43 37 23 7 41 4 8 11 3 20 18 21 24 10 47 9 44 22 31 14 45 35 36 26 13 2 15 
23 32 7 6 1 20 38 17 49 50 26 18 16 5 47 46 25 40 19 48 3 27 2 22 37 13 4 34 43 30 31 10 41 42 11 45 12 44 8 29 21 28 33 35 15 36 14 24 39 9 
5 19 22 13 8 24 38 40 32 43 6 50 7 23 15 3 44 35 2 26 28 30 18 25 41 17 48 47 31 37 14 10 11 42 4 36 34 29 9 45 1 27 49 16 39 33 21 12 20 46 
34 24 35 19 13 27 37 1 29 36 26 30 22 50 12 39 40 23 21 48 31 32 25 2 43 49 45 15 9 18 41 16 5 20 11 44 42 10 3 14 28 17 8 46 47 38 6 7 4 33 
35 16 43 23 45 32 30 41 9 34 28 14 17 21 29 8 39 11 50 38 19 15 10 20 44 42 33 31 25 2 47 6 18 22 4 48 36 46 37 27 12 3 26 5 1 24 13 40 49 7 
21 12 40 16 33 46 15 9 6 25 8 22 47 5 23 31 1 35 42 48 13 29 4 11 3 20 34 14 44 37 26 43 18 41 32 7 17 30 10 24 45 49 19 50 36 39 2 27 38 28 
5 34 49 41 42 26 17 9 4 48 40 31 25 12 19 23 10 35 20 45 39 43 1 44 37 3 13 27 18 21 50 6 47 30 24 14 38 36 22 7 32 8 16 28 46 2 29 11 15 33 
47 22 36 5 31 43 12 38 16 3 44 6 14 9 17 45 37 13 33 41 23 49 28 1 19 25 35 18 29 8 34 21 4 46 32 50 7 11 2 20 42 30 26 39 40 15 10 48 24 27 
