100
40 79 81 38 58 75 28 57 27 82 20 10 83 8 26 24 15 31 63 11 78 49 52 43 21 3 9 95 14 100 60 69 32 33 23 16 34 74 66 6 70 42 64 54 65 86 85 99 17 55 80 48 71 61 89 19 2 29 59 44 5 68 47 88 76 50 96 87 91 51 72 56 37 93 73 46 53 90 62 39 30 1 67 98 25 7 84 12 77 94 13 22 92 45 36 35 18 41 97 4 
51 74 63 66 6 88 65 89 68 34 95 26 2 24 98 62 53 64 33 91 49 67 36 84 28 50 5 54 72 14 17 85 31 76 12 83 70 4 41 59 23 45 22 7 42 56 55 92 44 81 32 35 40 39 87 21 80 58 90 11 19 52 79 99 13 69 60 57 93 43 48 82 71 96 73 100 20 94 61 10 8 9 97 37 16 75 38 15 30 27 3 78 25 18 1 29 86 77 47 46 
26 94 96 48 91 25 53 93 4 27 52 69 99 77 46 76 80 100 88 55 7 19 47 3 81 90 71 87 17 50 83 12 86 66 63 21 41 40 82 20 85 75 34 32 37 24 98 18 84 70 72 57 31 5 67 43 42 68 95 59 2 8 54 97 15 28 73 29 22 11 49 61 44 78 74 13 33 39 51 38 1 14 9 79 36 56 16 89 58 65 64 92 30 10 23 60 45 6 35 62 
77 56 70 3 45 72 60 16 9 86 96 65 48 46 55 67 98 19 82 92 62 85 59 23 61 78 40 84 30 7 18 43 53 13 74 73 63 71 1 49 41 10 31 75 91 12 22 21 58 80 34 4 93 66 17 11 90 54 42 29 52 8 47 27 36 95 14 38 76 57 25 2 44 51 69 32 97 6 24 83 15 68 37 81 20 28 94 5 64 87 50 35 100 39 79 26 99 89 33 88 
59 40 30 92 55 42 72 22 61 44 78 60 77 5 82 49 15 25 63 14 10 48 43 67 4 99 58 7 33 69 50 11 91 76 100 90 64 46 80 18 16 66 93 89 32 84 47 9 56 12 73 70 86 19 3 74 57 29 83 34 26 94 13 8 85 35 38 51 23 96 87 20 71 36 2 98 27 28 1 97 75 24 39 21 95 68 37 41 6 53 54 65 31 88 17 52 62 81 79 45 
74 84 49 21 90 3 58 54 39 8 12 55 48 44 51 72 99 97 30 80 60 41 81 91 63 23 66 1 32 17 43 52 20 50 27 93 29 6 14 37 96 69 75 2 56 42 95 33 26 31 7 18 47 35 98 38 24 83 16 65 53 11 10 77 76 82 85 86 19 5 87 15 62 61 67 71 13 4 34 9 40 45 78 64 59 79 70 57 73 89 94 28 22 100 88 25 36 92 68 46 
58 26 8 13 64 59 80 82 89 92 23 4 65 49 98 97 71 19 68 6 47 30 56 15 29 78 81 43 39 75 83 52 85 90 69 35 94 84 34 57 20 37 24 42 22 66 87 95 10 1 21 33 45 70 11 93 48 96 77 55 53 36 28 74 17 60 3 86 91 72 7 76 12 100 73 5 62 54 46 32 38 9 51 99 16 44 61 40 14 41 79 25 50 18 27 63 31 67 88 2 
5 13 45 54 44 87 26 97 91 59 71 80 20 85 31 49 69 53 72 17 79 43 21 19 93 67 25 99 83 70 90 66 82 58 95 61 84 36 50 92 7 42 68 74 12 56 41 81 11 14 29 30 89 73 96 23 51 15 47 28 33 88 3 9 6 1 34 32 35 94 76 8 4 64 100 77 38 98 37 39 78 2 27 16 24 65 10 62 40 75 57 52 86 48 60 18 22 46 55 63 
78 4 80 51 60 29 42 22 7 6 39 88 71 41 47 34 92 18 98 82 68 14 76 77 52 49 72 24 38 55 66 99 58 44 96 46 15 26 69 87 65 75 40 79 28 10 50 57 35 86 53 23 67 83 3 63 91 74 84 62 11 48 8 64 17 97 95 9 16 37 19 61 27 43 94 100 54 5 31 36 59 12 20 56 1 73 81 13 90 21 2 32 70 25 30 93 33 89 45 85 
13 66 82 68 8 53 79 67 58 12 43 96 40 100 36 52 64 15 6 10 33 32 50 2 51 70 38 89 92 9 65 3 20 26 44 11 25 28 94 37 77 18 57 34 31 93 80 81 47 45 86 54 78 48 76 75 49 59 42 60 95 7 21 27 23 46 41 29 62 87 56 72 5 4 14 83 99 73 84 61 74 98 35 63 16 91 69 30 88 1 39 24 90 19 85 22 71 97 55 17 
47 10 21 44 13 81 92 22 88 39 40 36 55 86 96 35 42 28 56 58 41 48 5 57 89 84 43 29 69 7 90 61 100 59 95 15 74 4 32 31 25 79 63 94 3 1 73 87 30 54 45 34 72 53 46 16 20 8 37 99 17 66 12 11 2 68 70 83 80 24 33 14 49 91 23 60 52 19 75 6 64 76 26 98 82 9 67 18 65 78 38 97 27 51 93 62 50 85 77 71 
12 52 11 50 1 17 78 59 31 80 75 8 88 40 96 39 36 6 35 72 30 25 85 86 19 90 87 95 67 98 97 70 100 34 29 82 33 2 89 21 99 10 22 53 16 26 73 68 3 13 61 63 15 42 91 74 9 64 44 32 41 5 14 84 93 46 49 24 79 54 71 62 60 69 76 94 55 57 38 92 81 20 43 28 23 51 7 18 45 27 77 47 58 56 37 65 83 66 4 48 
1 38 100 2 21 56 20 61 60 65 11 79 13 68 71 5 70 95 50 19 41 18 49 55 89 10 85 37 44 25 7 76 51 88 78 75 17 36 53 22 72 12 81 29 84 39 14 34 47 45 26 82 80 90 87 94 30 9 57 33 46 73 86 54 23 97 40 67 83 32 4 77 24 63 74 91 35 64 3 69 15 59 28 93 8 48 58 16 42 66 52 96 99 92 31 27 62 6 43 98 
54 35 37 14 42 12 59 49 11 7 32 4 63 26 96 16 2 19 80 3 68 88 71 76 77 51 28 62 47 66 97 6 17 79 58 75 57 38 40 98 25 73 33 78 83 64 15 99 18 55 70 94 91 43 86 53 30 89 92 24 21 8 5 23 27 52 87 44 31 34 29 81 90 95 46 74 9 84 45 93 100 13 41 48 72 36 22 50 60 85 1 10 39 61 20 67 56 82 65 69 
68 63 94 70 80 69 41 8 4 16 52 37 82 84 50 49 35 19 61 1 71 54 64 74 58 25 38 42 26 47 66 14 43 15 56 44 93 89 34 2 65 39 81 46 48 11 40 78 59 17 62 18 60 51 96 79 90 73 30 57 98 21 45 5 6 32 9 95 10 91 20 72 87 100 86 3 75 23 88 55 76 36 27 22 33 92 67 99 31 53 12 29 28 13 24 97 83 77 85 7 
44 55 27 4 20 100 29 12 28 60 99 57 16 82 96 70 23 90 41 9 58 54 45 48 47 7 31 3 85 62 10 39 25 97 67 94 49 22 92 38 32 1 89 59 95 75 68 66 81 14 78 24 33 36 13 86 83 50 88 65 34 46 35 84 19 76 26 98 93 11 43 71 80 2 30 15 69 91 77 74 63 53 72 73 17 87 56 64 42 52 51 21 18 61 79 5 6 8 37 40 
87 68 57 2 45 64 35 70 53 56 22 90 40 49 28 13 29 18 67 5 93 61 3 24 80 48 51 42 100 98 8 43 11 50 39 71 30 32 62 34 33 27 97 65 9 63 20 6 73 72 10 15 23 59 81 31 94 17 25 86 46 88 85 14 16 37 1 7 95 84 54 92 79 52 66 74 36 58 83 99 21 47 82 55 69 41 76 75 19 44 89 91 60 4 12 26 77 78 96 38 
26 36 77 100 91 33 17 14 71 40 92 96 43 95 76 79 88 47 84 31 89 73 53 97 68 54 9 2 10 78 72 21 3 6 15 62 69 46 86 52 59 87 44 70 80 58 12 34 11 93 49 35 38 65 66 20 51 81 41 29 13 42 57 61 74 50 4 5 67 85 45 32 60 22 25 16 8 83 94 48 7 19 82 55 1 18 27 39 98 23 99 28 56 75 24 63 37 30 64 90 
4 65 54 51 84 20 80 79 61 13 100 24 50 48 27 36 18 52 64 57 26 94 14 19 47 87 99 38 25 15 60 10 41 96 95 89 39 72 44 6 77 17 58 69 49 23 37 34 22 86 85 45 1 97 62 11 21 73 55 81 91 71 75 83 53 66 43 92 40 29 16 70 98 88 28 3 68 9 76 63 82 33 5 12 46 67 93 78 35 7 59 30 31 42 74 2 56 32 8 90 
36 93 24 51 76 85 34 37 79 94 4 48 83 100 20 23 2 70 35 7 65 59 38 26 13 97 99 16 92 19 9 88 41 39 69 44 52 90 82 91 25 81 15 75 60 45 73 30 54 74 46 80 42 89 40 50 64 14 58 96 84 63 67 78 98 55 95 72 47 31 87 61 10 68 12 86 29 77 28 57 43 62 3 17 18 8 22 49 11 33 27 66 5 21 1 71 6 53 56 32 
74 75 19 48 99 17 94 70 12 39 88 59 68 91 100 96 38 62 98 95 3 80 53 86 6 67 82 35 60 1 55 49 81 89 65 79 47 28 58 50 90 14 42 97 41 13 29 34 56 21 83 61 78 36 10 2 25 46 76 27 69 4 52 22 93 8 30 77 92 20 11 5 57 23 73 51 63 44 33 31 40 18 85 54 66 37 71 16 72 32 26 9 15 43 45 84 7 64 87 24 
40 47 17 27 79 16 92 97 10 43 77 1 57 38 54 63 25 82 7 61 39 74 56 89 71 100 37 21 15 12 76 14 96 86 50 24 29 81 99 32 83 11 34 26 60 62 78 18 95 8 48 3 67 88 65 45 28 6 75 73 46 30 4 91 90 41 66 84 2 5 55 87 36 70 9 35 58 23 19 98 33 51 93 64 53 68 52 31 59 94 85 80 20 72 42 44 49 22 13 69 
1 95 58 72 24 23 67 42 39 83 22 10 62 79 26 14 5 28 56 91 20 61 55 80 30 93 64 86 81 40 47 70 38 63 59 60 36 31 71 85 9 96 4 18 65 44 8 7 3 6 73 98 27 66 43 88 41 94 69 97 75 37 34 53 25 54 76 12 68 82 51 74 49 52 100 29 89 92 77 17 33 19 45 57 11 87 48 78 84 35 46 15 2 16 21 50 13 90 32 99 
2 93 56 87 28 80 98 29 51 26 12 19 45 14 74 54 53 22 34 90 55 83 31 4 1 10 3 100 18 81 63 32 88 68 82 77 86 21 9 11 49 61 41 46 96 37 39 42 97 30 13 64 5 33 38 73 65 99 15 76 20 95 91 35 94 24 72 85 59 75 8 67 60 44 62 36 69 57 16 71 17 40 79 58 78 7 23 48 27 84 43 47 89 70 25 6 50 66 52 92 
5 95 76 10 23 26 94 67 3 82 31 57 1 86 71 65 12 8 49 84 24 66 68 52 44 51 55 35 80 25 87 54 83 61 46 37 73 38 60 15 59 78 13 48 91 14 28 21 16 47 34 4 20 45 39 42 97 79 56 36 27 32 40 96 74 70 6 9 41 93 43 75 85 69 7 30 88 18 98 29 62 99 2 64 90 53 89 77 17 58 50 72 81 11 22 33 63 92 19 100 
99 97 73 83 42 94 43 41 92 87 29 63 32 58 49 56 52 64 60 9 35 10 96 13 7 54 61 39 84 67 24 74 33 68 2 57 59 17 65 3 79 70 80 19 23 53 75 69 100 4 12 6 85 47 81 44 8 55 40 31 26 77 15 16 78 95 22 28 50 18 34 62 93 89 72 14 46 76 71 98 86 45 21 51 88 27 20 25 91 1 48 90 82 5 30 11 37 36 66 38 
72 76 27 93 41 16 96 52 47 58 23 70 13 3 21 68 61 36 17 67 19 57 30 6 69 66 53 45 44 89 9 49 34 10 14 24 12 20 62 84 8 82 77 64 83 51 71 7 79 95 18 46 4 88 55 2 63 92 91 33 90 87 94 60 25 22 42 97 74 65 100 32 78 50 26 80 56 73 5 75 81 28 38 48 31 11 85 43 99 35 59 40 98 37 15 1 86 54 39 29 
41 95 40 80 10 59 47 49 29 87 12 75 74 34 14 31 67 66 56 98 48 61 23 96 22 38 71 15 45 25 92 89 53 70 78 85 43 50 9 21 8 44 18 94 32 46 73 90 52 55 76 65 64 88 28 37 26 13 27 81 5 20 36 99 6 3 51 62 35 30 77 1 2 91 58 39 86 79 11 84 60 100 54 83 42 4 63 93 82 19 68 7 33 17 97 69 72 24 57 16 
85 90 10 60 80 27 81 18 39 34 20 88 14 28 75 45 2 44 11 9 33 57 67 95 19 32 100 22 51 41 70 63 98 36 82 3 48 84 94 53 99 8 78 1 65 12 29 7 92 17 47 16 64 30 72 55 74 6 56 97 76 43 54 46 25 35 62 15 59 38 83 21 58 13 5 52 91 71 89 40 61 4 68 66 24 26 37 31 73 69 23 49 79 50 93 96 86 87 77 42 
22 29 98 93 57 4 39 2 52 6 48 37 91 85 17 99 58 35 51 54 50 10 27 61 18 12 81 45 25 14 23 15 75 46 41 64 11 36 76 68 55 24 87 63 3 100 30 49 72 94 28 34 90 53 88 56 89 77 78 65 16 80 62 32 92 59 83 96 97 33 69 86 9 13 7 82 95 47 73 40 31 19 8 26 38 84 1 42 66 71 5 43 21 70 20 79 74 67 60 44 
40 93 30 25 63 13 29 11 39 8 46 4 98 61 5 23 92 3 24 85 35 49 96 74 1 88 45 15 27 76 7 80 87 97 81 59 66 54 82 64 57 18 42 6 69 22 79 67 75 77 86 21 38 47 71 91 73 95 55 52 50 58 43 10 28 68 84 83 2 70 53 56 65 51 26 36 34 72 99 37 89 48 90 33 9 14 100 32 12 17 44 94 62 19 31 16 20 78 41 60 
91 14 89 27 39 63 88 51 65 93 9 69 13 81 17 7 46 18 64 56 30 43 87 26 98 45 47 73 40 66 29 95 22 100 34 36 20 76 2 82 59 90 70 97 48 80 54 55 83 84 61 11 58 32 38 49 25 92 72 31 1 15 41 50 79 24 60 6 85 52 86 67 71 5 53 78 37 99 21 94 35 75 62 42 68 74 10 28 57 44 19 8 4 3 23 12 16 33 96 77 
82 19 42 15 59 83 24 23 87 30 70 25 58 94 20 89 81 56 5 62 29 26 99 78 77 96 55 79 76 4 92 100 63 12 7 9 2 21 14 51 22 61 1 69 91 34 43 54 33 44 48 88 39 85 40 60 64 50 71 53 35 46 18 36 47 10 75 67 84 98 95 86 16 6 65 3 52 57 68 38 97 28 80 49 13 37 72 27 11 32 45 17 8 74 73 90 31 41 93 66 
31 33 88 8 95 83 85 39 4 45 93 87 54 79 48 16 94 36 92 32 21 34 3 1 91 14 46 35 7 99 17 65 15 61 2 50 60 29 23 44 47 82 63 80 30 68 9 19 96 72 66 37 57 77 6 55 49 100 25 38 78 11 97 5 52 56 86 67 10 22 70 64 74 24 58 27 41 76 81 84 43 62 89 98 75 20 59 51 73 18 13 71 69 28 12 42 90 53 40 26 
46 43 44 12 22 66 31 78 55 83 27 16 25 19 28 3 24 59 11 8 87 65 95 94 45 41 64 38 89 51 17 74 96 47 57 73 53 88 62 72 37 2 50 30 80 40 6 81 42 36 52 68 32 15 92 20 14 100 21 67 69 9 29 97 93 5 13 56 48 49 85 18 84 75 60 79 39 99 4 77 54 71 70 10 7 58 61 1 86 34 76 90 23 63 35 82 98 33 26 91 
36 66 53 11 68 94 43 47 40 60 19 90 34 7 50 93 65 72 1 6 2 64 61 69 91 42 81 96 54 15 28 89 86 30 4 10 48 44 82 22 92 29 77 75 46 49 24 58 79 57 73 67 83 18 38 95 56 17 9 78 5 88 35 45 97 70 12 14 85 51 13 21 71 84 37 76 26 33 62 23 63 74 41 80 99 55 27 39 25 32 59 31 98 87 20 100 3 52 16 8 
70 35 54 69 53 62 36 59 76 97 83 12 19 47 1 88 10 23 34 71 16 20 4 14 86 40 13 33 61 46 85 84 58 6 80 26 98 99 78 42 66 24 39 95 90 11 72 37 60 64 82 65 63 48 9 94 7 57 25 92 18 100 27 22 28 31 51 67 87 68 79 91 21 93 29 77 52 44 3 32 2 50 15 30 45 74 17 81 89 96 8 38 41 75 43 56 55 73 49 5 
42 49 28 68 99 58 87 95 4 78 22 51 5 10 11 52 48 13 14 57 89 8 23 77 98 25 31 60 90 3 35 36 88 40 44 79 71 55 75 6 21 91 9 67 20 26 92 47 32 59 29 65 81 85 18 46 19 69 24 70 17 53 30 39 34 38 82 7 96 97 76 41 80 16 2 54 84 1 45 56 86 37 33 83 64 72 27 50 63 74 43 15 12 94 73 61 93 66 100 62 
64 50 8 4 76 98 2 38 16 81 23 78 61 85 62 83 49 73 96 17 48 100 28 14 68 92 70 34 3 18 42 94 11 37 27 77 52 1 55 67 86 33 15 66 20 13 51 6 35 21 24 56 19 12 75 71 58 72 31 69 46 63 80 74 30 99 32 60 87 29 90 88 91 95 9 40 59 22 53 54 25 84 57 89 65 5 39 45 44 43 93 36 10 82 47 41 97 26 79 7 
78 33 66 87 82 40 16 86 95 7 13 54 74 14 85 12 46 58 67 18 5 3 36 100 94 48 20 68 21 19 2 80 72 81 71 51 22 17 23 26 29 42 34 10 60 11 65 75 28 97 44 92 98 89 70 1 90 61 38 49 24 79 6 83 88 39 4 25 57 59 62 93 35 45 43 63 32 53 30 96 9 37 99 69 41 56 77 64 84 52 73 50 47 91 8 76 31 55 27 15 
91 31 3 96 30 52 2 50 4 5 63 71 39 84 66 80 24 68 97 78 7 45 93 98 76 54 70 48 34 58 67 27 21 85 29 11 82 62 99 74 65 49 69 15 95 40 6 51 20 36 16 53 88 8 86 57 41 44 46 73 42 90 19 17 72 26 64 94 1 61 28 33 9 38 55 60 79 22 14 13 18 43 37 56 23 89 92 47 75 35 32 100 81 25 83 87 77 59 12 10 
94 13 47 38 36 40 14 74 45 37 42 26 31 87 10 32 2 52 91 100 20 89 54 43 69 76 62 33 65 11 85 3 59 44 71 77 66 81 16 22 18 79 5 96 23 34 51 57 83 19 9 24 28 64 99 60 78 93 61 63 39 97 80 25 30 49 68 67 98 35 1 72 58 56 55 48 70 53 73 7 50 46 17 92 27 75 86 12 88 15 6 29 84 82 4 41 21 90 8 95 
27 71 23 95 10 78 36 62 55 34 63 48 87 25 73 11 37 44 65 77 79 45 33 94 61 8 21 19 20 59 88 100 60 5 7 40 81 52 96 57 16 92 13 49 98 18 31 41 76 84 54 26 30 6 24 70 39 35 15 42 2 85 75 9 3 83 47 90 46 1 67 50 29 68 56 4 58 53 64 91 38 17 14 66 80 43 93 69 28 51 82 74 12 89 72 86 32 97 22 99 
33 48 96 91 81 57 39 83 50 74 14 49 15 5 64 32 69 27 73 77 76 79 90 84 35 13 2 46 45 72 3 56 54 63 37 40 17 87 92 89 30 16 71 43 98 38 58 61 41 55 51 70 18 80 7 75 23 4 67 22 9 24 93 47 82 21 65 59 97 34 8 60 26 85 42 29 28 86 20 53 1 44 100 68 36 12 66 78 6 25 94 99 11 10 95 62 31 52 88 19 
45 89 11 2 70 54 38 98 60 65 20 63 51 33 69 77 83 57 64 37 24 43 40 100 19 31 95 76 27 62 18 96 15 72 16 1 13 99 81 35 97 71 23 44 56 93 55 82 3 73 12 75 53 29 49 58 4 86 47 90 84 5 39 10 48 88 21 32 87 30 22 14 74 7 78 6 50 67 46 25 94 26 34 59 79 92 9 85 61 52 8 28 66 42 91 17 68 80 36 41 
65 28 45 49 13 20 7 60 88 22 44 30 56 15 21 16 35 94 50 62 93 1 84 54 23 89 34 57 75 18 69 19 97 95 24 38 58 14 73 68 79 8 36 51 46 66 70 86 77 55 98 39 33 78 12 2 71 43 80 91 82 83 32 11 85 76 67 90 5 99 41 37 48 52 10 81 27 29 40 96 25 4 87 63 3 26 72 92 17 59 31 6 74 9 100 53 64 42 61 47 
45 58 44 21 72 43 14 16 41 38 29 60 27 36 64 5 96 84 90 69 93 88 62 95 89 70 8 20 23 34 66 59 12 98 24 30 32 74 61 9 2 82 46 81 80 65 28 49 79 78 71 51 10 52 7 75 87 15 48 57 68 54 6 26 47 19 11 42 99 73 77 92 63 37 86 39 67 33 17 85 40 13 56 97 1 18 94 100 4 83 22 53 3 55 91 25 31 35 76 50 
85 18 14 6 41 87 51 28 69 50 63 92 55 25 17 7 9 23 36 19 22 47 66 43 16 89 10 48 78 32 88 84 61 1 82 20 21 96 95 27 45 3 57 5 34 91 54 68 42 62 70 29 60 100 12 35 56 71 15 97 86 59 2 75 30 74 64 33 99 93 80 40 8 37 79 24 31 53 73 90 94 67 72 39 81 44 52 11 46 65 38 13 49 98 77 26 83 58 4 76 
33 11 44 37 35 67 72 92 22 84 65 77 50 2 86 18 95 70 31 23 36 5 40 12 61 58 8 57 74 80 99 24 46 51 60 69 87 13 91 97 21 27 90 78 41 49 6 93 56 17 89 15 42 73 76 94 62 59 47 82 71 19 14 79 63 88 29 25 98 39 43 96 7 1 26 54 20 100 53 10 28 68 64 48 66 55 4 45 38 81 34 85 9 75 83 16 32 3 30 52 
94 16 10 57 56 74 98 20 32 65 85 91 47 11 48 33 97 45 55 60 95 2 12 76 44 89 5 49 61 58 13 25 87 66 46 6 92 77 42 22 8 71 67 90 54 35 62 4 79 88 23 38 81 39 68 9 96 82 14 80 31 17 50 34 43 72 27 7 52 36 29 75 78 83 63 18 21 59 73 64 86 70 37 26 28 40 93 30 15 1 99 24 51 19 100 41 84 53 3 69 
43 45 44 59 37 51 60 94 61 100 85 14 58 56 81 36 15 30 71 86 20 97 33 7 70 2 29 27 31 17 13 72 46 53 10 62 34 4 75 41 1 90 55 82 38 21 5 32 48 50 80 99 79 35 24 89 95 52 26 77 6 92 64 65 93 22 67 83 49 39 66 73 40 74 63 11 78 9 8 3 23 54 47 42 87 98 96 68 28 18 57 69 12 88 25 84 76 19 91 16 
100 90 71 47 45 32 62 27 94 42 52 3 99 12 7 36 9 91 6 17 34 95 10 49 51 39 61 14 81 20 92 15 93 25 37 60 4 59 67 24 75 56 8 31 35 29 87 88 73 38 76 83 21 43 13 1 74 2 84 89 44 85 11 19 30 50 86 78 18 65 33 5 48 55 46 97 72 80 77 70 79 22 64 68 58 26 41 63 57 54 16 40 69 96 53 82 98 66 28 23 
34 30 35 16 36 5 52 48 49 92 12 19 74 13 28 93 67 61 99 23 79 60 10 76 88 71 41 91 98 58 70 59 50 25 33 85 31 14 18 54 62 55 78 45 51 22 26 86 95 96 87 46 7 21 84 77 53 82 64 43 80 17 47 81 100 15 65 40 9 56 72 3 37 8 20 29 4 42 44 69 73 11 1 97 24 90 39 89 75 6 2 66 94 63 68 38 32 57 83 27 
26 12 29 7 95 58 49 36 24 100 33 53 57 11 88 96 68 54 31 21 91 62 81 14 8 67 86 1 75 56 32 47 78 51 99 37 23 65 27 25 59 50 90 38 52 5 40 84 93 73 39 64 97 2 71 76 44 43 82 10 17 48 61 15 69 3 6 55 79 35 94 20 34 18 42 72 74 41 92 66 9 30 89 63 13 46 87 4 16 45 77 98 22 80 85 19 70 28 83 60 
15 79 68 82 71 13 75 57 1 33 62 36 39 26 92 7 55 100 72 52 89 53 8 29 83 38 87 88 80 14 74 84 73 19 28 95 90 12 4 85 77 43 11 35 61 70 66 34 23 64 18 63 59 42 65 5 10 48 58 20 56 44 97 91 3 22 99 78 27 51 21 67 69 16 96 25 49 9 40 81 54 30 45 76 37 6 50 31 24 46 98 94 2 47 17 93 32 41 86 60 
21 77 82 37 64 60 93 52 14 57 39 76 12 22 70 56 89 75 90 49 85 6 7 45 87 53 3 38 55 26 13 95 92 44 66 88 96 65 67 33 32 48 36 5 40 11 30 50 83 99 79 16 81 41 97 59 86 31 2 1 84 46 15 74 19 47 35 25 62 34 43 28 73 10 61 27 24 69 63 68 23 29 54 20 58 100 91 8 4 72 80 98 78 94 17 9 18 42 71 51 
79 75 5 55 84 56 95 20 89 71 90 3 14 96 74 41 87 12 32 11 94 59 70 42 17 69 19 100 4 68 31 25 73 65 81 53 8 92 83 45 50 6 28 9 66 48 40 54 88 22 57 16 77 76 98 49 47 13 39 27 30 93 52 29 62 99 33 60 46 67 23 80 10 58 43 82 21 1 18 7 2 34 37 64 44 24 72 63 85 78 38 35 26 51 36 91 61 15 97 86 
16 92 3 35 30 65 48 45 21 38 78 36 73 58 50 95 56 2 70 87 9 57 15 34 17 98 42 86 91 11 44 5 43 28 99 82 12 93 81 80 7 64 69 54 31 10 41 8 55 66 63 84 39 37 68 46 62 22 88 52 79 13 100 76 97 6 40 90 33 61 96 67 74 18 60 23 25 27 51 49 32 29 85 14 71 19 47 83 94 72 26 59 75 77 53 24 20 89 1 4 
75 21 85 28 83 64 27 52 2 87 23 59 62 12 93 69 24 42 35 78 58 49 4 32 98 20 90 94 56 6 26 33 70 46 9 63 14 10 25 67 91 53 81 37 51 77 61 30 17 48 86 5 41 65 95 47 74 1 38 96 80 79 8 54 16 84 22 7 99 44 50 55 3 29 13 66 82 36 34 57 45 19 71 72 31 18 60 92 100 89 15 11 39 88 73 40 97 68 76 43 
24 43 12 98 3 32 54 67 58 36 7 1 93 27 10 94 18 8 78 40 37 95 74 35 96 53 72 9 14 48 13 99 85 65 34 55 33 5 57 17 6 15 82 91 89 81 30 70 63 29 56 52 49 92 2 64 45 76 97 28 61 100 22 69 84 4 87 68 83 41 71 26 62 16 20 46 38 79 51 25 42 77 19 23 86 44 59 50 47 39 66 21 31 90 73 11 80 88 75 60 
66 61 81 40 26 75 15 36 46 49 67 19 43 23 59 89 90 48 93 29 63 18 57 20 99 71 74 16 22 25 88 55 54 13 68 73 84 100 97 42 5 69 41 39 96 14 12 58 60 1 50 44 33 91 3 86 17 2 7 83 77 31 8 62 95 85 6 51 34 70 80 10 94 65 98 28 64 4 9 47 11 87 21 76 92 24 37 38 72 27 53 35 45 30 79 78 52 32 56 82 
42 1 47 67 92 33 27 11 32 23 95 22 90 93 3 94 57 26 43 7 35 72 19 81 99 36 29 48 97 84 70 38 77 28 62 53 61 75 21 73 98 76 85 50 17 44 41 49 55 78 15 34 37 13 9 87 68 80 46 71 65 56 30 25 45 2 89 39 59 79 31 24 60 10 96 88 91 8 82 63 64 5 66 100 40 54 20 74 6 69 58 16 83 12 51 86 4 52 18 14 
12 74 48 84 17 71 40 83 73 59 47 69 4 35 9 50 99 66 30 29 53 56 81 92 95 2 77 60 52 49 78 98 6 97 8 100 87 86 76 63 3 28 10 33 24 39 64 90 43 15 41 61 26 62 94 36 88 25 44 96 34 80 75 21 68 54 42 23 5 55 22 14 31 18 38 57 32 45 72 27 13 20 19 70 65 67 11 93 58 37 82 16 89 79 85 1 51 91 7 46 
93 42 76 39 20 15 73 84 5 21 95 86 77 34 56 26 14 51 96 90 59 30 19 44 2 10 47 13 55 6 52 98 60 24 68 41 4 100 46 64 80 53 54 91 63 71 18 22 29 16 81 31 70 33 66 75 48 35 94 85 37 99 11 3 72 28 1 36 78 83 43 23 7 17 58 82 88 67 8 87 89 57 74 27 62 9 69 97 50 92 32 61 25 12 49 40 65 38 79 45 
20 43 63 52 46 97 24 40 88 51 1 96 76 81 100 26 25 71 32 80 45 10 90 19 34 62 12 78 49 31 18 23 42 30 27 16 98 59 48 70 61 91 85 22 67 92 33 11 13 87 99 44 93 83 69 58 79 15 94 2 29 41 60 9 37 65 89 75 74 86 14 6 39 82 53 35 21 66 68 56 95 38 3 55 50 28 84 47 72 7 8 64 54 36 73 4 57 17 77 5 
74 86 38 54 60 88 79 58 78 98 69 14 59 11 41 46 2 99 70 25 18 68 93 45 57 7 56 90 32 26 30 42 3 5 77 80 37 9 17 97 65 12 21 73 47 34 4 10 75 33 51 36 92 35 63 72 84 87 40 22 96 83 62 76 48 1 53 91 24 16 6 23 43 95 15 64 31 28 52 71 82 67 27 61 19 100 55 85 8 89 66 81 29 39 49 50 13 94 44 20 
60 13 29 14 16 89 79 94 77 98 7 86 44 53 95 84 52 100 93 57 51 45 1 74 26 90 37 56 82 40 96 65 59 5 50 87 83 67 43 24 38 22 2 25 36 62 88 35 69 3 75 76 64 48 42 66 54 49 39 91 78 28 27 61 19 97 68 92 30 10 15 73 6 63 55 4 71 23 46 81 47 99 80 33 41 70 11 31 20 85 72 17 32 21 18 34 9 12 8 58 
53 27 14 74 28 77 94 37 99 62 66 76 91 87 2 72 82 48 3 57 20 73 36 38 25 75 95 49 46 16 97 15 78 5 60 39 92 58 59 9 10 41 83 11 89 18 8 90 81 42 65 98 79 19 52 21 4 56 31 96 61 29 6 44 1 45 13 22 71 51 55 86 84 67 23 85 68 26 35 12 88 17 33 80 50 64 93 63 34 70 54 100 30 7 47 69 32 24 43 40 
45 69 93 82 10 18 8 64 21 38 99 35 9 66 52 89 31 56 58 94 61 84 13 53 44 42 80 49 97 14 39 73 62 95 68 41 88 19 32 51 47 83 40 25 76 65 12 87 70 37 71 50 63 86 92 75 79 23 54 17 34 5 33 55 43 2 81 100 7 24 90 20 46 74 15 67 11 1 6 78 3 16 59 29 85 22 72 77 36 4 98 91 30 96 57 28 48 27 60 26 
49 58 74 30 40 9 83 1 57 46 65 44 54 61 68 37 29 18 100 81 87 72 69 5 24 41 14 32 50 3 36 25 55 2 53 67 19 90 91 11 16 34 88 15 12 52 98 23 20 75 78 94 31 96 27 56 33 84 79 86 10 92 60 93 42 7 17 28 82 70 76 59 6 89 39 8 13 35 95 4 62 45 71 64 26 48 63 66 80 97 73 99 51 43 47 38 22 77 21 85 
50 49 32 67 81 42 69 46 79 91 15 10 98 21 94 24 73 35 53 100 3 75 20 61 78 12 19 65 47 8 16 89 64 7 25 18 74 38 60 26 87 70 95 59 9 83 77 71 55 4 30 1 72 36 33 57 93 51 92 5 27 58 62 40 48 2 43 80 17 76 52 29 96 44 23 66 6 39 90 97 11 99 54 68 82 41 14 63 34 88 31 28 84 86 56 13 37 22 45 85 
31 55 25 22 63 39 1 38 44 83 36 18 80 98 75 88 33 5 10 74 93 12 71 77 6 7 35 91 54 9 92 53 56 73 40 3 58 23 79 26 84 67 61 99 15 57 27 82 8 4 11 21 16 60 28 78 42 95 45 30 90 20 29 100 2 19 46 96 51 17 87 68 41 70 65 48 86 32 49 64 69 59 24 43 81 50 66 76 47 85 89 97 14 72 52 34 37 62 94 13 
46 84 5 49 96 24 54 48 97 40 21 13 87 89 82 91 73 78 2 50 93 45 35 27 6 42 90 63 23 22 100 81 83 18 66 61 29 59 30 34 43 72 67 76 53 33 20 7 17 19 28 56 32 51 98 36 57 44 74 69 80 88 58 92 8 52 37 47 85 60 62 94 4 77 70 65 86 68 41 9 39 95 25 15 75 11 99 71 16 1 64 26 3 55 31 38 14 10 12 79 
16 53 96 79 72 10 95 75 2 34 7 58 67 88 49 25 43 81 13 24 3 4 73 55 63 91 30 15 89 64 20 97 77 47 21 54 80 68 17 66 48 85 52 39 29 5 22 70 27 9 31 46 61 84 98 40 65 38 18 44 94 19 92 57 6 86 41 71 82 90 36 28 56 59 35 26 12 69 8 33 32 83 93 62 76 99 87 1 45 50 74 23 42 60 51 100 14 78 37 11 
53 1 50 89 99 26 52 71 84 88 42 47 79 36 23 98 76 17 70 2 69 24 41 31 12 65 92 72 39 77 94 91 83 20 7 32 27 86 74 5 58 60 97 15 96 64 81 40 3 73 4 93 9 45 67 6 54 51 85 55 68 29 66 75 8 16 44 80 22 46 10 57 62 90 63 87 48 11 28 78 95 35 21 33 37 56 25 59 14 19 30 43 49 34 18 100 13 61 82 38 
75 32 68 82 16 61 97 63 51 33 17 85 22 66 49 60 77 65 3 53 90 31 98 10 21 54 1 8 76 71 7 81 41 43 52 14 48 18 12 11 36 28 95 13 91 96 86 56 89 42 39 4 92 58 26 79 30 84 25 44 15 24 50 74 87 62 27 40 20 37 72 38 80 5 57 19 2 9 47 78 100 29 46 34 64 6 35 99 73 59 93 69 23 67 45 83 94 70 55 88 
26 36 95 32 29 45 86 40 17 63 44 33 83 55 98 75 50 42 5 58 72 1 28 62 67 53 25 76 34 14 38 37 56 31 52 12 47 74 11 3 87 4 68 99 90 18 8 66 20 22 21 77 24 57 41 91 70 48 73 7 61 23 30 89 69 71 54 84 10 46 94 43 93 27 49 59 9 2 65 13 60 97 92 19 80 6 39 51 100 96 79 16 64 78 81 82 85 15 88 35 
40 8 31 93 98 7 82 68 61 12 19 9 81 4 52 73 78 18 76 36 69 15 39 96 60 28 37 99 63 30 59 86 1 77 38 32 25 23 56 20 91 33 72 10 24 45 55 95 41 42 54 29 26 47 14 84 62 5 27 66 50 44 70 80 57 16 58 51 92 65 74 97 13 88 11 89 71 53 90 85 46 35 87 34 75 48 21 6 83 67 43 64 79 3 17 94 100 2 49 22 
39 60 84 28 13 80 53 44 66 58 40 89 48 91 82 46 64 6 47 23 67 32 16 25 7 5 87 97 21 79 94 18 45 29 74 76 49 90 42 15 71 93 22 14 19 73 65 43 34 83 30 81 35 99 63 54 95 11 62 20 8 86 36 4 31 69 92 98 24 38 75 2 1 12 55 57 33 88 56 68 9 41 37 27 72 50 3 85 96 61 52 78 59 100 17 70 26 77 10 51 
46 40 97 48 7 66 79 94 54 51 84 88 82 26 93 64 38 95 3 4 8 37 59 31 61 22 60 6 53 1 69 87 49 29 62 80 36 76 70 47 89 100 24 13 81 65 90 86 42 55 71 12 92 11 73 20 91 75 77 98 15 21 56 28 16 99 96 9 19 30 68 74 44 27 43 39 85 25 32 41 33 67 17 52 83 57 34 10 45 72 2 50 78 18 58 14 35 5 63 23 
80 86 52 60 28 17 4 53 36 32 65 23 91 96 63 57 59 94 69 40 33 58 55 84 2 29 1 78 74 25 67 72 95 11 87 54 100 97 61 41 44 93 38 79 7 5 14 89 85 30 50 82 27 62 26 47 98 43 88 76 6 81 35 73 13 66 12 71 90 99 75 51 15 8 19 10 20 56 49 92 24 3 83 70 31 45 42 9 22 34 68 21 39 37 16 18 48 64 46 77 
58 86 80 94 93 43 15 100 47 73 39 96 74 60 5 33 31 57 4 3 68 42 78 23 46 12 91 27 21 28 1 8 88 52 16 79 65 83 10 17 56 81 2 7 50 97 29 38 25 11 45 62 19 9 95 90 70 41 6 24 22 66 26 98 82 72 84 32 54 44 40 69 77 37 71 59 75 63 53 51 49 55 92 67 61 99 87 64 34 18 14 48 35 30 76 13 85 89 20 36 
72 60 31 54 67 91 87 63 62 4 85 79 93 3 33 75 12 53 21 35 28 89 90 43 70 9 58 100 55 6 16 94 49 8 86 66 24 45 32 84 13 22 59 64 41 57 26 5 97 92 56 46 44 78 77 2 36 76 52 38 74 18 25 23 29 39 1 50 37 99 71 80 68 30 47 73 42 82 11 48 17 88 20 40 98 96 95 7 65 34 69 14 61 83 10 81 27 51 19 15 
88 37 12 25 86 91 8 16 21 38 66 95 100 70 68 77 85 23 1 10 80 82 2 43 22 55 60 11 90 76 94 92 81 5 26 15 72 64 49 9 31 84 40 99 35 47 63 29 48 28 4 3 69 62 18 93 6 74 42 98 24 44 41 36 87 39 13 14 78 19 56 97 58 89 50 51 30 67 75 73 53 83 54 57 65 61 96 34 46 45 79 33 52 7 20 71 17 27 32 59 
71 75 41 85 1 9 58 82 84 90 31 29 56 59 80 67 50 21 8 18 27 76 53 38 5 14 73 93 60 94 63 69 25 74 40 34 64 89 33 86 68 45 20 43 28 6 77 51 36 97 35 96 65 22 47 46 24 61 10 98 91 48 32 100 95 92 52 44 3 2 17 66 39 81 70 37 19 15 42 12 83 16 23 13 55 7 57 87 26 78 88 99 11 54 62 49 79 4 30 72 
45 92 4 100 41 78 93 89 34 75 9 63 50 35 74 58 59 38 16 46 17 49 65 61 72 91 19 66 40 67 44 52 36 23 26 82 60 64 98 12 28 8 53 55 88 32 70 85 95 69 94 83 29 22 30 11 18 33 51 97 2 48 71 37 3 42 56 31 7 1 57 47 99 79 87 90 5 24 10 27 13 76 77 54 96 15 14 73 43 80 68 6 86 21 20 81 39 25 62 84 
69 36 100 49 86 65 73 32 30 44 38 78 47 56 53 85 6 26 70 87 96 63 43 7 39 98 93 59 20 92 80 45 33 79 94 18 99 41 9 28 55 91 81 40 66 3 50 16 2 12 57 5 1 46 22 83 60 74 48 61 88 95 76 82 42 27 4 51 11 17 14 68 31 58 84 72 35 77 21 71 54 75 97 13 19 34 15 23 90 8 89 10 29 37 67 25 64 24 62 52 
26 79 75 66 17 9 34 87 24 49 92 27 46 44 36 31 51 70 98 45 99 91 61 54 19 7 94 32 63 62 97 11 12 48 100 42 60 57 22 77 85 16 71 52 64 35 59 29 89 33 20 74 1 96 30 37 50 53 10 2 18 39 86 25 23 95 6 68 55 13 8 58 28 3 69 83 90 65 38 73 40 67 47 4 80 78 15 82 21 5 41 56 76 84 43 81 72 93 14 88 
25 69 38 29 4 58 90 26 11 60 66 48 56 6 74 14 80 43 49 67 12 81 92 30 62 40 99 96 51 1 55 59 24 27 70 31 95 93 17 53 5 8 75 23 35 86 16 45 52 13 54 61 97 82 15 88 18 34 72 36 98 37 89 21 78 87 71 65 94 33 22 2 57 68 83 73 84 41 47 63 20 76 77 79 100 19 64 32 39 50 9 7 42 85 28 44 46 10 91 3 
51 77 45 73 24 49 55 21 16 8 30 1 60 20 64 18 10 96 90 43 97 74 65 58 11 5 36 91 68 54 78 29 22 98 83 37 31 32 33 46 63 92 56 61 26 99 41 38 71 94 7 17 88 95 44 15 6 14 66 62 3 59 85 75 27 35 84 4 87 47 79 89 23 52 93 39 69 86 42 9 53 57 72 82 70 34 67 12 81 48 28 2 19 13 50 40 100 76 80 25 
13 81 90 6 29 65 32 50 80 23 5 39 94 17 59 36 69 27 91 63 89 8 1 60 40 21 98 92 85 28 4 51 46 52 82 31 22 73 55 56 25 3 100 33 41 53 58 64 30 57 87 37 48 75 43 9 70 67 93 84 15 19 49 66 34 83 10 71 11 86 77 38 26 96 95 72 54 20 16 42 88 44 68 97 35 61 78 12 2 99 24 62 76 7 14 45 18 47 79 74 
56 23 89 58 44 85 36 51 80 82 59 86 9 94 57 12 21 67 95 46 83 72 49 3 33 39 5 8 30 60 73 29 96 66 98 15 14 34 10 76 20 2 93 48 55 38 63 35 70 50 25 91 47 74 27 69 45 78 52 26 88 42 65 53 79 81 99 17 77 62 16 68 31 41 22 13 43 7 1 84 87 18 92 90 54 71 97 24 11 19 61 32 6 4 75 37 64 100 40 28 
100 44 94 56 13 35 5 27 33 71 8 12 46 93 68 66 83 1 45 52 80 42 73 21 57 22 67 9 40 75 17 84 86 15 55 79 14 81 82 16 31 76 63 30 36 10 23 96 6 26 87 32 47 41 28 3 54 85 59 24 99 58 37 51 64 7 18 92 20 97 48 91 77 39 2 62 72 25 29 50 98 90 89 95 69 49 78 11 34 60 43 4 65 38 61 74 70 19 88 53 
89 86 3 8 93 40 95 38 85 51 4 88 44 16 63 27 15 92 49 42 61 72 1 25 30 36 9 56 73 37 20 75 12 17 39 2 69 41 55 29 79 23 43 13 7 67 64 34 28 18 78 87 76 6 94 48 70 32 52 59 53 82 91 24 98 60 62 58 83 35 71 57 5 11 19 80 33 22 45 66 97 65 81 90 74 31 96 21 77 99 14 68 47 100 54 46 50 26 84 10 
14 28 96 65 99 87 55 48 94 7 33 78 81 92 61 58 73 32 98 91 44 24 53 25 16 41 3 20 8 34 4 19 13 68 80 49 46 67 93 66 22 23 1 70 42 75 69 82 9 54 71 95 43 11 76 60 45 36 86 59 37 26 63 51 6 77 5 15 2 27 79 57 90 12 52 88 50 30 47 18 31 89 29 97 39 100 74 17 83 35 62 10 85 64 84 72 40 38 21 56 
19 81 100 5 60 97 76 7 99 48 21 95 33 62 24 46 36 6 55 52 91 13 58 2 77 10 8 29 89 64 79 53 14 20 23 17 78 34 9 11 90 80 85 66 74 93 57 50 65 67 51 59 71 42 49 70 56 45 63 35 84 1 31 82 96 12 87 30 94 16 41 54 47 61 40 43 69 72 44 68 39 37 92 26 88 73 25 38 3 75 98 15 4 27 28 86 18 32 22 83 
7 2 97 56 12 44 50 64 24 18 66 3 27 25 78 87 79 76 5 52 6 20 92 84 15 19 4 67 74 91 70 36 65 1 40 88 93 43 99 98 53 21 63 33 45 80 61 96 77 86 28 81 95 100 82 47 69 62 37 42 57 55 60 51 41 54 71 26 32 58 90 35 16 85 94 48 30 34 39 59 11 9 8 14 72 23 38 31 49 68 22 46 83 13 10 75 73 89 17 29 
40 52 94 84 16 82 87 24 85 39 76 99 53 74 45 88 46 19 57 55 18 90 54 80 47 63 50 92 83 49 86 5 26 97 10 11 70 91 51 96 6 75 65 28 2 12 33 1 29 71 37 21 3 20 60 56 7 25 27 43 59 69 79 31 100 81 78 4 58 77 61 67 17 35 42 89 38 98 95 34 48 30 93 62 13 23 36 44 14 8 66 73 64 9 68 72 22 41 32 15 
97 22 2 28 7 88 68 29 89 83 37 93 72 49 50 30 56 24 64 90 42 65 76 17 1 85 51 8 11 3 100 78 86 9 58 16 48 54 59 91 81 31 67 74 10 33 36 92 15 69 34 18 70 4 84 6 12 77 99 5 94 21 82 95 39 73 98 57 38 40 63 53 13 26 71 47 20 96 45 14 46 61 87 41 62 43 27 19 79 52 55 66 23 25 60 35 75 44 80 32 
40 95 90 81 52 67 73 37 99 87 97 28 9 13 35 75 68 74 57 24 85 100 45 33 70 82 12 4 38 63 10 61 89 51 16 80 18 11 83 26 72 7 29 56 92 98 25 50 23 5 22 2 15 8 31 79 48 32 94 88 77 46 71 14 91 41 84 53 65 1 43 69 30 86 21 42 76 6 19 78 62 36 39 93 17 59 64 27 60 20 54 34 3 55 66 44 49 47 58 96 
