21
36
37
34
39
40
43
43
19
44
21
30
26
40
30
44
43
22
17
36
19
39
26
40
25
45
41
21
6
19
43
42
12
9
41
39
6
40
34
40
36
40
42
43
44
44
40
9
26
14
26
26
37
17
43
43
30
33
28
33
27
33
17
26
23
38
38
40
17
8
36
21
31
21
43
1
43
39
8
17
43
38
40
36
42
39
32
40
42
40
33
38
33
41
37
30
40
38
33
41
32
32
42
42
26
40
34
38
29
33
17
44
36
43
43
11
25
26
24
35
36
29
45
26
32
26
43
33
36
44
20
8
37
41
3
43
16
34
26
40
21
26
45
44
40
17
42
31
29
35
27
38
24
25
33
37
44
44
43
33
30
7
39
31
41
39
36
16
6
17
25
44
41
43
21
38
32
44
33
33
39
39
45
25
21
29
42
12
31
31
44
42
36
25
1
32
8
12
13
34
32
21
8
41
29
42
44
31
43
36
20
40
41
34
44
13
33
24
42
11
24
23
31
40
39
27
44
11
32
32
32
21
44
39
39
24
36
38
26
29
44
27
12
44
39
32
37
42
42
43
26
32
32
25
36
39
35
24
32
32
34
38
19
43
45
32
38
37
43
12
39
41
42
3
38
30
33
8
44
32
25
12
41
32
16
30
43
28
42
26
25
32
39
44
41
38
32
43
23
37
43
38
42
31
33
19
25
41
31
38
32
41
36
28
35
20
38
21
37
36
41
42
40
7
38
37
26
31
43
31
36
43
24
41
43
28
36
13
44
40
27
25
37
9
21
23
43
40
38
36
32
41
2
36
38
26
36
32
20
35
26
32
33
18
30
25
32
29
43
23
30
30
32
20
44
14
32
18
25
33
34
43
39
33
29
12
44
36
38
20
25
39
33
33
4
34
19
25
41
43
40
32
37
31
28
34
42
1
32
6
25
35
24
43
12
26
44
33
4
30
31
33
10
39
45
26
20
41
43
31
34
31
36
33
43
43
43
11
44
44
17
24
23
44
22
40
20
17
42
32
38
29
37
36
40
25
39
40
24
43
33
25
43
11
36
34
42
38
38
39
34
17
32
9
12
7
5
43
29
41
34
8
24
32
29
41
33
27
36
26
27
37
44
11
36
37
42
33
34
37
26
34
29
37
25
31
24
7
20
35
32
19
29
12
41
38
26
39
43
16
26
36
26
37
16
21
43
29
39
11
31
38
26
39
25
20
21
36
31
38
33
7
25
39
23
42
43
44
24
33
16
30
38
36
42
34
31
13
44
19
32
19
23
26
17
34
43
33
36
30
38
37
39
34
40
41
44
24
39
40
13
28
30
38
32
43
24
38
36
42
29
35
41
43
31
42
36
41
13
44
4
40
24
12
41
26
13
23
31
33
33
28
32
36
43
39
44
16
39
38
32
43
37
40
36
19
33
31
38
19
25
29
30
36
12
43
27
36
14
12
27
38
21
44
44
15
40
36
44
38
30
25
13
40
29
32
37
32
38
19
32
32
13
26
33
39
41
42
23
27
44
29
43
32
25
23
11
28
29
36
17
44
26
33
29
44
37
36
39
11
32
40
18
36
29
40
14
29
41
38
44
39
43
27
36
17
31
25
42
42
35
28
34
26
13
31
33
25
38
31
31
44
34
19
33
29
37
27
5
25
38
32
44
44
28
29
44
13
20
42
38
40
26
36
32
43
13
42
16
24
17
13
21
40
33
26
33
36
12
44
17
42
43
38
31
44
6
43
24
36
41
29
17
42
36
33
39
38
25
21
38
29
41
13
43
40
30
33
41
39
38
36
31
9
43
42
8
33
7
31
39
25
38
36
38
40
42
12
41
21
26
12
44
42
38
19
22
36
39
21
38
38
43
9
40
44
41
17
44
33
32
43
23
37
21
38
33
26
17
34
32
32
36
16
44
29
26
8
42
44
33
38
20
43
35
26
41
9
12
21
43
23
26
39
16
39
39
14
40
28
21
20
39
25
32
44
31
38
25
26
25
27
33
29
16
26
32
28
43
21
30
40
32
22
17
4
42
34
39
34
26
36
27
44
36
32
27
43
33
37
16
43
42
13
32
43
7
43
26
11
7
26
12
30
32
18
25
27
40
32
21
21
23
32
44
17
28
38
29
32
14
37
15
27
41
30
40
26
21
38
43
36
43
37
16
42
30
22
42
42
21
42
34
25
41
4
32
26
12
40
39
32
26
44
23
42
14
21
41
16
42
29
16
25
29
43
41
21
41
39
33
42
8
28
30
14
31
41
24
6
