32
63
55
22
58
43
66
53
12
15
40
33
55
55
15
68
64
59
54
29
31
36
69
45
41
68
68
69
16
47
14
33
49
50
26
57
41
44
14
65
69
60
64
25
55
36
62
30
69
49
57
40
32
53
41
63
44
59
60
46
41
24
47
64
64
30
15
69
42
63
43
57
35
35
7
40
7
29
13
44
44
69
31
53
30
62
46
59
44
13
34
31
30
46
45
46
43
61
15
31
53
56
34
24
4
61
61
10
69
65
30
61
32
34
36
29
42
42
65
63
47
62
35
59
64
14
31
57
50
43
44
20
55
48
69
67
64
59
64
55
43
37
53
43
21
43
47
42
65
31
42
11
53
53
68
29
30
63
45
65
69
64
65
64
45
61
28
14
57
61
69
62
68
43
46
38
24
64
65
48
65
68
65
69
51
13
62
55
16
43
27
29
32
66
33
45
18
23
64
15
60
34
57
64
68
13
56
55
62
38
23
34
44
42
58
28
13
38
6
27
62
43
47
24
52
59
48
47
18
57
34
64
22
32
64
34
62
45
67
55
62
60
45
42
37
69
31
69
68
65
44
56
63
11
55
68
32
65
58
43
68
60
29
57
55
65
53
13
43
42
15
42
27
45
37
53
20
41
34
34
48
53
20
51
55
33
50
63
24
63
11
55
42
53
62
22
61
48
43
62
41
33
68
34
62
46
50
43
38
37
38
61
24
16
43
63
45
61
67
33
7
46
56
55
67
68
63
27
44
40
62
65
10
59
69
48
64
41
34
33
62
47
57
47
43
43
68
43
64
57
68
33
69
52
44
26
40
26
56
30
44
43
64
64
44
43
59
54
13
69
59
47
34
60
62
65
60
43
46
45
64
64
34
16
25
20
45
14
43
65
59
38
36
62
67
34
38
14
29
62
62
52
10
47
64
47
47
59
44
36
57
38
64
44
43
16
45
40
41
57
49
21
66
37
17
62
18
63
61
59
59
61
44
64
63
60
59
69
69
54
40
43
42
68
53
54
31
55
10
46
32
45
32
41
50
34
52
46
19
32
44
42
48
68
67
48
34
39
62
51
29
46
60
64
69
59
58
67
57
44
65
69
40
63
35
65
38
52
42
59
48
32
52
31
63
68
69
59
65
68
1
46
64
53
46
2
50
42
60
34
52
49
57
24
64
13
48
59
64
33
52
56
68
45
42
64
63
69
55
62
11
65
68
35
45
65
46
68
35
33
59
64
62
44
68
14
27
34
58
32
52
22
67
55
68
52
58
68
62
46
44
38
30
57
27
44
53
14
54
64
46
38
68
68
29
54
65
27
51
58
43
53
62
68
34
64
41
43
53
41
57
55
35
56
13
46
65
55
69
68
32
68
30
64
24
38
24
30
7
44
29
28
43
50
60
44
50
43
59
59
53
31
40
20
49
48
69
45
47
69
49
42
34
34
28
38
55
64
49
44
32
69
64
64
47
8
35
57
4
44
41
61
68
55
50
53
46
64
35
62
62
40
40
54
65
48
60
45
68
40
69
68
52
43
67
59
34
47
23
56
44
61
68
60
61
43
22
68
58
55
64
65
49
52
62
41
49
17
48
29
63
63
46
67
69
44
48
43
44
34
63
58
67
24
58
45
64
53
58
50
46
69
56
40
18
69
34
34
45
64
46
31
52
46
53
42
69
47
17
51
59
63
35
64
25
59
67
43
66
44
53
7
49
68
34
18
29
30
65
43
64
65
53
41
62
42
33
64
69
68
44
49
49
44
65
57
44
64
43
15
65
58
51
68
64
64
55
43
57
13
64
45
69
47
65
46
34
32
38
33
59
32
32
20
23
44
30
63
32
42
40
13
33
38
55
62
64
43
64
59
59
43
62
41
39
50
55
33
47
45
45
42
47
55
67
65
46
68
35
46
67
30
55
13
68
60
69
62
69
25
48
55
38
16
46
13
57
44
10
69
48
27
59
45
64
59
69
14
30
66
68
60
55
62
62
42
63
57
65
68
63
44
29
59
52
64
33
26
47
29
32
62
35
55
53
26
68
32
64
69
41
32
34
53
64
29
67
46
65
68
53
46
29
63
65
43
9
64
55
28
63
32
43
61
40
60
33
61
63
59
44
64
10
64
65
42
46
63
46
68
13
63
34
29
69
32
43
64
27
40
55
9
61
49
29
62
69
43
50
64
13
64
54
44
55
49
55
27
43
34
59
45
34
46
61
64
24
30
54
68
64
61
43
44
24
26
67
48
51
63
44
69
65
29
47
16
33
63
45
67
3
24
53
50
15
61
53
47
43
30
26
27
24
31
44
60
30
32
65
45
67
58
56
46
30
35
46
20
55
64
52
44
63
61
56
42
62
59
60
66
30
38
46
37
29
49
26
64
69
47
40
26
28
46
63
53
46
57
64
38
22
46
47
22
44
69
44
61
68
29
51
68
48
68
22
44
34
34
55
62
55
69
24
16
52
41
36
44
52
47
61
55
64
31
50
43
34
29
36
64
40
52
26
69
59
68
8
59
34
31
47
44
65
26
13
33
41
69
46
66
68
53
31
33
27
59
46
65
55
45
42
43
62
56
46
5
22
14
67
31
40
63
62
55
63
69
55
43
57
22
57
44
41
44
47
57
43
32
61
60
30
68
52
30
30
28
67
64
55
48
56
59
42
60
32
62
34
33
61
48
64
59
43
53
68
46
42
18
26
22
50
45
33
7
59
59
62
33
43
67
66
61
14
46
64
46
55
69
31
63
15
69
29
48
44
63
54
34
52
38
52
37
26
43
65
57
40
4
33
61
60
59
61
59
48
61
57
53
17
44
24
68
65
24
63
11
57
68
49
28
44
58
50
58
51
53
52
42
68
35
20
46
53
42
68
20
64
33
46
45
63
53
44
14
29
67
53
46
47
29
25
45
18
11
35
27
45
63
69
42
14
55
64
54
55
17
40
41
69
26
69
68
62
64
31
63
29
56
66
55
67
24
46
44
64
2
64
53
35
40
43
59
34
17
33
64
46
38
43
67
62
47
42
53
51
35
55
62
41
37
53
46
69
63
60
63
46
67
59
68
50
34
56
57
30
42
44
67
34
34
69
35
49
44
68
54
68
68
24
44
65
20
67
66
52
64
52
64
61
29
33
31
46
58
49
16
53
19
59
45
17
65
59
33
43
33
7
19
33
64
30
56
41
27
54
64
57
33
49
42
43
68
55
46
49
65
49
3
23
44
68
47
41
63
16
7
58
24
26
44
34
6
24
53
69
34
41
55
35
31
16
53
39
66
39
47
69
67
50
11
32
16
64
25
63
67
9
56
65
61
40
62
38
65
20
50
26
64
49
30
59
44
57
65
60
50
26
53
35
32
69
54
31
61
69
42
63
57
22
45
11
7
16
64
12
50
42
42
33
64
68
30
33
59
63
64
64
43
32
48
69
44
56
13
22
38
37
26
64
53
23
42
45
68
64
40
69
69
69
60
65
57
31
44
44
40
62
20
64
43
66
44
44
13
49
37
62
68
68
44
46
54
46
35
6
62
54
35
38
44
68
51
46
63
55
24
43
46
47
51
68
32
59
52
64
64
62
66
26
35
56
43
47
67
35
41
65
55
44
42
64
27
64
44
24
59
68
68
24
41
28
35
65
44
42
32
44
61
35
47
63
30
29
53
28
51
53
20
68
42
47
56
42
46
61
66
59
36
49
1
64
45
45
25
19
47
31
69
60
31
35
33
68
65
55
29
68
26
47
41
20
60
64
42
53
43
40
43
44
39
67
13
13
11
68
32
66
31
43
69
69
40
66
69
55
9
62
54
64
65
58
65
66
20
27
41
59
53
27
43
30
64
46
43
52
53
46
63
46
52
65
44
52
61
67
29
58
65
20
63
51
41
42
45
30
46
69
51
49
64
68
51
68
55
44
61
53
24
60
31
31
60
31
64
38
42
64
45
65
47
60
29
43
62
16
68
48
13
28
53
30
57
29
67
53
18
43
58
43
45
44
63
4
62
40
62
39
24
68
46
64
30
42
64
32
52
22
33
35
13
36
61
42
57
46
44
34
63
19
62
13
47
56
65
36
33
34
49
32
64
35
27
63
64
65
64
32
46
42
69
44
38
62
31
68
51
47
68
55
64
55
58
47
53
61
56
34
55
55
50
46
46
35
45
34
35
63
69
49
55
52
27
53
42
30
67
44
44
62
30
35
65
53
48
69
24
44
59
68
46
61
51
68
68
12
53
46
53
29
34
60
13
44
49
44
59
65
64
41
67
42
10
41
22
59
38
53
68
49
51
51
24
27
34
55
63
32
46
41
43
44
44
34
10
7
62
45
47
20
64
65
63
59
22
61
36
34
57
63
42
65
43
42
64
47
47
46
44
53
49
64
22
16
63
67
69
46
45
63
14
32
29
33
64
33
46
48
40
13
43
19
50
61
52
50
42
41
62
62
53
65
44
26
34
68
64
62
35
33
14
33
36
53
56
46
61
55
23
34
2
37
69
46
56
30
45
47
46
25
30
16
68
32
65
4
64
65
27
42
44
